Institute,Academic Program Name,Quota,Seat Type,Gender,Opening Rank,Closing Rank
Indian Institute of Technology Bhubaneswar,"Civil Engineering (4 Years, Bachelor of Technology)",AI,OPEN,Gender-Neutral,9106,13317
Indian Institute of Technology Bhubaneswar,"Civil Engineering (4 Years, Bachelor of Technology)",AI,OPEN,Female-only (including Supernumerary),18286,21121
Indian Institute of Technology Bhubaneswar,"Civil Engineering (4 Years, Bachelor of Technology)",AI,EWS,Gender-Neutral,1848,2105
Indian Institute of Technology Bhubaneswar,"Civil Engineering (4 Years, Bachelor of Technology)",AI,EWS,Female-only (including Supernumerary),3122,3815
Indian Institute of Technology Bhubaneswar,"Civil Engineering (4 Years, Bachelor of Technology)",AI,OBC-NCL,Gender-Neutral,3573,5138
Indian Institute of Technology Bhubaneswar,"Civil Engineering (4 Years, Bachelor of Technology)",AI,OBC-NCL,Female-only (including Supernumerary),7450,8530
Indian Institute of Technology Bhubaneswar,"Civil Engineering (4 Years, Bachelor of Technology)",AI,SC,Gender-Neutral,2128,2562
Indian Institute of Technology Bhubaneswar,"Civil Engineering (4 Years, Bachelor of Technology)",AI,SC,Female-only (including Supernumerary),4031,4293
Indian Institute of Technology Bhubaneswar,"Civil Engineering (4 Years, Bachelor of Technology)",AI,ST,Gender-Neutral,753,977
Indian Institute of Technology Bhubaneswar,"Civil Engineering (4 Years, Bachelor of Technology)",AI,ST,Female-only (including Supernumerary),1718,1750
Indian Institute of Technology Bhubaneswar,"Computer Science and Engineering (4 Years, Bachelor of Technology)",AI,OPEN,Gender-Neutral,2389,3454
Indian Institute of Technology Bhubaneswar,"Computer Science and Engineering (4 Years, Bachelor of Technology)",AI,OPEN,Female-only (including Supernumerary),4833,7457
Indian Institute of Technology Bhubaneswar,"Computer Science and Engineering (4 Years, Bachelor of Technology)",AI,OPEN (PwD),Female-only (including Supernumerary),197,197
Indian Institute of Technology Bhubaneswar,"Computer Science and Engineering (4 Years, Bachelor of Technology)",AI,EWS,Gender-Neutral,361,415
Indian Institute of Technology Bhubaneswar,"Computer Science and Engineering (4 Years, Bachelor of Technology)",AI,EWS,Female-only (including Supernumerary),1025,1025
Indian Institute of Technology Bhubaneswar,"Computer Science and Engineering (4 Years, Bachelor of Technology)",AI,OBC-NCL,Gender-Neutral,750,1225
Indian Institute of Technology Bhubaneswar,"Computer Science and Engineering (4 Years, Bachelor of Technology)",AI,OBC-NCL,Female-only (including Supernumerary),2107,2661
Indian Institute of Technology Bhubaneswar,"Computer Science and Engineering (4 Years, Bachelor of Technology)",AI,OBC-NCL (PwD),Gender-Neutral,31,31
Indian Institute of Technology Bhubaneswar,"Computer Science and Engineering (4 Years, Bachelor of Technology)",AI,SC,Gender-Neutral,382,596
Indian Institute of Technology Bhubaneswar,"Computer Science and Engineering (4 Years, Bachelor of Technology)",AI,SC,Female-only (including Supernumerary),1279,1313
Indian Institute of Technology Bhubaneswar,"Computer Science and Engineering (4 Years, Bachelor of Technology)",AI,SC (PwD),Gender-Neutral,30P,30P
Indian Institute of Technology Bhubaneswar,"Computer Science and Engineering (4 Years, Bachelor of Technology)",AI,ST,Gender-Neutral,241,356
Indian Institute of Technology Bhubaneswar,"Computer Science and Engineering (4 Years, Bachelor of Technology)",AI,ST,Female-only (including Supernumerary),546,649
Indian Institute of Technology Bhubaneswar,"Electrical Engineering (4 Years, Bachelor of Technology)",AI,OPEN,Gender-Neutral,5155,6685
Indian Institute of Technology Bhubaneswar,"Electrical Engineering (4 Years, Bachelor of Technology)",AI,OPEN,Female-only (including Supernumerary),12140,14183
Indian Institute of Technology Bhubaneswar,"Electrical Engineering (4 Years, Bachelor of Technology)",AI,OPEN (PwD),Gender-Neutral,262P,262P
Indian Institute of Technology Bhubaneswar,"Electrical Engineering (4 Years, Bachelor of Technology)",AI,EWS,Gender-Neutral,1003,1151
Indian Institute of Technology Bhubaneswar,"Electrical Engineering (4 Years, Bachelor of Technology)",AI,EWS,Female-only (including Supernumerary),2194,2249
Indian Institute of Technology Bhubaneswar,"Electrical Engineering (4 Years, Bachelor of Technology)",AI,OBC-NCL,Gender-Neutral,2167,2868
Indian Institute of Technology Bhubaneswar,"Electrical Engineering (4 Years, Bachelor of Technology)",AI,OBC-NCL,Female-only (including Supernumerary),4170,6491
Indian Institute of Technology Bhubaneswar,"Electrical Engineering (4 Years, Bachelor of Technology)",AI,SC,Gender-Neutral,1105,1674
Indian Institute of Technology Bhubaneswar,"Electrical Engineering (4 Years, Bachelor of Technology)",AI,SC,Female-only (including Supernumerary),2081,2081
Indian Institute of Technology Bhubaneswar,"Electrical Engineering (4 Years, Bachelor of Technology)",AI,ST,Gender-Neutral,667,792
Indian Institute of Technology Bhubaneswar,"Electrical Engineering (4 Years, Bachelor of Technology)",AI,ST,Female-only (including Supernumerary),1179,1179
Indian Institute of Technology Bhubaneswar,"Electronics and Communication Engineering (4 Years, Bachelor of Technology)",AI,OPEN,Gender-Neutral,3711,5025
Indian Institute of Technology Bhubaneswar,"Electronics and Communication Engineering (4 Years, Bachelor of Technology)",AI,OPEN,Female-only (including Supernumerary),8187,10376
Indian Institute of Technology Bhubaneswar,"Electronics and Communication Engineering (4 Years, Bachelor of Technology)",AI,OPEN (PwD),Gender-Neutral,59,59
Indian Institute of Technology Bhubaneswar,"Electronics and Communication Engineering (4 Years, Bachelor of Technology)",AI,EWS,Gender-Neutral,601,738
Indian Institute of Technology Bhubaneswar,"Electronics and Communication Engineering (4 Years, Bachelor of Technology)",AI,EWS,Female-only (including Supernumerary),1431,1431
Indian Institute of Technology Bhubaneswar,"Electronics and Communication Engineering (4 Years, Bachelor of Technology)",AI,OBC-NCL,Gender-Neutral,1000,1990
Indian Institute of Technology Bhubaneswar,"Electronics and Communication Engineering (4 Years, Bachelor of Technology)",AI,OBC-NCL,Female-only (including Supernumerary),3327,3729
Indian Institute of Technology Bhubaneswar,"Electronics and Communication Engineering (4 Years, Bachelor of Technology)",AI,SC,Gender-Neutral,914,1239
Indian Institute of Technology Bhubaneswar,"Electronics and Communication Engineering (4 Years, Bachelor of Technology)",AI,SC,Female-only (including Supernumerary),1773,1915
Indian Institute of Technology Bhubaneswar,"Electronics and Communication Engineering (4 Years, Bachelor of Technology)",AI,ST,Gender-Neutral,384,538
Indian Institute of Technology Bhubaneswar,"Electronics and Communication Engineering (4 Years, Bachelor of Technology)",AI,ST,Female-only (including Supernumerary),910,910
Indian Institute of Technology Bhubaneswar,"Engineering Physics (4 Years, Bachelor of Technology)",AI,OPEN,Gender-Neutral,9773,10179
Indian Institute of Technology Bhubaneswar,"Engineering Physics (4 Years, Bachelor of Technology)",AI,OPEN,Female-only (including Supernumerary),17730,17730
Indian Institute of Technology Bhubaneswar,"Engineering Physics (4 Years, Bachelor of Technology)",AI,EWS,Gender-Neutral,1497,1755
Indian Institute of Technology Bhubaneswar,"Engineering Physics (4 Years, Bachelor of Technology)",AI,OBC-NCL,Gender-Neutral,3136,4378
Indian Institute of Technology Bhubaneswar,"Engineering Physics (4 Years, Bachelor of Technology)",AI,OBC-NCL,Female-only (including Supernumerary),8720,9267
Indian Institute of Technology Bhubaneswar,"Engineering Physics (4 Years, Bachelor of Technology)",AI,SC,Gender-Neutral,2045,2104
Indian Institute of Technology Bhubaneswar,"Engineering Physics (4 Years, Bachelor of Technology)",AI,SC,Female-only (including Supernumerary),4096,4096
Indian Institute of Technology Bhubaneswar,"Engineering Physics (4 Years, Bachelor of Technology)",AI,ST,Gender-Neutral,1160,1160
Indian Institute of Technology Bhubaneswar,"Mechanical Engineering (4 Years, Bachelor of Technology)",AI,OPEN,Gender-Neutral,7185,9533
Indian Institute of Technology Bhubaneswar,"Mechanical Engineering (4 Years, Bachelor of Technology)",AI,OPEN,Female-only (including Supernumerary),16104,18483
Indian Institute of Technology Bhubaneswar,"Mechanical Engineering (4 Years, Bachelor of Technology)",AI,OPEN (PwD),Gender-Neutral,172,172
Indian Institute of Technology Bhubaneswar,"Mechanical Engineering (4 Years, Bachelor of Technology)",AI,EWS,Gender-Neutral,1225,1489
Indian Institute of Technology Bhubaneswar,"Mechanical Engineering (4 Years, Bachelor of Technology)",AI,EWS,Female-only (including Supernumerary),2705,2781
Indian Institute of Technology Bhubaneswar,"Mechanical Engineering (4 Years, Bachelor of Technology)",AI,OBC-NCL,Gender-Neutral,3078,3776
Indian Institute of Technology Bhubaneswar,"Mechanical Engineering (4 Years, Bachelor of Technology)",AI,OBC-NCL,Female-only (including Supernumerary),7053,7801
Indian Institute of Technology Bhubaneswar,"Mechanical Engineering (4 Years, Bachelor of Technology)",AI,SC,Gender-Neutral,1907,2223
Indian Institute of Technology Bhubaneswar,"Mechanical Engineering (4 Years, Bachelor of Technology)",AI,SC,Female-only (including Supernumerary),2465,3892
Indian Institute of Technology Bhubaneswar,"Mechanical Engineering (4 Years, Bachelor of Technology)",AI,ST,Gender-Neutral,918,1035
Indian Institute of Technology Bhubaneswar,"Mechanical Engineering (4 Years, Bachelor of Technology)",AI,ST,Female-only (including Supernumerary),1735,1735
Indian Institute of Technology Bhubaneswar,"Metallurgical and Materials Engineering (4 Years, Bachelor of Technology)",AI,OPEN,Gender-Neutral,11823,13863
Indian Institute of Technology Bhubaneswar,"Metallurgical and Materials Engineering (4 Years, Bachelor of Technology)",AI,OPEN,Female-only (including Supernumerary),18582,20995
Indian Institute of Technology Bhubaneswar,"Metallurgical and Materials Engineering (4 Years, Bachelor of Technology)",AI,EWS,Gender-Neutral,1966,2170
Indian Institute of Technology Bhubaneswar,"Metallurgical and Materials Engineering (4 Years, Bachelor of Technology)",AI,EWS,Female-only (including Supernumerary),3242,3242
Indian Institute of Technology Bhubaneswar,"Metallurgical and Materials Engineering (4 Years, Bachelor of Technology)",AI,OBC-NCL,Gender-Neutral,4730,5284
Indian Institute of Technology Bhubaneswar,"Metallurgical and Materials Engineering (4 Years, Bachelor of Technology)",AI,OBC-NCL,Female-only (including Supernumerary),9228,9228
Indian Institute of Technology Bhubaneswar,"Metallurgical and Materials Engineering (4 Years, Bachelor of Technology)",AI,SC,Gender-Neutral,2332,2774
Indian Institute of Technology Bhubaneswar,"Metallurgical and Materials Engineering (4 Years, Bachelor of Technology)",AI,SC,Female-only (including Supernumerary),4396,4396
Indian Institute of Technology Bhubaneswar,"Metallurgical and Materials Engineering (4 Years, Bachelor of Technology)",AI,ST,Gender-Neutral,1102,1223
Indian Institute of Technology Bhubaneswar,"Metallurgical and Materials Engineering (4 Years, Bachelor of Technology)",AI,ST,Female-only (including Supernumerary),330P,602P
Indian Institute of Technology Bombay,"Aerospace Engineering (4 Years, Bachelor of Technology)",AI,OPEN,Gender-Neutral,817,2394
Indian Institute of Technology Bombay,"Aerospace Engineering (4 Years, Bachelor of Technology)",AI,OPEN,Female-only (including Supernumerary),2494,6360
Indian Institute of Technology Bombay,"Aerospace Engineering (4 Years, Bachelor of Technology)",AI,OPEN (PwD),Gender-Neutral,44,44
Indian Institute of Technology Bombay,"Aerospace Engineering (4 Years, Bachelor of Technology)",AI,OPEN (PwD),Female-only (including Supernumerary),41P,41P
Indian Institute of Technology Bombay,"Aerospace Engineering (4 Years, Bachelor of Technology)",AI,EWS,Gender-Neutral,327,618
Indian Institute of Technology Bombay,"Aerospace Engineering (4 Years, Bachelor of Technology)",AI,EWS,Female-only (including Supernumerary),1050,1409
Indian Institute of Technology Bombay,"Aerospace Engineering (4 Years, Bachelor of Technology)",AI,OBC-NCL,Gender-Neutral,447,1470
Indian Institute of Technology Bombay,"Aerospace Engineering (4 Years, Bachelor of Technology)",AI,OBC-NCL,Female-only (including Supernumerary),1935,3442
Indian Institute of Technology Bombay,"Aerospace Engineering (4 Years, Bachelor of Technology)",AI,OBC-NCL (PwD),Gender-Neutral,62,62
Indian Institute of Technology Bombay,"Aerospace Engineering (4 Years, Bachelor of Technology)",AI,SC,Gender-Neutral,136,678
Indian Institute of Technology Bombay,"Aerospace Engineering (4 Years, Bachelor of Technology)",AI,SC,Female-only (including Supernumerary),803,1493
Indian Institute of Technology Bombay,"Aerospace Engineering (4 Years, Bachelor of Technology)",AI,ST,Gender-Neutral,184,471
Indian Institute of Technology Bombay,"Aerospace Engineering (4 Years, Bachelor of Technology)",AI,ST,Female-only (including Supernumerary),424,424
Indian Institute of Technology Bombay,"BS in Mathematics (4 Years, Bachelor of Science)",AI,OPEN,Gender-Neutral,631,1191
Indian Institute of Technology Bombay,"BS in Mathematics (4 Years, Bachelor of Science)",AI,OPEN,Female-only (including Supernumerary),4101,4101
Indian Institute of Technology Bombay,"BS in Mathematics (4 Years, Bachelor of Science)",AI,OPEN (PwD),Gender-Neutral,139,139
Indian Institute of Technology Bombay,"BS in Mathematics (4 Years, Bachelor of Science)",AI,EWS,Gender-Neutral,360,360
Indian Institute of Technology Bombay,"BS in Mathematics (4 Years, Bachelor of Science)",AI,EWS,Female-only (including Supernumerary),1490,1490
Indian Institute of Technology Bombay,"BS in Mathematics (4 Years, Bachelor of Science)",AI,OBC-NCL,Gender-Neutral,1106,1291
Indian Institute of Technology Bombay,"BS in Mathematics (4 Years, Bachelor of Science)",AI,OBC-NCL,Female-only (including Supernumerary),3479,3479
Indian Institute of Technology Bombay,"BS in Mathematics (4 Years, Bachelor of Science)",AI,SC,Gender-Neutral,521,545
Indian Institute of Technology Bombay,"BS in Mathematics (4 Years, Bachelor of Science)",AI,SC,Female-only (including Supernumerary),1438,1438
Indian Institute of Technology Bombay,"BS in Mathematics (4 Years, Bachelor of Science)",AI,ST,Gender-Neutral,247,247
Indian Institute of Technology Bombay,"Chemical Engineering (4 Years, Bachelor of Technology)",AI,OPEN,Gender-Neutral,650,2529
Indian Institute of Technology Bombay,"Chemical Engineering (4 Years, Bachelor of Technology)",AI,OPEN,Female-only (including Supernumerary),4559,6650
Indian Institute of Technology Bombay,"Chemical Engineering (4 Years, Bachelor of Technology)",AI,OPEN (PwD),Gender-Neutral,130,153
Indian Institute of Technology Bombay,"Chemical Engineering (4 Years, Bachelor of Technology)",AI,OPEN (PwD),Female-only (including Supernumerary),265P,265P
Indian Institute of Technology Bombay,"Chemical Engineering (4 Years, Bachelor of Technology)",AI,EWS,Gender-Neutral,390,485
Indian Institute of Technology Bombay,"Chemical Engineering (4 Years, Bachelor of Technology)",AI,EWS,Female-only (including Supernumerary),927,1438
Indian Institute of Technology Bombay,"Chemical Engineering (4 Years, Bachelor of Technology)",AI,EWS (PwD),Gender-Neutral,44P,44P
Indian Institute of Technology Bombay,"Chemical Engineering (4 Years, Bachelor of Technology)",AI,OBC-NCL,Gender-Neutral,953,1337
Indian Institute of Technology Bombay,"Chemical Engineering (4 Years, Bachelor of Technology)",AI,OBC-NCL,Female-only (including Supernumerary),2481,3118
Indian Institute of Technology Bombay,"Chemical Engineering (4 Years, Bachelor of Technology)",AI,OBC-NCL (PwD),Gender-Neutral,64,64
Indian Institute of Technology Bombay,"Chemical Engineering (4 Years, Bachelor of Technology)",AI,SC,Gender-Neutral,492,783
Indian Institute of Technology Bombay,"Chemical Engineering (4 Years, Bachelor of Technology)",AI,SC,Female-only (including Supernumerary),1123,1498
Indian Institute of Technology Bombay,"Chemical Engineering (4 Years, Bachelor of Technology)",AI,ST,Gender-Neutral,301,413
Indian Institute of Technology Bombay,"Chemical Engineering (4 Years, Bachelor of Technology)",AI,ST,Female-only (including Supernumerary),344,742
Indian Institute of Technology Bombay,"Chemistry (4 Years, Bachelor of Science)",AI,OPEN,Gender-Neutral,5629,7065
Indian Institute of Technology Bombay,"Chemistry (4 Years, Bachelor of Science)",AI,OPEN,Female-only (including Supernumerary),9692,11262
Indian Institute of Technology Bombay,"Chemistry (4 Years, Bachelor of Science)",AI,OPEN (PwD),Gender-Neutral,193,193
Indian Institute of Technology Bombay,"Chemistry (4 Years, Bachelor of Science)",AI,EWS,Gender-Neutral,1175,1338
Indian Institute of Technology Bombay,"Chemistry (4 Years, Bachelor of Science)",AI,EWS,Female-only (including Supernumerary),2285,2285
Indian Institute of Technology Bombay,"Chemistry (4 Years, Bachelor of Science)",AI,OBC-NCL,Gender-Neutral,2780,3506
Indian Institute of Technology Bombay,"Chemistry (4 Years, Bachelor of Science)",AI,OBC-NCL,Female-only (including Supernumerary),7383,7570
Indian Institute of Technology Bombay,"Chemistry (4 Years, Bachelor of Science)",AI,SC,Gender-Neutral,1688,1936
Indian Institute of Technology Bombay,"Chemistry (4 Years, Bachelor of Science)",AI,SC,Female-only (including Supernumerary),3101,3101
Indian Institute of Technology Bombay,"Chemistry (4 Years, Bachelor of Science)",AI,ST,Gender-Neutral,1007,1036
Indian Institute of Technology Bombay,"Chemistry (4 Years, Bachelor of Science)",AI,ST,Female-only (including Supernumerary),1498,1498
Indian Institute of Technology Bombay,"Civil Engineering (4 Years, Bachelor of Technology)",AI,OPEN,Gender-Neutral,2244,3987
Indian Institute of Technology Bombay,"Civil Engineering (4 Years, Bachelor of Technology)",AI,OPEN,Female-only (including Supernumerary),6334,8833
Indian Institute of Technology Bombay,"Civil Engineering (4 Years, Bachelor of Technology)",AI,OPEN (PwD),Gender-Neutral,142,151
Indian Institute of Technology Bombay,"Civil Engineering (4 Years, Bachelor of Technology)",AI,OPEN (PwD),Female-only (including Supernumerary),148P,148P
Indian Institute of Technology Bombay,"Civil Engineering (4 Years, Bachelor of Technology)",AI,EWS,Gender-Neutral,559,769
Indian Institute of Technology Bombay,"Civil Engineering (4 Years, Bachelor of Technology)",AI,EWS,Female-only (including Supernumerary),1725,2005
Indian Institute of Technology Bombay,"Civil Engineering (4 Years, Bachelor of Technology)",AI,EWS (PwD),Gender-Neutral,36P,36P
Indian Institute of Technology Bombay,"Civil Engineering (4 Years, Bachelor of Technology)",AI,OBC-NCL,Gender-Neutral,1076,1979
Indian Institute of Technology Bombay,"Civil Engineering (4 Years, Bachelor of Technology)",AI,OBC-NCL,Female-only (including Supernumerary),3419,4709
Indian Institute of Technology Bombay,"Civil Engineering (4 Years, Bachelor of Technology)",AI,OBC-NCL (PwD),Gender-Neutral,50P,53P
Indian Institute of Technology Bombay,"Civil Engineering (4 Years, Bachelor of Technology)",AI,SC,Gender-Neutral,580,998
Indian Institute of Technology Bombay,"Civil Engineering (4 Years, Bachelor of Technology)",AI,SC,Female-only (including Supernumerary),770,1986
Indian Institute of Technology Bombay,"Civil Engineering (4 Years, Bachelor of Technology)",AI,ST,Gender-Neutral,41,331
Indian Institute of Technology Bombay,"Civil Engineering (4 Years, Bachelor of Technology)",AI,ST,Female-only (including Supernumerary),601,623
Indian Institute of Technology Bombay,"Computer Science and Engineering (4 Years, Bachelor of Technology)",AI,OPEN,Gender-Neutral,1,68
Indian Institute of Technology Bombay,"Computer Science and Engineering (4 Years, Bachelor of Technology)",AI,OPEN,Female-only (including Supernumerary),7,421
Indian Institute of Technology Bombay,"Computer Science and Engineering (4 Years, Bachelor of Technology)",AI,OPEN (PwD),Gender-Neutral,1,3
Indian Institute of Technology Bombay,"Computer Science and Engineering (4 Years, Bachelor of Technology)",AI,OPEN (PwD),Female-only (including Supernumerary),7,7
Indian Institute of Technology Bombay,"Computer Science and Engineering (4 Years, Bachelor of Technology)",AI,EWS,Gender-Neutral,7,23
Indian Institute of Technology Bombay,"Computer Science and Engineering (4 Years, Bachelor of Technology)",AI,EWS,Female-only (including Supernumerary),43,79
Indian Institute of Technology Bombay,"Computer Science and Engineering (4 Years, Bachelor of Technology)",AI,EWS (PwD),Gender-Neutral,3,3
Indian Institute of Technology Bombay,"Computer Science and Engineering (4 Years, Bachelor of Technology)",AI,OBC-NCL,Gender-Neutral,5,50
Indian Institute of Technology Bombay,"Computer Science and Engineering (4 Years, Bachelor of Technology)",AI,OBC-NCL,Female-only (including Supernumerary),66,274
Indian Institute of Technology Bombay,"Computer Science and Engineering (4 Years, Bachelor of Technology)",AI,OBC-NCL (PwD),Gender-Neutral,1,2
Indian Institute of Technology Bombay,"Computer Science and Engineering (4 Years, Bachelor of Technology)",AI,OBC-NCL (PwD),Female-only (including Supernumerary),20,20
Indian Institute of Technology Bombay,"Computer Science and Engineering (4 Years, Bachelor of Technology)",AI,SC,Gender-Neutral,1,32
Indian Institute of Technology Bombay,"Computer Science and Engineering (4 Years, Bachelor of Technology)",AI,SC,Female-only (including Supernumerary),10,71
Indian Institute of Technology Bombay,"Computer Science and Engineering (4 Years, Bachelor of Technology)",AI,SC (PwD),Gender-Neutral,1,1
Indian Institute of Technology Bombay,"Computer Science and Engineering (4 Years, Bachelor of Technology)",AI,ST,Gender-Neutral,1,13
Indian Institute of Technology Bombay,"Computer Science and Engineering (4 Years, Bachelor of Technology)",AI,ST,Female-only (including Supernumerary),16,40
Indian Institute of Technology Bombay,"Computer Science and Engineering (4 Years, Bachelor of Technology)",AI,ST (PwD),Gender-Neutral,1,1
Indian Institute of Technology Bombay,"Economics (4 Years, Bachelor of Science)",AI,OPEN,Gender-Neutral,1562,2400
Indian Institute of Technology Bombay,"Economics (4 Years, Bachelor of Science)",AI,OPEN,Female-only (including Supernumerary),3674,4123
Indian Institute of Technology Bombay,"Economics (4 Years, Bachelor of Science)",AI,OPEN (PwD),Gender-Neutral,144,144
Indian Institute of Technology Bombay,"Economics (4 Years, Bachelor of Science)",AI,EWS,Gender-Neutral,398,412
Indian Institute of Technology Bombay,"Economics (4 Years, Bachelor of Science)",AI,EWS,Female-only (including Supernumerary),920,920
Indian Institute of Technology Bombay,"Economics (4 Years, Bachelor of Science)",AI,OBC-NCL,Gender-Neutral,618,1255
Indian Institute of Technology Bombay,"Economics (4 Years, Bachelor of Science)",AI,OBC-NCL,Female-only (including Supernumerary),1491,2705
Indian Institute of Technology Bombay,"Economics (4 Years, Bachelor of Science)",AI,SC,Gender-Neutral,280,722
Indian Institute of Technology Bombay,"Economics (4 Years, Bachelor of Science)",AI,SC,Female-only (including Supernumerary),373,373
Indian Institute of Technology Bombay,"Economics (4 Years, Bachelor of Science)",AI,ST,Gender-Neutral,130,222
Indian Institute of Technology Bombay,"Economics (4 Years, Bachelor of Science)",AI,ST,Female-only (including Supernumerary),714,714
Indian Institute of Technology Bombay,"Electrical Engineering (4 Years, Bachelor of Technology)",AI,OPEN,Gender-Neutral,15,464
Indian Institute of Technology Bombay,"Electrical Engineering (4 Years, Bachelor of Technology)",AI,OPEN,Female-only (including Supernumerary),642,1303
Indian Institute of Technology Bombay,"Electrical Engineering (4 Years, Bachelor of Technology)",AI,OPEN (PwD),Gender-Neutral,14,30
Indian Institute of Technology Bombay,"Electrical Engineering (4 Years, Bachelor of Technology)",AI,OPEN (PwD),Female-only (including Supernumerary),77,77
Indian Institute of Technology Bombay,"Electrical Engineering (4 Years, Bachelor of Technology)",AI,EWS,Gender-Neutral,57,116
Indian Institute of Technology Bombay,"Electrical Engineering (4 Years, Bachelor of Technology)",AI,EWS,Female-only (including Supernumerary),208,455
Indian Institute of Technology Bombay,"Electrical Engineering (4 Years, Bachelor of Technology)",AI,EWS (PwD),Gender-Neutral,21,21
Indian Institute of Technology Bombay,"Electrical Engineering (4 Years, Bachelor of Technology)",AI,OBC-NCL,Gender-Neutral,131,318
Indian Institute of Technology Bombay,"Electrical Engineering (4 Years, Bachelor of Technology)",AI,OBC-NCL,Female-only (including Supernumerary),608,791
Indian Institute of Technology Bombay,"Electrical Engineering (4 Years, Bachelor of Technology)",AI,OBC-NCL (PwD),Gender-Neutral,23,23
Indian Institute of Technology Bombay,"Electrical Engineering (4 Years, Bachelor of Technology)",AI,SC,Gender-Neutral,34,171
Indian Institute of Technology Bombay,"Electrical Engineering (4 Years, Bachelor of Technology)",AI,SC,Female-only (including Supernumerary),196,368
Indian Institute of Technology Bombay,"Electrical Engineering (4 Years, Bachelor of Technology)",AI,SC (PwD),Gender-Neutral,10P,10P
Indian Institute of Technology Bombay,"Electrical Engineering (4 Years, Bachelor of Technology)",AI,ST,Gender-Neutral,36,79
Indian Institute of Technology Bombay,"Electrical Engineering (4 Years, Bachelor of Technology)",AI,ST,Female-only (including Supernumerary),84,176
Indian Institute of Technology Bombay,"Electrical Engineering (5 Years, Bachelor and Master of Technology (Dual Degree))",AI,OPEN,Gender-Neutral,496,934
Indian Institute of Technology Bombay,"Electrical Engineering (5 Years, Bachelor and Master of Technology (Dual Degree))",AI,OPEN,Female-only (including Supernumerary),1731,2424
Indian Institute of Technology Bombay,"Electrical Engineering (5 Years, Bachelor and Master of Technology (Dual Degree))",AI,OPEN (PwD),Gender-Neutral,52,52
Indian Institute of Technology Bombay,"Electrical Engineering (5 Years, Bachelor and Master of Technology (Dual Degree))",AI,OPEN (PwD),Female-only (including Supernumerary),245P,245P
Indian Institute of Technology Bombay,"Electrical Engineering (5 Years, Bachelor and Master of Technology (Dual Degree))",AI,EWS,Gender-Neutral,180,197
Indian Institute of Technology Bombay,"Electrical Engineering (5 Years, Bachelor and Master of Technology (Dual Degree))",AI,EWS,Female-only (including Supernumerary),558,753
Indian Institute of Technology Bombay,"Electrical Engineering (5 Years, Bachelor and Master of Technology (Dual Degree))",AI,OBC-NCL,Gender-Neutral,379,546
Indian Institute of Technology Bombay,"Electrical Engineering (5 Years, Bachelor and Master of Technology (Dual Degree))",AI,OBC-NCL,Female-only (including Supernumerary),1006,1877
Indian Institute of Technology Bombay,"Electrical Engineering (5 Years, Bachelor and Master of Technology (Dual Degree))",AI,OBC-NCL (PwD),Gender-Neutral,42,42
Indian Institute of Technology Bombay,"Electrical Engineering (5 Years, Bachelor and Master of Technology (Dual Degree))",AI,SC,Gender-Neutral,197,274
Indian Institute of Technology Bombay,"Electrical Engineering (5 Years, Bachelor and Master of Technology (Dual Degree))",AI,SC,Female-only (including Supernumerary),584,1054
Indian Institute of Technology Bombay,"Electrical Engineering (5 Years, Bachelor and Master of Technology (Dual Degree))",AI,ST,Gender-Neutral,131,221
Indian Institute of Technology Bombay,"Electrical Engineering (5 Years, Bachelor and Master of Technology (Dual Degree))",AI,ST,Female-only (including Supernumerary),363,363
Indian Institute of Technology Bombay,"Energy Engineering (4 Years, Bachelor of Technology)",AI,OPEN,Gender-Neutral,1687,2557
Indian Institute of Technology Bombay,"Energy Engineering (4 Years, Bachelor of Technology)",AI,OPEN,Female-only (including Supernumerary),3767,5537
Indian Institute of Technology Bombay,"Energy Engineering (4 Years, Bachelor of Technology)",AI,OPEN (PwD),Gender-Neutral,184,184
Indian Institute of Technology Bombay,"Energy Engineering (4 Years, Bachelor of Technology)",AI,EWS,Gender-Neutral,490,568
Indian Institute of Technology Bombay,"Energy Engineering (4 Years, Bachelor of Technology)",AI,EWS,Female-only (including Supernumerary),1691,1691
Indian Institute of Technology Bombay,"Energy Engineering (4 Years, Bachelor of Technology)",AI,OBC-NCL,Gender-Neutral,1300,1650
Indian Institute of Technology Bombay,"Energy Engineering (4 Years, Bachelor of Technology)",AI,OBC-NCL,Female-only (including Supernumerary),3388,3824
Indian Institute of Technology Bombay,"Energy Engineering (4 Years, Bachelor of Technology)",AI,OBC-NCL (PwD),Gender-Neutral,61P,61P
Indian Institute of Technology Bombay,"Energy Engineering (4 Years, Bachelor of Technology)",AI,SC,Gender-Neutral,706,990
Indian Institute of Technology Bombay,"Energy Engineering (4 Years, Bachelor of Technology)",AI,SC,Female-only (including Supernumerary),1673,1673
Indian Institute of Technology Bombay,"Energy Engineering (4 Years, Bachelor of Technology)",AI,ST,Gender-Neutral,552,669
Indian Institute of Technology Bombay,"Energy Engineering (4 Years, Bachelor of Technology)",AI,ST,Female-only (including Supernumerary),1473,1473
Indian Institute of Technology Bombay,"Engineering Physics (4 Years, Bachelor of Technology)",AI,OPEN,Gender-Neutral,92,1569
Indian Institute of Technology Bombay,"Engineering Physics (4 Years, Bachelor of Technology)",AI,OPEN,Female-only (including Supernumerary),1680,3629
Indian Institute of Technology Bombay,"Engineering Physics (4 Years, Bachelor of Technology)",AI,OPEN (PwD),Gender-Neutral,156,156
Indian Institute of Technology Bombay,"Engineering Physics (4 Years, Bachelor of Technology)",AI,EWS,Gender-Neutral,442,567
Indian Institute of Technology Bombay,"Engineering Physics (4 Years, Bachelor of Technology)",AI,EWS,Female-only (including Supernumerary),1410,1410
Indian Institute of Technology Bombay,"Engineering Physics (4 Years, Bachelor of Technology)",AI,OBC-NCL,Gender-Neutral,970,1552
Indian Institute of Technology Bombay,"Engineering Physics (4 Years, Bachelor of Technology)",AI,OBC-NCL,Female-only (including Supernumerary),2329,2854
Indian Institute of Technology Bombay,"Engineering Physics (4 Years, Bachelor of Technology)",AI,OBC-NCL (PwD),Gender-Neutral,106P,106P
Indian Institute of Technology Bombay,"Engineering Physics (4 Years, Bachelor of Technology)",AI,SC,Gender-Neutral,217,763
Indian Institute of Technology Bombay,"Engineering Physics (4 Years, Bachelor of Technology)",AI,SC,Female-only (including Supernumerary),1772,2347
Indian Institute of Technology Bombay,"Engineering Physics (4 Years, Bachelor of Technology)",AI,SC (PwD),Gender-Neutral,11P,11P
Indian Institute of Technology Bombay,"Engineering Physics (4 Years, Bachelor of Technology)",AI,ST,Gender-Neutral,15,682
Indian Institute of Technology Bombay,"Engineering Physics (4 Years, Bachelor of Technology)",AI,ST,Female-only (including Supernumerary),1047,1047
Indian Institute of Technology Bombay,"Environmental Science and Engineering (4 Years, Bachelor of Technology)",AI,OPEN,Gender-Neutral,3424,4718
Indian Institute of Technology Bombay,"Environmental Science and Engineering (4 Years, Bachelor of Technology)",AI,OPEN,Female-only (including Supernumerary),8821,9292
Indian Institute of Technology Bombay,"Environmental Science and Engineering (4 Years, Bachelor of Technology)",AI,OPEN (PwD),Gender-Neutral,219P,219P
Indian Institute of Technology Bombay,"Environmental Science and Engineering (4 Years, Bachelor of Technology)",AI,EWS,Gender-Neutral,935,1060
Indian Institute of Technology Bombay,"Environmental Science and Engineering (4 Years, Bachelor of Technology)",AI,EWS,Female-only (including Supernumerary),2019,2019
Indian Institute of Technology Bombay,"Environmental Science and Engineering (4 Years, Bachelor of Technology)",AI,OBC-NCL,Gender-Neutral,1601,2716
Indian Institute of Technology Bombay,"Environmental Science and Engineering (4 Years, Bachelor of Technology)",AI,OBC-NCL,Female-only (including Supernumerary),5701,5973
Indian Institute of Technology Bombay,"Environmental Science and Engineering (4 Years, Bachelor of Technology)",AI,SC,Gender-Neutral,622,1267
Indian Institute of Technology Bombay,"Environmental Science and Engineering (4 Years, Bachelor of Technology)",AI,SC,Female-only (including Supernumerary),1874,1874
Indian Institute of Technology Bombay,"Environmental Science and Engineering (4 Years, Bachelor of Technology)",AI,ST,Gender-Neutral,680,830
Indian Institute of Technology Bombay,"Environmental Science and Engineering (4 Years, Bachelor of Technology)",AI,ST,Female-only (including Supernumerary),1587,1587
Indian Institute of Technology Bombay,"Industrial Engineering and Operations Research (4 Years, Bachelor of Technology)",AI,OPEN,Gender-Neutral,1042,1726
Indian Institute of Technology Bombay,"Industrial Engineering and Operations Research (4 Years, Bachelor of Technology)",AI,OPEN,Female-only (including Supernumerary),3258,4762
Indian Institute of Technology Bombay,"Industrial Engineering and Operations Research (4 Years, Bachelor of Technology)",AI,OPEN (PwD),Gender-Neutral,63,63
Indian Institute of Technology Bombay,"Industrial Engineering and Operations Research (4 Years, Bachelor of Technology)",AI,EWS,Gender-Neutral,279,303
Indian Institute of Technology Bombay,"Industrial Engineering and Operations Research (4 Years, Bachelor of Technology)",AI,EWS,Female-only (including Supernumerary),706,706
Indian Institute of Technology Bombay,"Industrial Engineering and Operations Research (4 Years, Bachelor of Technology)",AI,OBC-NCL,Gender-Neutral,401,1196
Indian Institute of Technology Bombay,"Industrial Engineering and Operations Research (4 Years, Bachelor of Technology)",AI,OBC-NCL,Female-only (including Supernumerary),2881,3817
Indian Institute of Technology Bombay,"Industrial Engineering and Operations Research (4 Years, Bachelor of Technology)",AI,SC,Gender-Neutral,588,999
Indian Institute of Technology Bombay,"Industrial Engineering and Operations Research (4 Years, Bachelor of Technology)",AI,SC,Female-only (including Supernumerary),1052,1052
Indian Institute of Technology Bombay,"Industrial Engineering and Operations Research (4 Years, Bachelor of Technology)",AI,ST,Gender-Neutral,323,351
Indian Institute of Technology Bombay,"Industrial Engineering and Operations Research (4 Years, Bachelor of Technology)",AI,ST,Female-only (including Supernumerary),1404,1404
Indian Institute of Technology Bombay,"Mechanical Engineering (4 Years, Bachelor of Technology)",AI,OPEN,Gender-Neutral,666,1685
Indian Institute of Technology Bombay,"Mechanical Engineering (4 Years, Bachelor of Technology)",AI,OPEN,Female-only (including Supernumerary),1339,4172
Indian Institute of Technology Bombay,"Mechanical Engineering (4 Years, Bachelor of Technology)",AI,OPEN (PwD),Gender-Neutral,78,152
Indian Institute of Technology Bombay,"Mechanical Engineering (4 Years, Bachelor of Technology)",AI,EWS,Gender-Neutral,164,340
Indian Institute of Technology Bombay,"Mechanical Engineering (4 Years, Bachelor of Technology)",AI,EWS,Female-only (including Supernumerary),968,1319
Indian Institute of Technology Bombay,"Mechanical Engineering (4 Years, Bachelor of Technology)",AI,EWS (PwD),Gender-Neutral,32P,32P
Indian Institute of Technology Bombay,"Mechanical Engineering (4 Years, Bachelor of Technology)",AI,OBC-NCL,Gender-Neutral,462,942
Indian Institute of Technology Bombay,"Mechanical Engineering (4 Years, Bachelor of Technology)",AI,OBC-NCL,Female-only (including Supernumerary),1265,2722
Indian Institute of Technology Bombay,"Mechanical Engineering (4 Years, Bachelor of Technology)",AI,OBC-NCL (PwD),Gender-Neutral,19P,23P
Indian Institute of Technology Bombay,"Mechanical Engineering (4 Years, Bachelor of Technology)",AI,SC,Gender-Neutral,191,476
Indian Institute of Technology Bombay,"Mechanical Engineering (4 Years, Bachelor of Technology)",AI,SC,Female-only (including Supernumerary),142,1066
Indian Institute of Technology Bombay,"Mechanical Engineering (4 Years, Bachelor of Technology)",AI,ST,Gender-Neutral,61,309
Indian Institute of Technology Bombay,"Mechanical Engineering (4 Years, Bachelor of Technology)",AI,ST,Female-only (including Supernumerary),466,516
Indian Institute of Technology Bombay,"Metallurgical Engineering and Materials Science (4 Years, Bachelor of Technology)",AI,OPEN,Gender-Neutral,2690,4175
Indian Institute of Technology Bombay,"Metallurgical Engineering and Materials Science (4 Years, Bachelor of Technology)",AI,OPEN,Female-only (including Supernumerary),6870,8491
Indian Institute of Technology Bombay,"Metallurgical Engineering and Materials Science (4 Years, Bachelor of Technology)",AI,OPEN (PwD),Gender-Neutral,249P,263P
Indian Institute of Technology Bombay,"Metallurgical Engineering and Materials Science (4 Years, Bachelor of Technology)",AI,EWS,Gender-Neutral,624,907
Indian Institute of Technology Bombay,"Metallurgical Engineering and Materials Science (4 Years, Bachelor of Technology)",AI,EWS,Female-only (including Supernumerary),1585,1723
Indian Institute of Technology Bombay,"Metallurgical Engineering and Materials Science (4 Years, Bachelor of Technology)",AI,OBC-NCL,Gender-Neutral,1439,2136
Indian Institute of Technology Bombay,"Metallurgical Engineering and Materials Science (4 Years, Bachelor of Technology)",AI,OBC-NCL,Female-only (including Supernumerary),3446,5594
Indian Institute of Technology Bombay,"Metallurgical Engineering and Materials Science (4 Years, Bachelor of Technology)",AI,SC,Gender-Neutral,901,1369
Indian Institute of Technology Bombay,"Metallurgical Engineering and Materials Science (4 Years, Bachelor of Technology)",AI,SC,Female-only (including Supernumerary),1500,2276
Indian Institute of Technology Bombay,"Metallurgical Engineering and Materials Science (4 Years, Bachelor of Technology)",AI,ST,Gender-Neutral,514,641
Indian Institute of Technology Bombay,"Metallurgical Engineering and Materials Science (4 Years, Bachelor of Technology)",AI,ST,Female-only (including Supernumerary),1154,1251
Indian Institute of Technology Mandi,"B.Tech in General Engineering (4 Years, Bachelor of Technology)",AI,OPEN,Gender-Neutral,7482,10181
Indian Institute of Technology Mandi,"B.Tech in General Engineering (4 Years, Bachelor of Technology)",AI,OPEN,Female-only (including Supernumerary),14742,18004
Indian Institute of Technology Mandi,"B.Tech in General Engineering (4 Years, Bachelor of Technology)",AI,EWS,Gender-Neutral,1508,1590
Indian Institute of Technology Mandi,"B.Tech in General Engineering (4 Years, Bachelor of Technology)",AI,EWS,Female-only (including Supernumerary),3230,3230
Indian Institute of Technology Mandi,"B.Tech in General Engineering (4 Years, Bachelor of Technology)",AI,OBC-NCL,Gender-Neutral,3195,4664
Indian Institute of Technology Mandi,"B.Tech in General Engineering (4 Years, Bachelor of Technology)",AI,OBC-NCL,Female-only (including Supernumerary),7596,8700
Indian Institute of Technology Mandi,"B.Tech in General Engineering (4 Years, Bachelor of Technology)",AI,SC,Gender-Neutral,2375,2555
Indian Institute of Technology Mandi,"B.Tech in General Engineering (4 Years, Bachelor of Technology)",AI,SC,Female-only (including Supernumerary),4116,4116
Indian Institute of Technology Mandi,"B.Tech in General Engineering (4 Years, Bachelor of Technology)",AI,ST,Gender-Neutral,1394,1400
Indian Institute of Technology Mandi,"B.Tech in Materials Science and Engineering (4 Years, Bachelor of Technology)",AI,OPEN,Gender-Neutral,10553,13000
Indian Institute of Technology Mandi,"B.Tech in Materials Science and Engineering (4 Years, Bachelor of Technology)",AI,OPEN,Female-only (including Supernumerary),21058,21466
Indian Institute of Technology Mandi,"B.Tech in Materials Science and Engineering (4 Years, Bachelor of Technology)",AI,EWS,Gender-Neutral,2113,2143
Indian Institute of Technology Mandi,"B.Tech in Materials Science and Engineering (4 Years, Bachelor of Technology)",AI,EWS,Female-only (including Supernumerary),3873,3873
Indian Institute of Technology Mandi,"B.Tech in Materials Science and Engineering (4 Years, Bachelor of Technology)",AI,OBC-NCL,Gender-Neutral,5151,5464
Indian Institute of Technology Mandi,"B.Tech in Materials Science and Engineering (4 Years, Bachelor of Technology)",AI,OBC-NCL,Female-only (including Supernumerary),8998,9256
Indian Institute of Technology Mandi,"B.Tech in Materials Science and Engineering (4 Years, Bachelor of Technology)",AI,SC,Gender-Neutral,2725,2787
Indian Institute of Technology Mandi,"B.Tech in Materials Science and Engineering (4 Years, Bachelor of Technology)",AI,SC,Female-only (including Supernumerary),4427,4427
Indian Institute of Technology Mandi,"B.Tech in Materials Science and Engineering (4 Years, Bachelor of Technology)",AI,ST,Gender-Neutral,1416,1453
Indian Institute of Technology Mandi,"B.Tech in Mathematics and Computing (4 Years, Bachelor of Technology)",AI,OPEN,Gender-Neutral,2614,3980
Indian Institute of Technology Mandi,"B.Tech in Mathematics and Computing (4 Years, Bachelor of Technology)",AI,OPEN,Female-only (including Supernumerary),7453,7886
Indian Institute of Technology Mandi,"B.Tech in Mathematics and Computing (4 Years, Bachelor of Technology)",AI,EWS,Gender-Neutral,667,671
Indian Institute of Technology Mandi,"B.Tech in Mathematics and Computing (4 Years, Bachelor of Technology)",AI,EWS,Female-only (including Supernumerary),1517,1517
Indian Institute of Technology Mandi,"B.Tech in Mathematics and Computing (4 Years, Bachelor of Technology)",AI,OBC-NCL,Gender-Neutral,1441,1767
Indian Institute of Technology Mandi,"B.Tech in Mathematics and Computing (4 Years, Bachelor of Technology)",AI,OBC-NCL,Female-only (including Supernumerary),3788,4641
Indian Institute of Technology Mandi,"B.Tech in Mathematics and Computing (4 Years, Bachelor of Technology)",AI,OBC-NCL (PwD),Gender-Neutral,118P,118P
Indian Institute of Technology Mandi,"B.Tech in Mathematics and Computing (4 Years, Bachelor of Technology)",AI,SC,Gender-Neutral,904,1086
Indian Institute of Technology Mandi,"B.Tech in Mathematics and Computing (4 Years, Bachelor of Technology)",AI,SC,Female-only (including Supernumerary),1940,1940
Indian Institute of Technology Mandi,"B.Tech in Mathematics and Computing (4 Years, Bachelor of Technology)",AI,ST,Gender-Neutral,621,678
Indian Institute of Technology Mandi,"B.Tech in Microelectronics & VLSI (4 Years, Bachelor of Technology)",AI,OPEN,Gender-Neutral,4047,5522
Indian Institute of Technology Mandi,"B.Tech in Microelectronics & VLSI (4 Years, Bachelor of Technology)",AI,OPEN,Female-only (including Supernumerary),11035,11152
Indian Institute of Technology Mandi,"B.Tech in Microelectronics & VLSI (4 Years, Bachelor of Technology)",AI,EWS,Gender-Neutral,925,969
Indian Institute of Technology Mandi,"B.Tech in Microelectronics & VLSI (4 Years, Bachelor of Technology)",AI,EWS,Female-only (including Supernumerary),2281,2281
Indian Institute of Technology Mandi,"B.Tech in Microelectronics & VLSI (4 Years, Bachelor of Technology)",AI,OBC-NCL,Gender-Neutral,2377,2914
Indian Institute of Technology Mandi,"B.Tech in Microelectronics & VLSI (4 Years, Bachelor of Technology)",AI,OBC-NCL,Female-only (including Supernumerary),6343,6353
Indian Institute of Technology Mandi,"B.Tech in Microelectronics & VLSI (4 Years, Bachelor of Technology)",AI,SC,Gender-Neutral,1531,1751
Indian Institute of Technology Mandi,"B.Tech in Microelectronics & VLSI (4 Years, Bachelor of Technology)",AI,SC,Female-only (including Supernumerary),3313,3313
Indian Institute of Technology Mandi,"B.Tech in Microelectronics & VLSI (4 Years, Bachelor of Technology)",AI,ST,Gender-Neutral,1084,1096
Indian Institute of Technology Mandi,"Bio Engineering (4 Years, Bachelor of Technology)",AI,OPEN,Gender-Neutral,11233,13153
Indian Institute of Technology Mandi,"Bio Engineering (4 Years, Bachelor of Technology)",AI,OPEN,Female-only (including Supernumerary),20007,21077
Indian Institute of Technology Mandi,"Bio Engineering (4 Years, Bachelor of Technology)",AI,EWS,Gender-Neutral,2124,2215
Indian Institute of Technology Mandi,"Bio Engineering (4 Years, Bachelor of Technology)",AI,EWS,Female-only (including Supernumerary),3790,3790
Indian Institute of Technology Mandi,"Bio Engineering (4 Years, Bachelor of Technology)",AI,OBC-NCL,Gender-Neutral,5184,5494
Indian Institute of Technology Mandi,"Bio Engineering (4 Years, Bachelor of Technology)",AI,SC,Gender-Neutral,2614,3050
Indian Institute of Technology Mandi,"Bio Engineering (4 Years, Bachelor of Technology)",AI,SC,Female-only (including Supernumerary),4477,4477
Indian Institute of Technology Mandi,"Bio Engineering (4 Years, Bachelor of Technology)",AI,ST,Gender-Neutral,1331,1502
Indian Institute of Technology Mandi,"BS in Chemical Sciences (4 Years, Bachelor of Science)",AI,OPEN,Gender-Neutral,12900,15365
Indian Institute of Technology Mandi,"BS in Chemical Sciences (4 Years, Bachelor of Science)",AI,OPEN,Female-only (including Supernumerary),21657,22121
Indian Institute of Technology Mandi,"BS in Chemical Sciences (4 Years, Bachelor of Science)",AI,EWS,Gender-Neutral,2300,2353
Indian Institute of Technology Mandi,"BS in Chemical Sciences (4 Years, Bachelor of Science)",AI,EWS,Female-only (including Supernumerary),4093,4093
Indian Institute of Technology Mandi,"BS in Chemical Sciences (4 Years, Bachelor of Science)",AI,OBC-NCL,Gender-Neutral,5543,5884
Indian Institute of Technology Mandi,"BS in Chemical Sciences (4 Years, Bachelor of Science)",AI,SC,Gender-Neutral,3056,3161
Indian Institute of Technology Mandi,"BS in Chemical Sciences (4 Years, Bachelor of Science)",AI,SC,Female-only (including Supernumerary),4482,4482
Indian Institute of Technology Mandi,"BS in Chemical Sciences (4 Years, Bachelor of Science)",AI,ST,Gender-Neutral,1333,1493
Indian Institute of Technology Mandi,"Civil Engineering (4 Years, Bachelor of Technology)",AI,OPEN,Gender-Neutral,9752,11505
Indian Institute of Technology Mandi,"Civil Engineering (4 Years, Bachelor of Technology)",AI,OPEN,Female-only (including Supernumerary),20643,21013
Indian Institute of Technology Mandi,"Civil Engineering (4 Years, Bachelor of Technology)",AI,EWS,Gender-Neutral,1560,1947
Indian Institute of Technology Mandi,"Civil Engineering (4 Years, Bachelor of Technology)",AI,EWS,Female-only (including Supernumerary),3738,3738
Indian Institute of Technology Mandi,"Civil Engineering (4 Years, Bachelor of Technology)",AI,OBC-NCL,Gender-Neutral,4068,4705
Indian Institute of Technology Mandi,"Civil Engineering (4 Years, Bachelor of Technology)",AI,OBC-NCL,Female-only (including Supernumerary),8450,8938
Indian Institute of Technology Mandi,"Civil Engineering (4 Years, Bachelor of Technology)",AI,SC,Gender-Neutral,2311,2525
Indian Institute of Technology Mandi,"Civil Engineering (4 Years, Bachelor of Technology)",AI,SC,Female-only (including Supernumerary),4097,4097
Indian Institute of Technology Mandi,"Civil Engineering (4 Years, Bachelor of Technology)",AI,ST,Gender-Neutral,717,795
Indian Institute of Technology Mandi,"Civil Engineering (4 Years, Bachelor of Technology)",AI,ST,Female-only (including Supernumerary),1526,1526
Indian Institute of Technology Mandi,"Computer Science and Engineering (4 Years, Bachelor of Technology)",AI,OPEN,Gender-Neutral,1803,2909
Indian Institute of Technology Mandi,"Computer Science and Engineering (4 Years, Bachelor of Technology)",AI,OPEN,Female-only (including Supernumerary),6049,6667
Indian Institute of Technology Mandi,"Computer Science and Engineering (4 Years, Bachelor of Technology)",AI,OPEN (PwD),Gender-Neutral,178,178
Indian Institute of Technology Mandi,"Computer Science and Engineering (4 Years, Bachelor of Technology)",AI,OPEN (PwD),Female-only (including Supernumerary),258P,258P
Indian Institute of Technology Mandi,"Computer Science and Engineering (4 Years, Bachelor of Technology)",AI,EWS,Gender-Neutral,291,454
Indian Institute of Technology Mandi,"Computer Science and Engineering (4 Years, Bachelor of Technology)",AI,EWS,Female-only (including Supernumerary),825,1058
Indian Institute of Technology Mandi,"Computer Science and Engineering (4 Years, Bachelor of Technology)",AI,EWS (PwD),Gender-Neutral,25P,25P
Indian Institute of Technology Mandi,"Computer Science and Engineering (4 Years, Bachelor of Technology)",AI,OBC-NCL,Gender-Neutral,765,1269
Indian Institute of Technology Mandi,"Computer Science and Engineering (4 Years, Bachelor of Technology)",AI,OBC-NCL,Female-only (including Supernumerary),2698,3578
Indian Institute of Technology Mandi,"Computer Science and Engineering (4 Years, Bachelor of Technology)",AI,OBC-NCL (PwD),Gender-Neutral,104P,104P
Indian Institute of Technology Mandi,"Computer Science and Engineering (4 Years, Bachelor of Technology)",AI,SC,Gender-Neutral,542,737
Indian Institute of Technology Mandi,"Computer Science and Engineering (4 Years, Bachelor of Technology)",AI,SC,Female-only (including Supernumerary),1061,1732
Indian Institute of Technology Mandi,"Computer Science and Engineering (4 Years, Bachelor of Technology)",AI,ST,Gender-Neutral,293,371
Indian Institute of Technology Mandi,"Computer Science and Engineering (4 Years, Bachelor of Technology)",AI,ST,Female-only (including Supernumerary),870,870
Indian Institute of Technology Mandi,"Data Science and Engineering (4 Years, Bachelor of Technology)",AI,OPEN,Gender-Neutral,2955,3867
Indian Institute of Technology Mandi,"Data Science and Engineering (4 Years, Bachelor of Technology)",AI,OPEN,Female-only (including Supernumerary),6725,8610
Indian Institute of Technology Mandi,"Data Science and Engineering (4 Years, Bachelor of Technology)",AI,OPEN (PwD),Gender-Neutral,52P,52P
Indian Institute of Technology Mandi,"Data Science and Engineering (4 Years, Bachelor of Technology)",AI,EWS,Gender-Neutral,529,595
Indian Institute of Technology Mandi,"Data Science and Engineering (4 Years, Bachelor of Technology)",AI,EWS,Female-only (including Supernumerary),1164,1164
Indian Institute of Technology Mandi,"Data Science and Engineering (4 Years, Bachelor of Technology)",AI,OBC-NCL,Gender-Neutral,1284,1679
Indian Institute of Technology Mandi,"Data Science and Engineering (4 Years, Bachelor of Technology)",AI,OBC-NCL,Female-only (including Supernumerary),3683,4056
Indian Institute of Technology Mandi,"Data Science and Engineering (4 Years, Bachelor of Technology)",AI,SC,Gender-Neutral,731,943
Indian Institute of Technology Mandi,"Data Science and Engineering (4 Years, Bachelor of Technology)",AI,SC,Female-only (including Supernumerary),1897,1897
Indian Institute of Technology Mandi,"Data Science and Engineering (4 Years, Bachelor of Technology)",AI,ST,Gender-Neutral,378,615
Indian Institute of Technology Mandi,"Data Science and Engineering (4 Years, Bachelor of Technology)",AI,ST,Female-only (including Supernumerary),983,983
Indian Institute of Technology Mandi,"Electrical Engineering (4 Years, Bachelor of Technology)",AI,OPEN,Gender-Neutral,4772,6428
Indian Institute of Technology Mandi,"Electrical Engineering (4 Years, Bachelor of Technology)",AI,OPEN,Female-only (including Supernumerary),11796,12502
Indian Institute of Technology Mandi,"Electrical Engineering (4 Years, Bachelor of Technology)",AI,EWS,Gender-Neutral,855,1071
Indian Institute of Technology Mandi,"Electrical Engineering (4 Years, Bachelor of Technology)",AI,EWS,Female-only (including Supernumerary),2091,2091
Indian Institute of Technology Mandi,"Electrical Engineering (4 Years, Bachelor of Technology)",AI,OBC-NCL,Gender-Neutral,2320,2930
Indian Institute of Technology Mandi,"Electrical Engineering (4 Years, Bachelor of Technology)",AI,OBC-NCL,Female-only (including Supernumerary),6161,6975
Indian Institute of Technology Mandi,"Electrical Engineering (4 Years, Bachelor of Technology)",AI,SC,Gender-Neutral,1216,1650
Indian Institute of Technology Mandi,"Electrical Engineering (4 Years, Bachelor of Technology)",AI,SC,Female-only (including Supernumerary),2943,3151
Indian Institute of Technology Mandi,"Electrical Engineering (4 Years, Bachelor of Technology)",AI,ST,Gender-Neutral,772,833
Indian Institute of Technology Mandi,"Electrical Engineering (4 Years, Bachelor of Technology)",AI,ST,Female-only (including Supernumerary),1632,1632
Indian Institute of Technology Mandi,"Engineering Physics (4 Years, Bachelor of Technology)",AI,OPEN,Gender-Neutral,8794,9750
Indian Institute of Technology Mandi,"Engineering Physics (4 Years, Bachelor of Technology)",AI,OPEN,Female-only (including Supernumerary),18825,19337
Indian Institute of Technology Mandi,"Engineering Physics (4 Years, Bachelor of Technology)",AI,EWS,Gender-Neutral,1885,1924
Indian Institute of Technology Mandi,"Engineering Physics (4 Years, Bachelor of Technology)",AI,EWS,Female-only (including Supernumerary),3601,3601
Indian Institute of Technology Mandi,"Engineering Physics (4 Years, Bachelor of Technology)",AI,OBC-NCL,Gender-Neutral,4149,4809
Indian Institute of Technology Mandi,"Engineering Physics (4 Years, Bachelor of Technology)",AI,OBC-NCL,Female-only (including Supernumerary),8869,9047
Indian Institute of Technology Mandi,"Engineering Physics (4 Years, Bachelor of Technology)",AI,SC,Gender-Neutral,2298,2631
Indian Institute of Technology Mandi,"Engineering Physics (4 Years, Bachelor of Technology)",AI,SC,Female-only (including Supernumerary),4406,4406
Indian Institute of Technology Mandi,"Engineering Physics (4 Years, Bachelor of Technology)",AI,ST,Gender-Neutral,1037,1342
Indian Institute of Technology Mandi,"Mechanical Engineering (4 Years, Bachelor of Technology)",AI,OPEN,Gender-Neutral,6947,8962
Indian Institute of Technology Mandi,"Mechanical Engineering (4 Years, Bachelor of Technology)",AI,OPEN,Female-only (including Supernumerary),16808,18772
Indian Institute of Technology Mandi,"Mechanical Engineering (4 Years, Bachelor of Technology)",AI,EWS,Gender-Neutral,1314,1496
Indian Institute of Technology Mandi,"Mechanical Engineering (4 Years, Bachelor of Technology)",AI,EWS,Female-only (including Supernumerary),3386,3386
Indian Institute of Technology Mandi,"Mechanical Engineering (4 Years, Bachelor of Technology)",AI,OBC-NCL,Gender-Neutral,3063,4027
Indian Institute of Technology Mandi,"Mechanical Engineering (4 Years, Bachelor of Technology)",AI,OBC-NCL,Female-only (including Supernumerary),8210,8450
Indian Institute of Technology Mandi,"Mechanical Engineering (4 Years, Bachelor of Technology)",AI,SC,Gender-Neutral,1831,2084
Indian Institute of Technology Mandi,"Mechanical Engineering (4 Years, Bachelor of Technology)",AI,SC,Female-only (including Supernumerary),3471,3923
Indian Institute of Technology Mandi,"Mechanical Engineering (4 Years, Bachelor of Technology)",AI,ST,Gender-Neutral,677,974
Indian Institute of Technology Mandi,"Mechanical Engineering (4 Years, Bachelor of Technology)",AI,ST,Female-only (including Supernumerary),201P,201P
Indian Institute of Technology Delhi,"Biotechnology and Biochemical Engineering (4 Years, Bachelor of Technology)",AI,OPEN,Gender-Neutral,3677,4819
Indian Institute of Technology Delhi,"Biotechnology and Biochemical Engineering (4 Years, Bachelor of Technology)",AI,OPEN,Female-only (including Supernumerary),8216,9721
Indian Institute of Technology Delhi,"Biotechnology and Biochemical Engineering (4 Years, Bachelor of Technology)",AI,OPEN (PwD),Female-only (including Supernumerary),229P,229P
Indian Institute of Technology Delhi,"Biotechnology and Biochemical Engineering (4 Years, Bachelor of Technology)",AI,EWS,Gender-Neutral,928,1026
Indian Institute of Technology Delhi,"Biotechnology and Biochemical Engineering (4 Years, Bachelor of Technology)",AI,EWS,Female-only (including Supernumerary),2000,2341
Indian Institute of Technology Delhi,"Biotechnology and Biochemical Engineering (4 Years, Bachelor of Technology)",AI,OBC-NCL,Gender-Neutral,1986,2747
Indian Institute of Technology Delhi,"Biotechnology and Biochemical Engineering (4 Years, Bachelor of Technology)",AI,OBC-NCL,Female-only (including Supernumerary),5747,6727
Indian Institute of Technology Delhi,"Biotechnology and Biochemical Engineering (4 Years, Bachelor of Technology)",AI,SC,Gender-Neutral,1100,1536
Indian Institute of Technology Delhi,"Biotechnology and Biochemical Engineering (4 Years, Bachelor of Technology)",AI,SC,Female-only (including Supernumerary),2663,2673
Indian Institute of Technology Delhi,"Biotechnology and Biochemical Engineering (4 Years, Bachelor of Technology)",AI,ST,Gender-Neutral,496,819
Indian Institute of Technology Delhi,"Biotechnology and Biochemical Engineering (4 Years, Bachelor of Technology)",AI,ST,Female-only (including Supernumerary),1310,1310
Indian Institute of Technology Delhi,"Chemical Engineering (4 Years, Bachelor of Technology)",AI,OPEN,Gender-Neutral,1689,2221
Indian Institute of Technology Delhi,"Chemical Engineering (4 Years, Bachelor of Technology)",AI,OPEN,Female-only (including Supernumerary),3550,5060
Indian Institute of Technology Delhi,"Chemical Engineering (4 Years, Bachelor of Technology)",AI,OPEN (PwD),Gender-Neutral,140,140
Indian Institute of Technology Delhi,"Chemical Engineering (4 Years, Bachelor of Technology)",AI,EWS,Gender-Neutral,283,474
Indian Institute of Technology Delhi,"Chemical Engineering (4 Years, Bachelor of Technology)",AI,EWS,Female-only (including Supernumerary),1308,1358
Indian Institute of Technology Delhi,"Chemical Engineering (4 Years, Bachelor of Technology)",AI,OBC-NCL,Gender-Neutral,960,1281
Indian Institute of Technology Delhi,"Chemical Engineering (4 Years, Bachelor of Technology)",AI,OBC-NCL,Female-only (including Supernumerary),2912,3412
Indian Institute of Technology Delhi,"Chemical Engineering (4 Years, Bachelor of Technology)",AI,SC,Gender-Neutral,126,655
Indian Institute of Technology Delhi,"Chemical Engineering (4 Years, Bachelor of Technology)",AI,SC,Female-only (including Supernumerary),974,1348
Indian Institute of Technology Delhi,"Chemical Engineering (4 Years, Bachelor of Technology)",AI,ST,Gender-Neutral,423,481
Indian Institute of Technology Delhi,"Chemical Engineering (4 Years, Bachelor of Technology)",AI,ST,Female-only (including Supernumerary),771,771
Indian Institute of Technology Delhi,"Chemical Engineering (5 Years, Bachelor and Master of Technology (Dual Degree))",AI,OPEN,Gender-Neutral,2629,3593
Indian Institute of Technology Delhi,"Chemical Engineering (5 Years, Bachelor and Master of Technology (Dual Degree))",AI,OPEN,Female-only (including Supernumerary),6656,6847
Indian Institute of Technology Delhi,"Chemical Engineering (5 Years, Bachelor and Master of Technology (Dual Degree))",AI,EWS,Gender-Neutral,494,594
Indian Institute of Technology Delhi,"Chemical Engineering (5 Years, Bachelor and Master of Technology (Dual Degree))",AI,EWS,Female-only (including Supernumerary),2232,2232
Indian Institute of Technology Delhi,"Chemical Engineering (5 Years, Bachelor and Master of Technology (Dual Degree))",AI,OBC-NCL,Gender-Neutral,1424,1855
Indian Institute of Technology Delhi,"Chemical Engineering (5 Years, Bachelor and Master of Technology (Dual Degree))",AI,OBC-NCL,Female-only (including Supernumerary),3654,4525
Indian Institute of Technology Delhi,"Chemical Engineering (5 Years, Bachelor and Master of Technology (Dual Degree))",AI,OBC-NCL (PwD),Gender-Neutral,60,60
Indian Institute of Technology Delhi,"Chemical Engineering (5 Years, Bachelor and Master of Technology (Dual Degree))",AI,SC,Gender-Neutral,764,887
Indian Institute of Technology Delhi,"Chemical Engineering (5 Years, Bachelor and Master of Technology (Dual Degree))",AI,SC,Female-only (including Supernumerary),1576,2263
Indian Institute of Technology Delhi,"Chemical Engineering (5 Years, Bachelor and Master of Technology (Dual Degree))",AI,ST,Gender-Neutral,233,501
Indian Institute of Technology Delhi,"Chemical Engineering (5 Years, Bachelor and Master of Technology (Dual Degree))",AI,ST,Female-only (including Supernumerary),604,604
Indian Institute of Technology Delhi,"Civil Engineering (4 Years, Bachelor of Technology)",AI,OPEN,Gender-Neutral,2666,4158
Indian Institute of Technology Delhi,"Civil Engineering (4 Years, Bachelor of Technology)",AI,OPEN,Female-only (including Supernumerary),6862,9288
Indian Institute of Technology Delhi,"Civil Engineering (4 Years, Bachelor of Technology)",AI,OPEN (PwD),Gender-Neutral,159,159
Indian Institute of Technology Delhi,"Civil Engineering (4 Years, Bachelor of Technology)",AI,EWS,Gender-Neutral,580,778
Indian Institute of Technology Delhi,"Civil Engineering (4 Years, Bachelor of Technology)",AI,EWS,Female-only (including Supernumerary),1688,1972
Indian Institute of Technology Delhi,"Civil Engineering (4 Years, Bachelor of Technology)",AI,OBC-NCL,Gender-Neutral,1056,2045
Indian Institute of Technology Delhi,"Civil Engineering (4 Years, Bachelor of Technology)",AI,OBC-NCL,Female-only (including Supernumerary),4144,5280
Indian Institute of Technology Delhi,"Civil Engineering (4 Years, Bachelor of Technology)",AI,OBC-NCL (PwD),Gender-Neutral,124P,124P
Indian Institute of Technology Delhi,"Civil Engineering (4 Years, Bachelor of Technology)",AI,SC,Gender-Neutral,396,852
Indian Institute of Technology Delhi,"Civil Engineering (4 Years, Bachelor of Technology)",AI,SC,Female-only (including Supernumerary),1095,1937
Indian Institute of Technology Delhi,"Civil Engineering (4 Years, Bachelor of Technology)",AI,ST,Gender-Neutral,18,188
Indian Institute of Technology Delhi,"Civil Engineering (4 Years, Bachelor of Technology)",AI,ST,Female-only (including Supernumerary),235,312
Indian Institute of Technology Delhi,"Computer Science and Engineering (4 Years, Bachelor of Technology)",AI,OPEN,Gender-Neutral,27,116
Indian Institute of Technology Delhi,"Computer Science and Engineering (4 Years, Bachelor of Technology)",AI,OPEN,Female-only (including Supernumerary),39,556
Indian Institute of Technology Delhi,"Computer Science and Engineering (4 Years, Bachelor of Technology)",AI,OPEN (PwD),Gender-Neutral,5,5
Indian Institute of Technology Delhi,"Computer Science and Engineering (4 Years, Bachelor of Technology)",AI,OPEN (PwD),Female-only (including Supernumerary),68,68
Indian Institute of Technology Delhi,"Computer Science and Engineering (4 Years, Bachelor of Technology)",AI,EWS,Gender-Neutral,24,35
Indian Institute of Technology Delhi,"Computer Science and Engineering (4 Years, Bachelor of Technology)",AI,EWS,Female-only (including Supernumerary),108,145
Indian Institute of Technology Delhi,"Computer Science and Engineering (4 Years, Bachelor of Technology)",AI,OBC-NCL,Gender-Neutral,39,89
Indian Institute of Technology Delhi,"Computer Science and Engineering (4 Years, Bachelor of Technology)",AI,OBC-NCL,Female-only (including Supernumerary),319,394
Indian Institute of Technology Delhi,"Computer Science and Engineering (4 Years, Bachelor of Technology)",AI,OBC-NCL (PwD),Gender-Neutral,3,3
Indian Institute of Technology Delhi,"Computer Science and Engineering (4 Years, Bachelor of Technology)",AI,SC,Gender-Neutral,23,50
Indian Institute of Technology Delhi,"Computer Science and Engineering (4 Years, Bachelor of Technology)",AI,SC,Female-only (including Supernumerary),76,102
Indian Institute of Technology Delhi,"Computer Science and Engineering (4 Years, Bachelor of Technology)",AI,SC (PwD),Gender-Neutral,2,2
Indian Institute of Technology Delhi,"Computer Science and Engineering (4 Years, Bachelor of Technology)",AI,ST,Gender-Neutral,14,23
Indian Institute of Technology Delhi,"Computer Science and Engineering (4 Years, Bachelor of Technology)",AI,ST,Female-only (including Supernumerary),51,52
Indian Institute of Technology Delhi,"Computer Science and Engineering (4 Years, Bachelor of Technology)",AI,ST (PwD),Gender-Neutral,3,3
Indian Institute of Technology Delhi,"Computer Science and Engineering (5 Years, Bachelor and Master of Technology (Dual Degree))",AI,OPEN,Gender-Neutral,128,204
Indian Institute of Technology Delhi,"Computer Science and Engineering (5 Years, Bachelor and Master of Technology (Dual Degree))",AI,OPEN,Female-only (including Supernumerary),958,1061
Indian Institute of Technology Delhi,"Computer Science and Engineering (5 Years, Bachelor and Master of Technology (Dual Degree))",AI,OPEN (PwD),Gender-Neutral,10,10
Indian Institute of Technology Delhi,"Computer Science and Engineering (5 Years, Bachelor and Master of Technology (Dual Degree))",AI,EWS,Gender-Neutral,40,54
Indian Institute of Technology Delhi,"Computer Science and Engineering (5 Years, Bachelor and Master of Technology (Dual Degree))",AI,EWS,Female-only (including Supernumerary),238,238
Indian Institute of Technology Delhi,"Computer Science and Engineering (5 Years, Bachelor and Master of Technology (Dual Degree))",AI,OBC-NCL,Gender-Neutral,120,169
Indian Institute of Technology Delhi,"Computer Science and Engineering (5 Years, Bachelor and Master of Technology (Dual Degree))",AI,OBC-NCL,Female-only (including Supernumerary),417,587
Indian Institute of Technology Delhi,"Computer Science and Engineering (5 Years, Bachelor and Master of Technology (Dual Degree))",AI,SC,Gender-Neutral,46,80
Indian Institute of Technology Delhi,"Computer Science and Engineering (5 Years, Bachelor and Master of Technology (Dual Degree))",AI,SC,Female-only (including Supernumerary),169,169
Indian Institute of Technology Delhi,"Computer Science and Engineering (5 Years, Bachelor and Master of Technology (Dual Degree))",AI,ST,Gender-Neutral,25,42
Indian Institute of Technology Delhi,"Computer Science and Engineering (5 Years, Bachelor and Master of Technology (Dual Degree))",AI,ST,Female-only (including Supernumerary),171,171
Indian Institute of Technology Delhi,"Electrical Engineering (4 Years, Bachelor of Technology)",AI,OPEN,Gender-Neutral,382,622
Indian Institute of Technology Delhi,"Electrical Engineering (4 Years, Bachelor of Technology)",AI,OPEN,Female-only (including Supernumerary),1411,1826
Indian Institute of Technology Delhi,"Electrical Engineering (4 Years, Bachelor of Technology)",AI,OPEN (PwD),Gender-Neutral,34,54
Indian Institute of Technology Delhi,"Electrical Engineering (4 Years, Bachelor of Technology)",AI,OPEN (PwD),Female-only (including Supernumerary),94P,94P
Indian Institute of Technology Delhi,"Electrical Engineering (4 Years, Bachelor of Technology)",AI,EWS,Gender-Neutral,118,156
Indian Institute of Technology Delhi,"Electrical Engineering (4 Years, Bachelor of Technology)",AI,EWS,Female-only (including Supernumerary),478,554
Indian Institute of Technology Delhi,"Electrical Engineering (4 Years, Bachelor of Technology)",AI,EWS (PwD),Gender-Neutral,27,27
Indian Institute of Technology Delhi,"Electrical Engineering (4 Years, Bachelor of Technology)",AI,OBC-NCL,Gender-Neutral,237,412
Indian Institute of Technology Delhi,"Electrical Engineering (4 Years, Bachelor of Technology)",AI,OBC-NCL,Female-only (including Supernumerary),966,1382
Indian Institute of Technology Delhi,"Electrical Engineering (4 Years, Bachelor of Technology)",AI,OBC-NCL (PwD),Gender-Neutral,18,18
Indian Institute of Technology Delhi,"Electrical Engineering (4 Years, Bachelor of Technology)",AI,SC,Gender-Neutral,56,224
Indian Institute of Technology Delhi,"Electrical Engineering (4 Years, Bachelor of Technology)",AI,SC,Female-only (including Supernumerary),240,547
Indian Institute of Technology Delhi,"Electrical Engineering (4 Years, Bachelor of Technology)",AI,ST,Gender-Neutral,24,95
Indian Institute of Technology Delhi,"Electrical Engineering (4 Years, Bachelor of Technology)",AI,ST,Female-only (including Supernumerary),190,205
Indian Institute of Technology Delhi,"Electrical Engineering (4 Years, Bachelor of Technology)",AI,ST (PwD),Gender-Neutral,6P,6P
Indian Institute of Technology Delhi,"Electrical Engineering (Power and Automation) (4 Years, Bachelor of Technology)",AI,OPEN,Gender-Neutral,646,810
Indian Institute of Technology Delhi,"Electrical Engineering (Power and Automation) (4 Years, Bachelor of Technology)",AI,OPEN,Female-only (including Supernumerary),2019,2462
Indian Institute of Technology Delhi,"Electrical Engineering (Power and Automation) (4 Years, Bachelor of Technology)",AI,OPEN (PwD),Gender-Neutral,70,70
Indian Institute of Technology Delhi,"Electrical Engineering (Power and Automation) (4 Years, Bachelor of Technology)",AI,OPEN (PwD),Female-only (including Supernumerary),162,162
Indian Institute of Technology Delhi,"Electrical Engineering (Power and Automation) (4 Years, Bachelor of Technology)",AI,EWS,Gender-Neutral,162,214
Indian Institute of Technology Delhi,"Electrical Engineering (Power and Automation) (4 Years, Bachelor of Technology)",AI,EWS,Female-only (including Supernumerary),700,700
Indian Institute of Technology Delhi,"Electrical Engineering (Power and Automation) (4 Years, Bachelor of Technology)",AI,OBC-NCL,Gender-Neutral,422,493
Indian Institute of Technology Delhi,"Electrical Engineering (Power and Automation) (4 Years, Bachelor of Technology)",AI,OBC-NCL,Female-only (including Supernumerary),1595,1837
Indian Institute of Technology Delhi,"Electrical Engineering (Power and Automation) (4 Years, Bachelor of Technology)",AI,OBC-NCL (PwD),Gender-Neutral,28,28
Indian Institute of Technology Delhi,"Electrical Engineering (Power and Automation) (4 Years, Bachelor of Technology)",AI,SC,Gender-Neutral,249,288
Indian Institute of Technology Delhi,"Electrical Engineering (Power and Automation) (4 Years, Bachelor of Technology)",AI,SC,Female-only (including Supernumerary),739,829
Indian Institute of Technology Delhi,"Electrical Engineering (Power and Automation) (4 Years, Bachelor of Technology)",AI,ST,Gender-Neutral,99,159
Indian Institute of Technology Delhi,"Electrical Engineering (Power and Automation) (4 Years, Bachelor of Technology)",AI,ST,Female-only (including Supernumerary),345,345
Indian Institute of Technology Delhi,"Energy Engineering (4 Years, Bachelor of Technology)",AI,OPEN,Gender-Neutral,1898,2646
Indian Institute of Technology Delhi,"Energy Engineering (4 Years, Bachelor of Technology)",AI,OPEN,Female-only (including Supernumerary),5632,6523
Indian Institute of Technology Delhi,"Energy Engineering (4 Years, Bachelor of Technology)",AI,OPEN (PwD),Gender-Neutral,115P,115P
Indian Institute of Technology Delhi,"Energy Engineering (4 Years, Bachelor of Technology)",AI,EWS,Gender-Neutral,503,565
Indian Institute of Technology Delhi,"Energy Engineering (4 Years, Bachelor of Technology)",AI,EWS,Female-only (including Supernumerary),1137,1137
Indian Institute of Technology Delhi,"Energy Engineering (4 Years, Bachelor of Technology)",AI,OBC-NCL,Gender-Neutral,1362,1896
Indian Institute of Technology Delhi,"Energy Engineering (4 Years, Bachelor of Technology)",AI,OBC-NCL,Female-only (including Supernumerary),4329,4393
Indian Institute of Technology Delhi,"Energy Engineering (4 Years, Bachelor of Technology)",AI,SC,Gender-Neutral,875,1092
Indian Institute of Technology Delhi,"Energy Engineering (4 Years, Bachelor of Technology)",AI,SC,Female-only (including Supernumerary),2231,2231
Indian Institute of Technology Delhi,"Energy Engineering (4 Years, Bachelor of Technology)",AI,ST,Gender-Neutral,586,645
Indian Institute of Technology Delhi,"Energy Engineering (4 Years, Bachelor of Technology)",AI,ST,Female-only (including Supernumerary),1481,1481
Indian Institute of Technology Delhi,"Engineering and Computational Mechanics (4 Years, Bachelor of Technology)",AI,OPEN,Gender-Neutral,890,1194
Indian Institute of Technology Delhi,"Engineering and Computational Mechanics (4 Years, Bachelor of Technology)",AI,OPEN,Female-only (including Supernumerary),2128,3381
Indian Institute of Technology Delhi,"Engineering and Computational Mechanics (4 Years, Bachelor of Technology)",AI,EWS,Gender-Neutral,260,307
Indian Institute of Technology Delhi,"Engineering and Computational Mechanics (4 Years, Bachelor of Technology)",AI,EWS,Female-only (including Supernumerary),1000,1000
Indian Institute of Technology Delhi,"Engineering and Computational Mechanics (4 Years, Bachelor of Technology)",AI,OBC-NCL,Gender-Neutral,190,640
Indian Institute of Technology Delhi,"Engineering and Computational Mechanics (4 Years, Bachelor of Technology)",AI,OBC-NCL,Female-only (including Supernumerary),1854,2151
Indian Institute of Technology Delhi,"Engineering and Computational Mechanics (4 Years, Bachelor of Technology)",AI,OBC-NCL (PwD),Gender-Neutral,43,43
Indian Institute of Technology Delhi,"Engineering and Computational Mechanics (4 Years, Bachelor of Technology)",AI,SC,Gender-Neutral,256,407
Indian Institute of Technology Delhi,"Engineering and Computational Mechanics (4 Years, Bachelor of Technology)",AI,SC,Female-only (including Supernumerary),840,840
Indian Institute of Technology Delhi,"Engineering and Computational Mechanics (4 Years, Bachelor of Technology)",AI,ST,Gender-Neutral,214,245
Indian Institute of Technology Delhi,"Engineering and Computational Mechanics (4 Years, Bachelor of Technology)",AI,ST,Female-only (including Supernumerary),562,562
Indian Institute of Technology Delhi,"Engineering Physics (4 Years, Bachelor of Technology)",AI,OPEN,Gender-Neutral,1719,2449
Indian Institute of Technology Delhi,"Engineering Physics (4 Years, Bachelor of Technology)",AI,OPEN,Female-only (including Supernumerary),4087,7030
Indian Institute of Technology Delhi,"Engineering Physics (4 Years, Bachelor of Technology)",AI,OPEN (PwD),Gender-Neutral,112P,112P
Indian Institute of Technology Delhi,"Engineering Physics (4 Years, Bachelor of Technology)",AI,EWS,Gender-Neutral,600,715
Indian Institute of Technology Delhi,"Engineering Physics (4 Years, Bachelor of Technology)",AI,EWS,Female-only (including Supernumerary),2137,2137
Indian Institute of Technology Delhi,"Engineering Physics (4 Years, Bachelor of Technology)",AI,OBC-NCL,Gender-Neutral,1411,1915
Indian Institute of Technology Delhi,"Engineering Physics (4 Years, Bachelor of Technology)",AI,OBC-NCL,Female-only (including Supernumerary),3516,4096
Indian Institute of Technology Delhi,"Engineering Physics (4 Years, Bachelor of Technology)",AI,SC,Gender-Neutral,749,1104
Indian Institute of Technology Delhi,"Engineering Physics (4 Years, Bachelor of Technology)",AI,SC,Female-only (including Supernumerary),2413,2766
Indian Institute of Technology Delhi,"Engineering Physics (4 Years, Bachelor of Technology)",AI,ST,Gender-Neutral,535,746
Indian Institute of Technology Delhi,"Engineering Physics (4 Years, Bachelor of Technology)",AI,ST,Female-only (including Supernumerary),1016,1016
Indian Institute of Technology Delhi,"Materials Engineering (4 Years, Bachelor of Technology)",AI,OPEN,Gender-Neutral,2422,3787
Indian Institute of Technology Delhi,"Materials Engineering (4 Years, Bachelor of Technology)",AI,OPEN,Female-only (including Supernumerary),8280,9398
Indian Institute of Technology Delhi,"Materials Engineering (4 Years, Bachelor of Technology)",AI,OPEN (PwD),Gender-Neutral,386P,386P
Indian Institute of Technology Delhi,"Materials Engineering (4 Years, Bachelor of Technology)",AI,EWS,Gender-Neutral,598,910
Indian Institute of Technology Delhi,"Materials Engineering (4 Years, Bachelor of Technology)",AI,EWS,Female-only (including Supernumerary),2233,2233
Indian Institute of Technology Delhi,"Materials Engineering (4 Years, Bachelor of Technology)",AI,OBC-NCL,Gender-Neutral,2190,2455
Indian Institute of Technology Delhi,"Materials Engineering (4 Years, Bachelor of Technology)",AI,OBC-NCL,Female-only (including Supernumerary),5821,6191
Indian Institute of Technology Delhi,"Materials Engineering (4 Years, Bachelor of Technology)",AI,SC,Gender-Neutral,1345,1408
Indian Institute of Technology Delhi,"Materials Engineering (4 Years, Bachelor of Technology)",AI,SC,Female-only (including Supernumerary),2545,2545
Indian Institute of Technology Delhi,"Materials Engineering (4 Years, Bachelor of Technology)",AI,ST,Gender-Neutral,797,813
Indian Institute of Technology Delhi,"Materials Engineering (4 Years, Bachelor of Technology)",AI,ST,Female-only (including Supernumerary),1341,1341
Indian Institute of Technology Delhi,"Mathematics and Computing (4 Years, Bachelor of Technology)",AI,OPEN,Gender-Neutral,118,332
Indian Institute of Technology Delhi,"Mathematics and Computing (4 Years, Bachelor of Technology)",AI,OPEN,Female-only (including Supernumerary),824,1240
Indian Institute of Technology Delhi,"Mathematics and Computing (4 Years, Bachelor of Technology)",AI,OPEN (PwD),Gender-Neutral,25,25
Indian Institute of Technology Delhi,"Mathematics and Computing (4 Years, Bachelor of Technology)",AI,OPEN (PwD),Female-only (including Supernumerary),90,90
Indian Institute of Technology Delhi,"Mathematics and Computing (4 Years, Bachelor of Technology)",AI,EWS,Gender-Neutral,38,74
Indian Institute of Technology Delhi,"Mathematics and Computing (4 Years, Bachelor of Technology)",AI,EWS,Female-only (including Supernumerary),374,417
Indian Institute of Technology Delhi,"Mathematics and Computing (4 Years, Bachelor of Technology)",AI,EWS (PwD),Gender-Neutral,12,12
Indian Institute of Technology Delhi,"Mathematics and Computing (4 Years, Bachelor of Technology)",AI,OBC-NCL,Gender-Neutral,93,213
Indian Institute of Technology Delhi,"Mathematics and Computing (4 Years, Bachelor of Technology)",AI,OBC-NCL,Female-only (including Supernumerary),589,757
Indian Institute of Technology Delhi,"Mathematics and Computing (4 Years, Bachelor of Technology)",AI,OBC-NCL (PwD),Gender-Neutral,11,11
Indian Institute of Technology Delhi,"Mathematics and Computing (4 Years, Bachelor of Technology)",AI,SC,Gender-Neutral,85,161
Indian Institute of Technology Delhi,"Mathematics and Computing (4 Years, Bachelor of Technology)",AI,SC,Female-only (including Supernumerary),214,470
Indian Institute of Technology Delhi,"Mathematics and Computing (4 Years, Bachelor of Technology)",AI,SC (PwD),Gender-Neutral,3,3
Indian Institute of Technology Delhi,"Mathematics and Computing (4 Years, Bachelor of Technology)",AI,ST,Gender-Neutral,50,97
Indian Institute of Technology Delhi,"Mathematics and Computing (4 Years, Bachelor of Technology)",AI,ST,Female-only (including Supernumerary),55,55
Indian Institute of Technology Delhi,"Mathematics and Computing (5 Years, Bachelor and Master of Technology (Dual Degree))",AI,OPEN,Gender-Neutral,339,417
Indian Institute of Technology Delhi,"Mathematics and Computing (5 Years, Bachelor and Master of Technology (Dual Degree))",AI,OPEN,Female-only (including Supernumerary),1433,1605
Indian Institute of Technology Delhi,"Mathematics and Computing (5 Years, Bachelor and Master of Technology (Dual Degree))",AI,EWS,Gender-Neutral,78,84
Indian Institute of Technology Delhi,"Mathematics and Computing (5 Years, Bachelor and Master of Technology (Dual Degree))",AI,EWS,Female-only (including Supernumerary),645,645
Indian Institute of Technology Delhi,"Mathematics and Computing (5 Years, Bachelor and Master of Technology (Dual Degree))",AI,OBC-NCL,Gender-Neutral,215,270
Indian Institute of Technology Delhi,"Mathematics and Computing (5 Years, Bachelor and Master of Technology (Dual Degree))",AI,OBC-NCL,Female-only (including Supernumerary),779,1071
Indian Institute of Technology Delhi,"Mathematics and Computing (5 Years, Bachelor and Master of Technology (Dual Degree))",AI,SC,Gender-Neutral,164,170
Indian Institute of Technology Delhi,"Mathematics and Computing (5 Years, Bachelor and Master of Technology (Dual Degree))",AI,SC,Female-only (including Supernumerary),667,667
Indian Institute of Technology Delhi,"Mathematics and Computing (5 Years, Bachelor and Master of Technology (Dual Degree))",AI,SC (PwD),Gender-Neutral,1P,1P
Indian Institute of Technology Delhi,"Mathematics and Computing (5 Years, Bachelor and Master of Technology (Dual Degree))",AI,ST,Gender-Neutral,117,170
Indian Institute of Technology Delhi,"Mechanical Engineering (4 Years, Bachelor of Technology)",AI,OPEN,Gender-Neutral,1225,1774
Indian Institute of Technology Delhi,"Mechanical Engineering (4 Years, Bachelor of Technology)",AI,OPEN,Female-only (including Supernumerary),3748,5487
Indian Institute of Technology Delhi,"Mechanical Engineering (4 Years, Bachelor of Technology)",AI,OPEN (PwD),Gender-Neutral,35,35
Indian Institute of Technology Delhi,"Mechanical Engineering (4 Years, Bachelor of Technology)",AI,EWS,Gender-Neutral,316,387
Indian Institute of Technology Delhi,"Mechanical Engineering (4 Years, Bachelor of Technology)",AI,EWS,Female-only (including Supernumerary),985,1114
Indian Institute of Technology Delhi,"Mechanical Engineering (4 Years, Bachelor of Technology)",AI,EWS (PwD),Gender-Neutral,11P,11P
Indian Institute of Technology Delhi,"Mechanical Engineering (4 Years, Bachelor of Technology)",AI,OBC-NCL,Gender-Neutral,597,1010
Indian Institute of Technology Delhi,"Mechanical Engineering (4 Years, Bachelor of Technology)",AI,OBC-NCL,Female-only (including Supernumerary),2267,3346
Indian Institute of Technology Delhi,"Mechanical Engineering (4 Years, Bachelor of Technology)",AI,OBC-NCL (PwD),Gender-Neutral,41,41
Indian Institute of Technology Delhi,"Mechanical Engineering (4 Years, Bachelor of Technology)",AI,SC,Gender-Neutral,116,500
Indian Institute of Technology Delhi,"Mechanical Engineering (4 Years, Bachelor of Technology)",AI,SC,Female-only (including Supernumerary),1140,1329
Indian Institute of Technology Delhi,"Mechanical Engineering (4 Years, Bachelor of Technology)",AI,ST,Gender-Neutral,208,310
Indian Institute of Technology Delhi,"Mechanical Engineering (4 Years, Bachelor of Technology)",AI,ST,Female-only (including Supernumerary),408,408
Indian Institute of Technology Delhi,"Production and Industrial Engineering (4 Years, Bachelor of Technology)",AI,OPEN,Gender-Neutral,2452,3089
Indian Institute of Technology Delhi,"Production and Industrial Engineering (4 Years, Bachelor of Technology)",AI,OPEN,Female-only (including Supernumerary),7335,8448
Indian Institute of Technology Delhi,"Production and Industrial Engineering (4 Years, Bachelor of Technology)",AI,EWS,Gender-Neutral,537,722
Indian Institute of Technology Delhi,"Production and Industrial Engineering (4 Years, Bachelor of Technology)",AI,EWS,Female-only (including Supernumerary),1596,1734
Indian Institute of Technology Delhi,"Production and Industrial Engineering (4 Years, Bachelor of Technology)",AI,OBC-NCL,Gender-Neutral,879,2172
Indian Institute of Technology Delhi,"Production and Industrial Engineering (4 Years, Bachelor of Technology)",AI,OBC-NCL,Female-only (including Supernumerary),5326,5945
Indian Institute of Technology Delhi,"Production and Industrial Engineering (4 Years, Bachelor of Technology)",AI,SC,Gender-Neutral,825,1335
Indian Institute of Technology Delhi,"Production and Industrial Engineering (4 Years, Bachelor of Technology)",AI,SC,Female-only (including Supernumerary),1875,2391
Indian Institute of Technology Delhi,"Production and Industrial Engineering (4 Years, Bachelor of Technology)",AI,ST,Gender-Neutral,688,810
Indian Institute of Technology Delhi,"Production and Industrial Engineering (4 Years, Bachelor of Technology)",AI,ST,Female-only (including Supernumerary),1159,1159
Indian Institute of Technology Delhi,"Textile Technology (4 Years, Bachelor of Technology)",AI,OPEN,Gender-Neutral,4352,6028
Indian Institute of Technology Delhi,"Textile Technology (4 Years, Bachelor of Technology)",AI,OPEN,Female-only (including Supernumerary),9820,11415
Indian Institute of Technology Delhi,"Textile Technology (4 Years, Bachelor of Technology)",AI,EWS,Gender-Neutral,956,1139
Indian Institute of Technology Delhi,"Textile Technology (4 Years, Bachelor of Technology)",AI,EWS,Female-only (including Supernumerary),2604,2605
Indian Institute of Technology Delhi,"Textile Technology (4 Years, Bachelor of Technology)",AI,OBC-NCL,Gender-Neutral,2665,3184
Indian Institute of Technology Delhi,"Textile Technology (4 Years, Bachelor of Technology)",AI,OBC-NCL,Female-only (including Supernumerary),5730,7737
Indian Institute of Technology Delhi,"Textile Technology (4 Years, Bachelor of Technology)",AI,SC,Gender-Neutral,1579,1780
Indian Institute of Technology Delhi,"Textile Technology (4 Years, Bachelor of Technology)",AI,SC,Female-only (including Supernumerary),2677,2889
Indian Institute of Technology Delhi,"Textile Technology (4 Years, Bachelor of Technology)",AI,ST,Gender-Neutral,836,991
Indian Institute of Technology Delhi,"Textile Technology (4 Years, Bachelor of Technology)",AI,ST,Female-only (including Supernumerary),1386,1538
Indian Institute of Technology Indore,"Chemical Engineering (4 Years, Bachelor of Technology)",AI,OPEN,Gender-Neutral,6615,7555
Indian Institute of Technology Indore,"Chemical Engineering (4 Years, Bachelor of Technology)",AI,OPEN,Female-only (including Supernumerary),14123,15687
Indian Institute of Technology Indore,"Chemical Engineering (4 Years, Bachelor of Technology)",AI,OPEN (PwD),Gender-Neutral,164P,164P
Indian Institute of Technology Indore,"Chemical Engineering (4 Years, Bachelor of Technology)",AI,EWS,Gender-Neutral,1021,1321
Indian Institute of Technology Indore,"Chemical Engineering (4 Years, Bachelor of Technology)",AI,EWS,Female-only (including Supernumerary),2385,2385
Indian Institute of Technology Indore,"Chemical Engineering (4 Years, Bachelor of Technology)",AI,OBC-NCL,Gender-Neutral,3015,3468
Indian Institute of Technology Indore,"Chemical Engineering (4 Years, Bachelor of Technology)",AI,OBC-NCL,Female-only (including Supernumerary),6714,6965
Indian Institute of Technology Indore,"Chemical Engineering (4 Years, Bachelor of Technology)",AI,SC,Gender-Neutral,1513,1871
Indian Institute of Technology Indore,"Chemical Engineering (4 Years, Bachelor of Technology)",AI,SC,Female-only (including Supernumerary),2786,2786
Indian Institute of Technology Indore,"Chemical Engineering (4 Years, Bachelor of Technology)",AI,ST,Gender-Neutral,848,922
Indian Institute of Technology Indore,"Chemical Engineering (4 Years, Bachelor of Technology)",AI,ST,Female-only (including Supernumerary),1642,1642
Indian Institute of Technology Indore,"Civil Engineering (4 Years, Bachelor of Technology)",AI,OPEN,Gender-Neutral,7790,9410
Indian Institute of Technology Indore,"Civil Engineering (4 Years, Bachelor of Technology)",AI,OPEN,Female-only (including Supernumerary),15886,17255
Indian Institute of Technology Indore,"Civil Engineering (4 Years, Bachelor of Technology)",AI,EWS,Gender-Neutral,1299,1458
Indian Institute of Technology Indore,"Civil Engineering (4 Years, Bachelor of Technology)",AI,EWS,Female-only (including Supernumerary),2775,2775
Indian Institute of Technology Indore,"Civil Engineering (4 Years, Bachelor of Technology)",AI,OBC-NCL,Gender-Neutral,3330,3965
Indian Institute of Technology Indore,"Civil Engineering (4 Years, Bachelor of Technology)",AI,OBC-NCL,Female-only (including Supernumerary),6590,7272
Indian Institute of Technology Indore,"Civil Engineering (4 Years, Bachelor of Technology)",AI,SC,Gender-Neutral,1600,1866
Indian Institute of Technology Indore,"Civil Engineering (4 Years, Bachelor of Technology)",AI,SC,Female-only (including Supernumerary),3425,3731
Indian Institute of Technology Indore,"Civil Engineering (4 Years, Bachelor of Technology)",AI,ST,Gender-Neutral,566,631
Indian Institute of Technology Indore,"Civil Engineering (4 Years, Bachelor of Technology)",AI,ST,Female-only (including Supernumerary),1363,1363
Indian Institute of Technology Indore,"Computer Science and Engineering (4 Years, Bachelor of Technology)",AI,OPEN,Gender-Neutral,823,1354
Indian Institute of Technology Indore,"Computer Science and Engineering (4 Years, Bachelor of Technology)",AI,OPEN,Female-only (including Supernumerary),2828,4069
Indian Institute of Technology Indore,"Computer Science and Engineering (4 Years, Bachelor of Technology)",AI,OPEN (PwD),Gender-Neutral,47,57
Indian Institute of Technology Indore,"Computer Science and Engineering (4 Years, Bachelor of Technology)",AI,EWS,Gender-Neutral,163,212
Indian Institute of Technology Indore,"Computer Science and Engineering (4 Years, Bachelor of Technology)",AI,EWS,Female-only (including Supernumerary),523,716
Indian Institute of Technology Indore,"Computer Science and Engineering (4 Years, Bachelor of Technology)",AI,EWS (PwD),Gender-Neutral,14,22
Indian Institute of Technology Indore,"Computer Science and Engineering (4 Years, Bachelor of Technology)",AI,OBC-NCL,Gender-Neutral,301,611
Indian Institute of Technology Indore,"Computer Science and Engineering (4 Years, Bachelor of Technology)",AI,OBC-NCL,Female-only (including Supernumerary),1053,1468
Indian Institute of Technology Indore,"Computer Science and Engineering (4 Years, Bachelor of Technology)",AI,OBC-NCL (PwD),Gender-Neutral,16,16
Indian Institute of Technology Indore,"Computer Science and Engineering (4 Years, Bachelor of Technology)",AI,SC,Gender-Neutral,245,329
Indian Institute of Technology Indore,"Computer Science and Engineering (4 Years, Bachelor of Technology)",AI,SC,Female-only (including Supernumerary),604,728
Indian Institute of Technology Indore,"Computer Science and Engineering (4 Years, Bachelor of Technology)",AI,SC (PwD),Gender-Neutral,12P,12P
Indian Institute of Technology Indore,"Computer Science and Engineering (4 Years, Bachelor of Technology)",AI,ST,Gender-Neutral,113,168
Indian Institute of Technology Indore,"Computer Science and Engineering (4 Years, Bachelor of Technology)",AI,ST,Female-only (including Supernumerary),154,154
Indian Institute of Technology Indore,"Electrical Engineering (4 Years, Bachelor of Technology)",AI,OPEN,Gender-Neutral,2359,3642
Indian Institute of Technology Indore,"Electrical Engineering (4 Years, Bachelor of Technology)",AI,OPEN,Female-only (including Supernumerary),5167,6953
Indian Institute of Technology Indore,"Electrical Engineering (4 Years, Bachelor of Technology)",AI,OPEN (PwD),Gender-Neutral,53P,270P
Indian Institute of Technology Indore,"Electrical Engineering (4 Years, Bachelor of Technology)",AI,EWS,Gender-Neutral,451,619
Indian Institute of Technology Indore,"Electrical Engineering (4 Years, Bachelor of Technology)",AI,EWS,Female-only (including Supernumerary),1460,1579
Indian Institute of Technology Indore,"Electrical Engineering (4 Years, Bachelor of Technology)",AI,EWS (PwD),Gender-Neutral,38P,38P
Indian Institute of Technology Indore,"Electrical Engineering (4 Years, Bachelor of Technology)",AI,OBC-NCL,Gender-Neutral,1193,1637
Indian Institute of Technology Indore,"Electrical Engineering (4 Years, Bachelor of Technology)",AI,OBC-NCL,Female-only (including Supernumerary),2688,4047
Indian Institute of Technology Indore,"Electrical Engineering (4 Years, Bachelor of Technology)",AI,SC,Gender-Neutral,660,997
Indian Institute of Technology Indore,"Electrical Engineering (4 Years, Bachelor of Technology)",AI,SC,Female-only (including Supernumerary),1470,1704
Indian Institute of Technology Indore,"Electrical Engineering (4 Years, Bachelor of Technology)",AI,ST,Gender-Neutral,350,467
Indian Institute of Technology Indore,"Electrical Engineering (4 Years, Bachelor of Technology)",AI,ST,Female-only (including Supernumerary),656,656
Indian Institute of Technology Indore,"Engineering Physics (4 Years, Bachelor of Technology)",AI,OPEN,Gender-Neutral,5610,6913
Indian Institute of Technology Indore,"Engineering Physics (4 Years, Bachelor of Technology)",AI,OPEN,Female-only (including Supernumerary),13790,15115
Indian Institute of Technology Indore,"Engineering Physics (4 Years, Bachelor of Technology)",AI,EWS,Gender-Neutral,1302,1402
Indian Institute of Technology Indore,"Engineering Physics (4 Years, Bachelor of Technology)",AI,OBC-NCL,Gender-Neutral,3128,3618
Indian Institute of Technology Indore,"Engineering Physics (4 Years, Bachelor of Technology)",AI,OBC-NCL,Female-only (including Supernumerary),8144,8144
Indian Institute of Technology Indore,"Engineering Physics (4 Years, Bachelor of Technology)",AI,SC,Gender-Neutral,2066,2070
Indian Institute of Technology Indore,"Engineering Physics (4 Years, Bachelor of Technology)",AI,SC,Female-only (including Supernumerary),4048,4048
Indian Institute of Technology Indore,"Engineering Physics (4 Years, Bachelor of Technology)",AI,ST,Gender-Neutral,1173,1173
Indian Institute of Technology Indore,"Mathematics and Computing (4 Years, Bachelor of Technology)",AI,OPEN,Gender-Neutral,1591,2074
Indian Institute of Technology Indore,"Mathematics and Computing (4 Years, Bachelor of Technology)",AI,OPEN,Female-only (including Supernumerary),4644,4984
Indian Institute of Technology Indore,"Mathematics and Computing (4 Years, Bachelor of Technology)",AI,OPEN (PwD),Gender-Neutral,83,83
Indian Institute of Technology Indore,"Mathematics and Computing (4 Years, Bachelor of Technology)",AI,EWS,Gender-Neutral,232,261
Indian Institute of Technology Indore,"Mathematics and Computing (4 Years, Bachelor of Technology)",AI,EWS,Female-only (including Supernumerary),770,770
Indian Institute of Technology Indore,"Mathematics and Computing (4 Years, Bachelor of Technology)",AI,OBC-NCL,Gender-Neutral,635,1032
Indian Institute of Technology Indore,"Mathematics and Computing (4 Years, Bachelor of Technology)",AI,OBC-NCL,Female-only (including Supernumerary),1807,2076
Indian Institute of Technology Indore,"Mathematics and Computing (4 Years, Bachelor of Technology)",AI,OBC-NCL (PwD),Gender-Neutral,121P,121P
Indian Institute of Technology Indore,"Mathematics and Computing (4 Years, Bachelor of Technology)",AI,SC,Gender-Neutral,575,719
Indian Institute of Technology Indore,"Mathematics and Computing (4 Years, Bachelor of Technology)",AI,SC,Female-only (including Supernumerary),1041,1041
Indian Institute of Technology Indore,"Mathematics and Computing (4 Years, Bachelor of Technology)",AI,ST,Gender-Neutral,260,287
Indian Institute of Technology Indore,"Mathematics and Computing (4 Years, Bachelor of Technology)",AI,ST,Female-only (including Supernumerary),563,563
Indian Institute of Technology Indore,"Mechanical Engineering (4 Years, Bachelor of Technology)",AI,OPEN,Gender-Neutral,4588,6275
Indian Institute of Technology Indore,"Mechanical Engineering (4 Years, Bachelor of Technology)",AI,OPEN,Female-only (including Supernumerary),11751,13169
Indian Institute of Technology Indore,"Mechanical Engineering (4 Years, Bachelor of Technology)",AI,EWS,Gender-Neutral,733,1132
Indian Institute of Technology Indore,"Mechanical Engineering (4 Years, Bachelor of Technology)",AI,EWS,Female-only (including Supernumerary),2103,2304
Indian Institute of Technology Indore,"Mechanical Engineering (4 Years, Bachelor of Technology)",AI,OBC-NCL,Gender-Neutral,2198,2882
Indian Institute of Technology Indore,"Mechanical Engineering (4 Years, Bachelor of Technology)",AI,OBC-NCL,Female-only (including Supernumerary),5254,6314
Indian Institute of Technology Indore,"Mechanical Engineering (4 Years, Bachelor of Technology)",AI,SC,Gender-Neutral,1223,1701
Indian Institute of Technology Indore,"Mechanical Engineering (4 Years, Bachelor of Technology)",AI,SC,Female-only (including Supernumerary),2978,3220
Indian Institute of Technology Indore,"Mechanical Engineering (4 Years, Bachelor of Technology)",AI,ST,Gender-Neutral,573,747
Indian Institute of Technology Indore,"Mechanical Engineering (4 Years, Bachelor of Technology)",AI,ST,Female-only (including Supernumerary),1636,1636
Indian Institute of Technology Indore,"Metallurgical Engineering and Materials Science (4 Years, Bachelor of Technology)",AI,OPEN,Gender-Neutral,8080,10162
Indian Institute of Technology Indore,"Metallurgical Engineering and Materials Science (4 Years, Bachelor of Technology)",AI,OPEN,Female-only (including Supernumerary),15947,18217
Indian Institute of Technology Indore,"Metallurgical Engineering and Materials Science (4 Years, Bachelor of Technology)",AI,EWS,Gender-Neutral,1577,1749
Indian Institute of Technology Indore,"Metallurgical Engineering and Materials Science (4 Years, Bachelor of Technology)",AI,EWS,Female-only (including Supernumerary),2989,2989
Indian Institute of Technology Indore,"Metallurgical Engineering and Materials Science (4 Years, Bachelor of Technology)",AI,OBC-NCL,Gender-Neutral,3582,4524
Indian Institute of Technology Indore,"Metallurgical Engineering and Materials Science (4 Years, Bachelor of Technology)",AI,OBC-NCL,Female-only (including Supernumerary),8322,8551
Indian Institute of Technology Indore,"Metallurgical Engineering and Materials Science (4 Years, Bachelor of Technology)",AI,SC,Gender-Neutral,2163,2583
Indian Institute of Technology Indore,"Metallurgical Engineering and Materials Science (4 Years, Bachelor of Technology)",AI,SC,Female-only (including Supernumerary),3223,4011
Indian Institute of Technology Indore,"Metallurgical Engineering and Materials Science (4 Years, Bachelor of Technology)",AI,ST,Gender-Neutral,1175,1225
Indian Institute of Technology Indore,"Metallurgical Engineering and Materials Science (4 Years, Bachelor of Technology)",AI,ST,Female-only (including Supernumerary),1734,1734
Indian Institute of Technology Indore,"Space Sciences and Engineering (4 Years, Bachelor of Technology)",AI,OPEN,Gender-Neutral,4319,6362
Indian Institute of Technology Indore,"Space Sciences and Engineering (4 Years, Bachelor of Technology)",AI,OPEN,Female-only (including Supernumerary),10683,10970
Indian Institute of Technology Indore,"Space Sciences and Engineering (4 Years, Bachelor of Technology)",AI,EWS,Gender-Neutral,1077,1307
Indian Institute of Technology Indore,"Space Sciences and Engineering (4 Years, Bachelor of Technology)",AI,OBC-NCL,Gender-Neutral,1916,3159
Indian Institute of Technology Indore,"Space Sciences and Engineering (4 Years, Bachelor of Technology)",AI,OBC-NCL,Female-only (including Supernumerary),5795,5795
Indian Institute of Technology Indore,"Space Sciences and Engineering (4 Years, Bachelor of Technology)",AI,SC,Gender-Neutral,1302,1425
Indian Institute of Technology Indore,"Space Sciences and Engineering (4 Years, Bachelor of Technology)",AI,SC,Female-only (including Supernumerary),1731,1731
Indian Institute of Technology Indore,"Space Sciences and Engineering (4 Years, Bachelor of Technology)",AI,ST,Gender-Neutral,719,719
Indian Institute of Technology Kharagpur,"Aerospace Engineering (4 Years, Bachelor of Technology)",AI,OPEN,Gender-Neutral,2716,4565
Indian Institute of Technology Kharagpur,"Aerospace Engineering (4 Years, Bachelor of Technology)",AI,OPEN,Female-only (including Supernumerary),10186,11282
Indian Institute of Technology Kharagpur,"Aerospace Engineering (4 Years, Bachelor of Technology)",AI,OPEN (PwD),Gender-Neutral,269P,269P
Indian Institute of Technology Kharagpur,"Aerospace Engineering (4 Years, Bachelor of Technology)",AI,EWS,Gender-Neutral,628,949
Indian Institute of Technology Kharagpur,"Aerospace Engineering (4 Years, Bachelor of Technology)",AI,EWS,Female-only (including Supernumerary),1513,1513
Indian Institute of Technology Kharagpur,"Aerospace Engineering (4 Years, Bachelor of Technology)",AI,OBC-NCL,Gender-Neutral,1741,2281
Indian Institute of Technology Kharagpur,"Aerospace Engineering (4 Years, Bachelor of Technology)",AI,OBC-NCL,Female-only (including Supernumerary),4427,5359
Indian Institute of Technology Kharagpur,"Aerospace Engineering (4 Years, Bachelor of Technology)",AI,SC,Gender-Neutral,502,1119
Indian Institute of Technology Kharagpur,"Aerospace Engineering (4 Years, Bachelor of Technology)",AI,SC,Female-only (including Supernumerary),2141,2606
Indian Institute of Technology Kharagpur,"Aerospace Engineering (4 Years, Bachelor of Technology)",AI,ST,Gender-Neutral,557,711
Indian Institute of Technology Kharagpur,"Aerospace Engineering (4 Years, Bachelor of Technology)",AI,ST,Female-only (including Supernumerary),388,388
Indian Institute of Technology Kharagpur,"Agricultural and Food Engineering (4 Years, Bachelor of Technology)",AI,OPEN,Gender-Neutral,5515,10218
Indian Institute of Technology Kharagpur,"Agricultural and Food Engineering (4 Years, Bachelor of Technology)",AI,OPEN,Female-only (including Supernumerary),15238,17980
Indian Institute of Technology Kharagpur,"Agricultural and Food Engineering (4 Years, Bachelor of Technology)",AI,EWS,Gender-Neutral,1509,1733
Indian Institute of Technology Kharagpur,"Agricultural and Food Engineering (4 Years, Bachelor of Technology)",AI,EWS,Female-only (including Supernumerary),3247,3462
Indian Institute of Technology Kharagpur,"Agricultural and Food Engineering (4 Years, Bachelor of Technology)",AI,OBC-NCL,Gender-Neutral,3191,4446
Indian Institute of Technology Kharagpur,"Agricultural and Food Engineering (4 Years, Bachelor of Technology)",AI,OBC-NCL,Female-only (including Supernumerary),8281,8496
Indian Institute of Technology Kharagpur,"Agricultural and Food Engineering (4 Years, Bachelor of Technology)",AI,SC,Gender-Neutral,2067,2523
Indian Institute of Technology Kharagpur,"Agricultural and Food Engineering (4 Years, Bachelor of Technology)",AI,SC,Female-only (including Supernumerary),3377,4242
Indian Institute of Technology Kharagpur,"Agricultural and Food Engineering (4 Years, Bachelor of Technology)",AI,ST,Gender-Neutral,1053,1129
Indian Institute of Technology Kharagpur,"Agricultural and Food Engineering (4 Years, Bachelor of Technology)",AI,ST,Female-only (including Supernumerary),343P,343P
Indian Institute of Technology Kharagpur,"Applied Geology (4 Years, Bachelor of Science)",AI,OPEN,Gender-Neutral,10069,12262
Indian Institute of Technology Kharagpur,"Applied Geology (4 Years, Bachelor of Science)",AI,OPEN,Female-only (including Supernumerary),18795,20680
Indian Institute of Technology Kharagpur,"Applied Geology (4 Years, Bachelor of Science)",AI,EWS,Gender-Neutral,1799,2049
Indian Institute of Technology Kharagpur,"Applied Geology (4 Years, Bachelor of Science)",AI,EWS,Female-only (including Supernumerary),4289,4289
Indian Institute of Technology Kharagpur,"Applied Geology (4 Years, Bachelor of Science)",AI,OBC-NCL,Gender-Neutral,4616,5375
Indian Institute of Technology Kharagpur,"Applied Geology (4 Years, Bachelor of Science)",AI,OBC-NCL,Female-only (including Supernumerary),9049,9222
Indian Institute of Technology Kharagpur,"Applied Geology (4 Years, Bachelor of Science)",AI,SC,Gender-Neutral,2982,3045
Indian Institute of Technology Kharagpur,"Applied Geology (4 Years, Bachelor of Science)",AI,SC,Female-only (including Supernumerary),4560,4575
Indian Institute of Technology Kharagpur,"Applied Geology (4 Years, Bachelor of Science)",AI,ST,Gender-Neutral,1387,1462
Indian Institute of Technology Kharagpur,"Applied Geology (4 Years, Bachelor of Science)",AI,ST,Female-only (including Supernumerary),768P,768P
Indian Institute of Technology Kharagpur,"Architecture (5 Years, Bachelor of Architecture)",AI,OPEN,Gender-Neutral,16634,19348
Indian Institute of Technology Kharagpur,"Architecture (5 Years, Bachelor of Architecture)",AI,OPEN,Female-only (including Supernumerary),20942,24653
Indian Institute of Technology Kharagpur,"Architecture (5 Years, Bachelor of Architecture)",AI,EWS,Gender-Neutral,2835,2967
Indian Institute of Technology Kharagpur,"Architecture (5 Years, Bachelor of Architecture)",AI,EWS,Female-only (including Supernumerary),4976,4976
Indian Institute of Technology Kharagpur,"Architecture (5 Years, Bachelor of Architecture)",AI,OBC-NCL,Gender-Neutral,6513,7624
Indian Institute of Technology Kharagpur,"Architecture (5 Years, Bachelor of Architecture)",AI,SC,Gender-Neutral,3797,4204
Indian Institute of Technology Kharagpur,"Architecture (5 Years, Bachelor of Architecture)",AI,SC,Female-only (including Supernumerary),4054,4054
Indian Institute of Technology Kharagpur,"Architecture (5 Years, Bachelor of Architecture)",AI,ST,Gender-Neutral,1094,1755
Indian Institute of Technology Kharagpur,"Architecture (5 Years, Bachelor of Architecture)",AI,ST,Female-only (including Supernumerary),1473P,1473P
Indian Institute of Technology Kharagpur,"Artificial Intelligence (4 Years, Bachelor of Technology)",AI,OPEN,Gender-Neutral,434,826
Indian Institute of Technology Kharagpur,"Artificial Intelligence (4 Years, Bachelor of Technology)",AI,OPEN,Female-only (including Supernumerary),2604,2630
Indian Institute of Technology Kharagpur,"Artificial Intelligence (4 Years, Bachelor of Technology)",AI,OPEN (PwD),Female-only (including Supernumerary),196,104P
Indian Institute of Technology Kharagpur,"Artificial Intelligence (4 Years, Bachelor of Technology)",AI,EWS,Gender-Neutral,120,138
Indian Institute of Technology Kharagpur,"Artificial Intelligence (4 Years, Bachelor of Technology)",AI,EWS,Female-only (including Supernumerary),355,355
Indian Institute of Technology Kharagpur,"Artificial Intelligence (4 Years, Bachelor of Technology)",AI,OBC-NCL,Gender-Neutral,266,369
Indian Institute of Technology Kharagpur,"Artificial Intelligence (4 Years, Bachelor of Technology)",AI,OBC-NCL,Female-only (including Supernumerary),790,943
Indian Institute of Technology Kharagpur,"Artificial Intelligence (4 Years, Bachelor of Technology)",AI,OBC-NCL (PwD),Gender-Neutral,10,10
Indian Institute of Technology Kharagpur,"Artificial Intelligence (4 Years, Bachelor of Technology)",AI,SC,Gender-Neutral,166,243
Indian Institute of Technology Kharagpur,"Artificial Intelligence (4 Years, Bachelor of Technology)",AI,SC,Female-only (including Supernumerary),780,782
Indian Institute of Technology Kharagpur,"Artificial Intelligence (4 Years, Bachelor of Technology)",AI,ST,Gender-Neutral,123,135
Indian Institute of Technology Kharagpur,"Artificial Intelligence (4 Years, Bachelor of Technology)",AI,ST,Female-only (including Supernumerary),256,256
Indian Institute of Technology Kharagpur,"Biotechnology and Biochemical Engineering (4 Years, Bachelor of Technology)",AI,OPEN,Gender-Neutral,5505,7543
Indian Institute of Technology Kharagpur,"Biotechnology and Biochemical Engineering (4 Years, Bachelor of Technology)",AI,OPEN,Female-only (including Supernumerary),13771,15187
Indian Institute of Technology Kharagpur,"Biotechnology and Biochemical Engineering (4 Years, Bachelor of Technology)",AI,EWS,Gender-Neutral,1288,1386
Indian Institute of Technology Kharagpur,"Biotechnology and Biochemical Engineering (4 Years, Bachelor of Technology)",AI,EWS,Female-only (including Supernumerary),2838,2838
Indian Institute of Technology Kharagpur,"Biotechnology and Biochemical Engineering (4 Years, Bachelor of Technology)",AI,OBC-NCL,Gender-Neutral,3326,3759
Indian Institute of Technology Kharagpur,"Biotechnology and Biochemical Engineering (4 Years, Bachelor of Technology)",AI,OBC-NCL,Female-only (including Supernumerary),6514,7810
Indian Institute of Technology Kharagpur,"Biotechnology and Biochemical Engineering (4 Years, Bachelor of Technology)",AI,SC,Gender-Neutral,2034,2294
Indian Institute of Technology Kharagpur,"Biotechnology and Biochemical Engineering (4 Years, Bachelor of Technology)",AI,SC,Female-only (including Supernumerary),1404,2475
Indian Institute of Technology Kharagpur,"Biotechnology and Biochemical Engineering (4 Years, Bachelor of Technology)",AI,ST,Gender-Neutral,806,1002
Indian Institute of Technology Kharagpur,"Biotechnology and Biochemical Engineering (4 Years, Bachelor of Technology)",AI,ST,Female-only (including Supernumerary),1731,1731
Indian Institute of Technology Kharagpur,"Chemical Engineering (4 Years, Bachelor of Technology)",AI,OPEN,Gender-Neutral,3905,4689
Indian Institute of Technology Kharagpur,"Chemical Engineering (4 Years, Bachelor of Technology)",AI,OPEN,Female-only (including Supernumerary),8646,11539
Indian Institute of Technology Kharagpur,"Chemical Engineering (4 Years, Bachelor of Technology)",AI,OPEN (PwD),Gender-Neutral,247P,247P
Indian Institute of Technology Kharagpur,"Chemical Engineering (4 Years, Bachelor of Technology)",AI,EWS,Gender-Neutral,710,856
Indian Institute of Technology Kharagpur,"Chemical Engineering (4 Years, Bachelor of Technology)",AI,EWS,Female-only (including Supernumerary),1858,2117
Indian Institute of Technology Kharagpur,"Chemical Engineering (4 Years, Bachelor of Technology)",AI,OBC-NCL,Gender-Neutral,1779,2299
Indian Institute of Technology Kharagpur,"Chemical Engineering (4 Years, Bachelor of Technology)",AI,OBC-NCL,Female-only (including Supernumerary),4348,5232
Indian Institute of Technology Kharagpur,"Chemical Engineering (4 Years, Bachelor of Technology)",AI,SC,Gender-Neutral,497,1249
Indian Institute of Technology Kharagpur,"Chemical Engineering (4 Years, Bachelor of Technology)",AI,SC,Female-only (including Supernumerary),1292,2540
Indian Institute of Technology Kharagpur,"Chemical Engineering (4 Years, Bachelor of Technology)",AI,ST,Gender-Neutral,683,740
Indian Institute of Technology Kharagpur,"Chemical Engineering (4 Years, Bachelor of Technology)",AI,ST,Female-only (including Supernumerary),375,938
Indian Institute of Technology Kharagpur,"Chemistry (4 Years, Bachelor of Science)",AI,OPEN,Gender-Neutral,7869,11968
Indian Institute of Technology Kharagpur,"Chemistry (4 Years, Bachelor of Science)",AI,OPEN,Female-only (including Supernumerary),16307,19071
Indian Institute of Technology Kharagpur,"Chemistry (4 Years, Bachelor of Science)",AI,EWS,Gender-Neutral,1742,1893
Indian Institute of Technology Kharagpur,"Chemistry (4 Years, Bachelor of Science)",AI,EWS,Female-only (including Supernumerary),3837,3837
Indian Institute of Technology Kharagpur,"Chemistry (4 Years, Bachelor of Science)",AI,OBC-NCL,Gender-Neutral,4035,5219
Indian Institute of Technology Kharagpur,"Chemistry (4 Years, Bachelor of Science)",AI,OBC-NCL,Female-only (including Supernumerary),8481,8578
Indian Institute of Technology Kharagpur,"Chemistry (4 Years, Bachelor of Science)",AI,SC,Gender-Neutral,1740,2868
Indian Institute of Technology Kharagpur,"Chemistry (4 Years, Bachelor of Science)",AI,SC,Female-only (including Supernumerary),3919,3919
Indian Institute of Technology Kharagpur,"Chemistry (4 Years, Bachelor of Science)",AI,ST,Gender-Neutral,1413,1496
Indian Institute of Technology Kharagpur,"Chemistry (4 Years, Bachelor of Science)",AI,ST,Female-only (including Supernumerary),576P,576P
Indian Institute of Technology Kharagpur,"Civil Engineering (4 Years, Bachelor of Technology)",AI,OPEN,Gender-Neutral,4900,6465
Indian Institute of Technology Kharagpur,"Civil Engineering (4 Years, Bachelor of Technology)",AI,OPEN,Female-only (including Supernumerary),12769,14776
Indian Institute of Technology Kharagpur,"Civil Engineering (4 Years, Bachelor of Technology)",AI,OPEN (PwD),Gender-Neutral,149,149
Indian Institute of Technology Kharagpur,"Civil Engineering (4 Years, Bachelor of Technology)",AI,EWS,Gender-Neutral,1032,1177
Indian Institute of Technology Kharagpur,"Civil Engineering (4 Years, Bachelor of Technology)",AI,EWS,Female-only (including Supernumerary),2293,2357
Indian Institute of Technology Kharagpur,"Civil Engineering (4 Years, Bachelor of Technology)",AI,OBC-NCL,Gender-Neutral,2031,2987
Indian Institute of Technology Kharagpur,"Civil Engineering (4 Years, Bachelor of Technology)",AI,OBC-NCL,Female-only (including Supernumerary),5456,6125
Indian Institute of Technology Kharagpur,"Civil Engineering (4 Years, Bachelor of Technology)",AI,SC,Gender-Neutral,1232,1550
Indian Institute of Technology Kharagpur,"Civil Engineering (4 Years, Bachelor of Technology)",AI,SC,Female-only (including Supernumerary),1170,1474
Indian Institute of Technology Kharagpur,"Civil Engineering (4 Years, Bachelor of Technology)",AI,ST,Gender-Neutral,405,541
Indian Institute of Technology Kharagpur,"Civil Engineering (4 Years, Bachelor of Technology)",AI,ST,Female-only (including Supernumerary),960,1158
Indian Institute of Technology Kharagpur,"Computer Science and Engineering (4 Years, Bachelor of Technology)",AI,OPEN,Gender-Neutral,226,414
Indian Institute of Technology Kharagpur,"Computer Science and Engineering (4 Years, Bachelor of Technology)",AI,OPEN,Female-only (including Supernumerary),1172,1579
Indian Institute of Technology Kharagpur,"Computer Science and Engineering (4 Years, Bachelor of Technology)",AI,OPEN (PwD),Gender-Neutral,20,22
Indian Institute of Technology Kharagpur,"Computer Science and Engineering (4 Years, Bachelor of Technology)",AI,OPEN (PwD),Female-only (including Supernumerary),66,66
Indian Institute of Technology Kharagpur,"Computer Science and Engineering (4 Years, Bachelor of Technology)",AI,EWS,Gender-Neutral,53,67
Indian Institute of Technology Kharagpur,"Computer Science and Engineering (4 Years, Bachelor of Technology)",AI,EWS,Female-only (including Supernumerary),171,306
Indian Institute of Technology Kharagpur,"Computer Science and Engineering (4 Years, Bachelor of Technology)",AI,EWS (PwD),Gender-Neutral,7,9
Indian Institute of Technology Kharagpur,"Computer Science and Engineering (4 Years, Bachelor of Technology)",AI,OBC-NCL,Gender-Neutral,91,209
Indian Institute of Technology Kharagpur,"Computer Science and Engineering (4 Years, Bachelor of Technology)",AI,OBC-NCL,Female-only (including Supernumerary),396,599
Indian Institute of Technology Kharagpur,"Computer Science and Engineering (4 Years, Bachelor of Technology)",AI,OBC-NCL (PwD),Gender-Neutral,7,7
Indian Institute of Technology Kharagpur,"Computer Science and Engineering (4 Years, Bachelor of Technology)",AI,SC,Gender-Neutral,17,137
Indian Institute of Technology Kharagpur,"Computer Science and Engineering (4 Years, Bachelor of Technology)",AI,SC,Female-only (including Supernumerary),151,386
Indian Institute of Technology Kharagpur,"Computer Science and Engineering (4 Years, Bachelor of Technology)",AI,SC (PwD),Gender-Neutral,6,6
Indian Institute of Technology Kharagpur,"Computer Science and Engineering (4 Years, Bachelor of Technology)",AI,ST,Gender-Neutral,33,67
Indian Institute of Technology Kharagpur,"Computer Science and Engineering (4 Years, Bachelor of Technology)",AI,ST,Female-only (including Supernumerary),183,206
Indian Institute of Technology Kharagpur,"Computer Science and Engineering (4 Years, Bachelor of Technology)",AI,ST (PwD),Gender-Neutral,5P,5P
Indian Institute of Technology Kharagpur,"Economics (4 Years, Bachelor of Science)",AI,OPEN,Gender-Neutral,3176,5080
Indian Institute of Technology Kharagpur,"Economics (4 Years, Bachelor of Science)",AI,OPEN,Female-only (including Supernumerary),6763,10746
Indian Institute of Technology Kharagpur,"Economics (4 Years, Bachelor of Science)",AI,OPEN (PwD),Gender-Neutral,189P,189P
Indian Institute of Technology Kharagpur,"Economics (4 Years, Bachelor of Science)",AI,EWS,Gender-Neutral,698,986
Indian Institute of Technology Kharagpur,"Economics (4 Years, Bachelor of Science)",AI,EWS,Female-only (including Supernumerary),1971,1971
Indian Institute of Technology Kharagpur,"Economics (4 Years, Bachelor of Science)",AI,OBC-NCL,Gender-Neutral,1769,2606
Indian Institute of Technology Kharagpur,"Economics (4 Years, Bachelor of Science)",AI,OBC-NCL,Female-only (including Supernumerary),5105,6118
Indian Institute of Technology Kharagpur,"Economics (4 Years, Bachelor of Science)",AI,SC,Gender-Neutral,1632,2027
Indian Institute of Technology Kharagpur,"Economics (4 Years, Bachelor of Science)",AI,SC,Female-only (including Supernumerary),3690,3724
Indian Institute of Technology Kharagpur,"Economics (4 Years, Bachelor of Science)",AI,ST,Gender-Neutral,637,818
Indian Institute of Technology Kharagpur,"Economics (4 Years, Bachelor of Science)",AI,ST,Female-only (including Supernumerary),1444,1444
Indian Institute of Technology Kharagpur,"Electrical Engineering (4 Years, Bachelor of Technology)",AI,OPEN,Gender-Neutral,1460,1893
Indian Institute of Technology Kharagpur,"Electrical Engineering (4 Years, Bachelor of Technology)",AI,OPEN,Female-only (including Supernumerary),3647,5045
Indian Institute of Technology Kharagpur,"Electrical Engineering (4 Years, Bachelor of Technology)",AI,OPEN (PwD),Gender-Neutral,112,133
Indian Institute of Technology Kharagpur,"Electrical Engineering (4 Years, Bachelor of Technology)",AI,EWS,Gender-Neutral,268,336
Indian Institute of Technology Kharagpur,"Electrical Engineering (4 Years, Bachelor of Technology)",AI,EWS,Female-only (including Supernumerary),847,974
Indian Institute of Technology Kharagpur,"Electrical Engineering (4 Years, Bachelor of Technology)",AI,OBC-NCL,Gender-Neutral,719,903
Indian Institute of Technology Kharagpur,"Electrical Engineering (4 Years, Bachelor of Technology)",AI,OBC-NCL,Female-only (including Supernumerary),1657,2057
Indian Institute of Technology Kharagpur,"Electrical Engineering (4 Years, Bachelor of Technology)",AI,OBC-NCL (PwD),Gender-Neutral,29P,29P
Indian Institute of Technology Kharagpur,"Electrical Engineering (4 Years, Bachelor of Technology)",AI,SC,Gender-Neutral,415,544
Indian Institute of Technology Kharagpur,"Electrical Engineering (4 Years, Bachelor of Technology)",AI,SC,Female-only (including Supernumerary),1244,1307
Indian Institute of Technology Kharagpur,"Electrical Engineering (4 Years, Bachelor of Technology)",AI,ST,Gender-Neutral,225,257
Indian Institute of Technology Kharagpur,"Electrical Engineering (4 Years, Bachelor of Technology)",AI,ST,Female-only (including Supernumerary),551,618
Indian Institute of Technology Kharagpur,"Electronics and Electrical Communication Engineering (4 Years, Bachelor of Technology)",AI,OPEN,Gender-Neutral,516,1446
Indian Institute of Technology Kharagpur,"Electronics and Electrical Communication Engineering (4 Years, Bachelor of Technology)",AI,OPEN,Female-only (including Supernumerary),1815,3372
Indian Institute of Technology Kharagpur,"Electronics and Electrical Communication Engineering (4 Years, Bachelor of Technology)",AI,OPEN (PwD),Gender-Neutral,21,72
Indian Institute of Technology Kharagpur,"Electronics and Electrical Communication Engineering (4 Years, Bachelor of Technology)",AI,OPEN (PwD),Female-only (including Supernumerary),297P,297P
Indian Institute of Technology Kharagpur,"Electronics and Electrical Communication Engineering (4 Years, Bachelor of Technology)",AI,EWS,Gender-Neutral,185,226
Indian Institute of Technology Kharagpur,"Electronics and Electrical Communication Engineering (4 Years, Bachelor of Technology)",AI,EWS,Female-only (including Supernumerary),519,802
Indian Institute of Technology Kharagpur,"Electronics and Electrical Communication Engineering (4 Years, Bachelor of Technology)",AI,EWS (PwD),Gender-Neutral,30,30
Indian Institute of Technology Kharagpur,"Electronics and Electrical Communication Engineering (4 Years, Bachelor of Technology)",AI,OBC-NCL,Gender-Neutral,234,660
Indian Institute of Technology Kharagpur,"Electronics and Electrical Communication Engineering (4 Years, Bachelor of Technology)",AI,OBC-NCL,Female-only (including Supernumerary),977,1672
Indian Institute of Technology Kharagpur,"Electronics and Electrical Communication Engineering (4 Years, Bachelor of Technology)",AI,OBC-NCL (PwD),Gender-Neutral,32,25P
Indian Institute of Technology Kharagpur,"Electronics and Electrical Communication Engineering (4 Years, Bachelor of Technology)",AI,SC,Gender-Neutral,157,390
Indian Institute of Technology Kharagpur,"Electronics and Electrical Communication Engineering (4 Years, Bachelor of Technology)",AI,SC,Female-only (including Supernumerary),664,1135
Indian Institute of Technology Kharagpur,"Electronics and Electrical Communication Engineering (4 Years, Bachelor of Technology)",AI,SC (PwD),Gender-Neutral,9,9
Indian Institute of Technology Kharagpur,"Electronics and Electrical Communication Engineering (4 Years, Bachelor of Technology)",AI,ST,Gender-Neutral,110,219
Indian Institute of Technology Kharagpur,"Electronics and Electrical Communication Engineering (4 Years, Bachelor of Technology)",AI,ST,Female-only (including Supernumerary),372,448
Indian Institute of Technology Kharagpur,"Exploration Geophysics (4 Years, Bachelor of Science)",AI,OPEN,Gender-Neutral,9996,11575
Indian Institute of Technology Kharagpur,"Exploration Geophysics (4 Years, Bachelor of Science)",AI,OPEN,Female-only (including Supernumerary),18200,19316
Indian Institute of Technology Kharagpur,"Exploration Geophysics (4 Years, Bachelor of Science)",AI,EWS,Gender-Neutral,1877,1955
Indian Institute of Technology Kharagpur,"Exploration Geophysics (4 Years, Bachelor of Science)",AI,EWS,Female-only (including Supernumerary),4287,4287
Indian Institute of Technology Kharagpur,"Exploration Geophysics (4 Years, Bachelor of Science)",AI,OBC-NCL,Gender-Neutral,4299,4857
Indian Institute of Technology Kharagpur,"Exploration Geophysics (4 Years, Bachelor of Science)",AI,OBC-NCL,Female-only (including Supernumerary),7981,8798
Indian Institute of Technology Kharagpur,"Exploration Geophysics (4 Years, Bachelor of Science)",AI,SC,Gender-Neutral,2708,2874
Indian Institute of Technology Kharagpur,"Exploration Geophysics (4 Years, Bachelor of Science)",AI,SC,Female-only (including Supernumerary),4168,4168
Indian Institute of Technology Kharagpur,"Exploration Geophysics (4 Years, Bachelor of Science)",AI,ST,Gender-Neutral,1482,1483
Indian Institute of Technology Kharagpur,"Exploration Geophysics (4 Years, Bachelor of Science)",AI,ST,Female-only (including Supernumerary),457P,457P
Indian Institute of Technology Kharagpur,"Industrial and Systems Engineering (4 Years, Bachelor of Technology)",AI,OPEN,Gender-Neutral,2915,4099
Indian Institute of Technology Kharagpur,"Industrial and Systems Engineering (4 Years, Bachelor of Technology)",AI,OPEN,Female-only (including Supernumerary),7214,10726
Indian Institute of Technology Kharagpur,"Industrial and Systems Engineering (4 Years, Bachelor of Technology)",AI,OPEN (PwD),Gender-Neutral,155,155
Indian Institute of Technology Kharagpur,"Industrial and Systems Engineering (4 Years, Bachelor of Technology)",AI,EWS,Gender-Neutral,510,736
Indian Institute of Technology Kharagpur,"Industrial and Systems Engineering (4 Years, Bachelor of Technology)",AI,EWS,Female-only (including Supernumerary),1665,1665
Indian Institute of Technology Kharagpur,"Industrial and Systems Engineering (4 Years, Bachelor of Technology)",AI,OBC-NCL,Gender-Neutral,1112,2290
Indian Institute of Technology Kharagpur,"Industrial and Systems Engineering (4 Years, Bachelor of Technology)",AI,OBC-NCL,Female-only (including Supernumerary),3669,5032
Indian Institute of Technology Kharagpur,"Industrial and Systems Engineering (4 Years, Bachelor of Technology)",AI,SC,Gender-Neutral,1171,1653
Indian Institute of Technology Kharagpur,"Industrial and Systems Engineering (4 Years, Bachelor of Technology)",AI,SC,Female-only (including Supernumerary),2378,2552
Indian Institute of Technology Kharagpur,"Industrial and Systems Engineering (4 Years, Bachelor of Technology)",AI,ST,Gender-Neutral,567,840
Indian Institute of Technology Kharagpur,"Industrial and Systems Engineering (4 Years, Bachelor of Technology)",AI,ST,Female-only (including Supernumerary),1200,1200
Indian Institute of Technology Kharagpur,"Instrumentation Engineering (4 Years, Bachelor of Technology)",AI,OPEN,Gender-Neutral,2022,2473
Indian Institute of Technology Kharagpur,"Instrumentation Engineering (4 Years, Bachelor of Technology)",AI,OPEN,Female-only (including Supernumerary),5048,6569
Indian Institute of Technology Kharagpur,"Instrumentation Engineering (4 Years, Bachelor of Technology)",AI,OPEN (PwD),Gender-Neutral,167,167
Indian Institute of Technology Kharagpur,"Instrumentation Engineering (4 Years, Bachelor of Technology)",AI,EWS,Gender-Neutral,403,466
Indian Institute of Technology Kharagpur,"Instrumentation Engineering (4 Years, Bachelor of Technology)",AI,EWS,Female-only (including Supernumerary),1663,1663
Indian Institute of Technology Kharagpur,"Instrumentation Engineering (4 Years, Bachelor of Technology)",AI,OBC-NCL,Gender-Neutral,1035,1296
Indian Institute of Technology Kharagpur,"Instrumentation Engineering (4 Years, Bachelor of Technology)",AI,OBC-NCL,Female-only (including Supernumerary),3385,3448
Indian Institute of Technology Kharagpur,"Instrumentation Engineering (4 Years, Bachelor of Technology)",AI,SC,Gender-Neutral,609,877
Indian Institute of Technology Kharagpur,"Instrumentation Engineering (4 Years, Bachelor of Technology)",AI,SC,Female-only (including Supernumerary),1880,1880
Indian Institute of Technology Kharagpur,"Instrumentation Engineering (4 Years, Bachelor of Technology)",AI,ST,Gender-Neutral,505,583
Indian Institute of Technology Kharagpur,"Instrumentation Engineering (4 Years, Bachelor of Technology)",AI,ST,Female-only (including Supernumerary),1540,1540
Indian Institute of Technology Kharagpur,"Manufacturing Science and Engineering (4 Years, Bachelor of Technology)",AI,OPEN,Gender-Neutral,4523,5964
Indian Institute of Technology Kharagpur,"Manufacturing Science and Engineering (4 Years, Bachelor of Technology)",AI,OPEN,Female-only (including Supernumerary),12127,12738
Indian Institute of Technology Kharagpur,"Manufacturing Science and Engineering (4 Years, Bachelor of Technology)",AI,EWS,Gender-Neutral,772,1251
Indian Institute of Technology Kharagpur,"Manufacturing Science and Engineering (4 Years, Bachelor of Technology)",AI,EWS,Female-only (including Supernumerary),2407,2407
Indian Institute of Technology Kharagpur,"Manufacturing Science and Engineering (4 Years, Bachelor of Technology)",AI,OBC-NCL,Gender-Neutral,2322,3276
Indian Institute of Technology Kharagpur,"Manufacturing Science and Engineering (4 Years, Bachelor of Technology)",AI,OBC-NCL,Female-only (including Supernumerary),5944,6497
Indian Institute of Technology Kharagpur,"Manufacturing Science and Engineering (4 Years, Bachelor of Technology)",AI,SC,Gender-Neutral,1820,2076
Indian Institute of Technology Kharagpur,"Manufacturing Science and Engineering (4 Years, Bachelor of Technology)",AI,SC,Female-only (including Supernumerary),3147,3665
Indian Institute of Technology Kharagpur,"Manufacturing Science and Engineering (4 Years, Bachelor of Technology)",AI,ST,Gender-Neutral,952,1034
Indian Institute of Technology Kharagpur,"Manufacturing Science and Engineering (4 Years, Bachelor of Technology)",AI,ST,Female-only (including Supernumerary),1677,1677
Indian Institute of Technology Kharagpur,"Mathematics and Computing (4 Years, Bachelor of Science)",AI,OPEN,Gender-Neutral,971,1290
Indian Institute of Technology Kharagpur,"Mathematics and Computing (4 Years, Bachelor of Science)",AI,OPEN,Female-only (including Supernumerary),3514,3957
Indian Institute of Technology Kharagpur,"Mathematics and Computing (4 Years, Bachelor of Science)",AI,OPEN (PwD),Gender-Neutral,53,53
Indian Institute of Technology Kharagpur,"Mathematics and Computing (4 Years, Bachelor of Science)",AI,EWS,Gender-Neutral,117,239
Indian Institute of Technology Kharagpur,"Mathematics and Computing (4 Years, Bachelor of Science)",AI,EWS,Female-only (including Supernumerary),757,757
Indian Institute of Technology Kharagpur,"Mathematics and Computing (4 Years, Bachelor of Science)",AI,OBC-NCL,Gender-Neutral,420,720
Indian Institute of Technology Kharagpur,"Mathematics and Computing (4 Years, Bachelor of Science)",AI,OBC-NCL,Female-only (including Supernumerary),1478,1883
Indian Institute of Technology Kharagpur,"Mathematics and Computing (4 Years, Bachelor of Science)",AI,OBC-NCL (PwD),Gender-Neutral,4P,4P
Indian Institute of Technology Kharagpur,"Mathematics and Computing (4 Years, Bachelor of Science)",AI,SC,Gender-Neutral,229,509
Indian Institute of Technology Kharagpur,"Mathematics and Computing (4 Years, Bachelor of Science)",AI,SC,Female-only (including Supernumerary),1149,1405
Indian Institute of Technology Kharagpur,"Mathematics and Computing (4 Years, Bachelor of Science)",AI,ST,Gender-Neutral,161,267
Indian Institute of Technology Kharagpur,"Mathematics and Computing (4 Years, Bachelor of Science)",AI,ST,Female-only (including Supernumerary),415,415
Indian Institute of Technology Kharagpur,"Mechanical Engineering (4 Years, Bachelor of Technology)",AI,OPEN,Gender-Neutral,2160,3353
Indian Institute of Technology Kharagpur,"Mechanical Engineering (4 Years, Bachelor of Technology)",AI,OPEN,Female-only (including Supernumerary),6783,10251
Indian Institute of Technology Kharagpur,"Mechanical Engineering (4 Years, Bachelor of Technology)",AI,OPEN (PwD),Gender-Neutral,188P,356P
Indian Institute of Technology Kharagpur,"Mechanical Engineering (4 Years, Bachelor of Technology)",AI,EWS,Gender-Neutral,497,656
Indian Institute of Technology Kharagpur,"Mechanical Engineering (4 Years, Bachelor of Technology)",AI,EWS,Female-only (including Supernumerary),1435,1864
Indian Institute of Technology Kharagpur,"Mechanical Engineering (4 Years, Bachelor of Technology)",AI,OBC-NCL,Gender-Neutral,1137,1686
Indian Institute of Technology Kharagpur,"Mechanical Engineering (4 Years, Bachelor of Technology)",AI,OBC-NCL,Female-only (including Supernumerary),3415,4197
Indian Institute of Technology Kharagpur,"Mechanical Engineering (4 Years, Bachelor of Technology)",AI,SC,Gender-Neutral,83,950
Indian Institute of Technology Kharagpur,"Mechanical Engineering (4 Years, Bachelor of Technology)",AI,SC,Female-only (including Supernumerary),1567,2010
Indian Institute of Technology Kharagpur,"Mechanical Engineering (4 Years, Bachelor of Technology)",AI,ST,Gender-Neutral,381,540
Indian Institute of Technology Kharagpur,"Mechanical Engineering (4 Years, Bachelor of Technology)",AI,ST,Female-only (including Supernumerary),708,888
Indian Institute of Technology Kharagpur,"Metallurgical and Materials Engineering (4 Years, Bachelor of Technology)",AI,OPEN,Gender-Neutral,5472,6871
Indian Institute of Technology Kharagpur,"Metallurgical and Materials Engineering (4 Years, Bachelor of Technology)",AI,OPEN,Female-only (including Supernumerary),12914,14537
Indian Institute of Technology Kharagpur,"Metallurgical and Materials Engineering (4 Years, Bachelor of Technology)",AI,OPEN (PwD),Gender-Neutral,388P,388P
Indian Institute of Technology Kharagpur,"Metallurgical and Materials Engineering (4 Years, Bachelor of Technology)",AI,EWS,Gender-Neutral,1292,1353
Indian Institute of Technology Kharagpur,"Metallurgical and Materials Engineering (4 Years, Bachelor of Technology)",AI,EWS,Female-only (including Supernumerary),2637,2697
Indian Institute of Technology Kharagpur,"Metallurgical and Materials Engineering (4 Years, Bachelor of Technology)",AI,OBC-NCL,Gender-Neutral,2394,3365
Indian Institute of Technology Kharagpur,"Metallurgical and Materials Engineering (4 Years, Bachelor of Technology)",AI,OBC-NCL,Female-only (including Supernumerary),6844,7202
Indian Institute of Technology Kharagpur,"Metallurgical and Materials Engineering (4 Years, Bachelor of Technology)",AI,SC,Gender-Neutral,1523,2024
Indian Institute of Technology Kharagpur,"Metallurgical and Materials Engineering (4 Years, Bachelor of Technology)",AI,SC,Female-only (including Supernumerary),2762,2994
Indian Institute of Technology Kharagpur,"Metallurgical and Materials Engineering (4 Years, Bachelor of Technology)",AI,ST,Gender-Neutral,839,929
Indian Institute of Technology Kharagpur,"Metallurgical and Materials Engineering (4 Years, Bachelor of Technology)",AI,ST,Female-only (including Supernumerary),1622,1622
Indian Institute of Technology Kharagpur,"Mining Engineering (4 Years, Bachelor of Technology)",AI,OPEN,Gender-Neutral,7431,9252
Indian Institute of Technology Kharagpur,"Mining Engineering (4 Years, Bachelor of Technology)",AI,OPEN,Female-only (including Supernumerary),16049,18094
Indian Institute of Technology Kharagpur,"Mining Engineering (4 Years, Bachelor of Technology)",AI,EWS,Gender-Neutral,1359,1523
Indian Institute of Technology Kharagpur,"Mining Engineering (4 Years, Bachelor of Technology)",AI,EWS,Female-only (including Supernumerary),3189,3206
Indian Institute of Technology Kharagpur,"Mining Engineering (4 Years, Bachelor of Technology)",AI,OBC-NCL,Gender-Neutral,3031,4000
Indian Institute of Technology Kharagpur,"Mining Engineering (4 Years, Bachelor of Technology)",AI,OBC-NCL,Female-only (including Supernumerary),7866,8464
Indian Institute of Technology Kharagpur,"Mining Engineering (4 Years, Bachelor of Technology)",AI,SC,Gender-Neutral,1678,2271
Indian Institute of Technology Kharagpur,"Mining Engineering (4 Years, Bachelor of Technology)",AI,SC,Female-only (including Supernumerary),3003,4060
Indian Institute of Technology Kharagpur,"Mining Engineering (4 Years, Bachelor of Technology)",AI,ST,Gender-Neutral,933,1085
Indian Institute of Technology Kharagpur,"Mining Engineering (4 Years, Bachelor of Technology)",AI,ST,Female-only (including Supernumerary),69P,184P
Indian Institute of Technology Kharagpur,"Ocean Engineering and Naval Architecture (4 Years, Bachelor of Technology)",AI,OPEN,Gender-Neutral,7413,8707
Indian Institute of Technology Kharagpur,"Ocean Engineering and Naval Architecture (4 Years, Bachelor of Technology)",AI,OPEN,Female-only (including Supernumerary),15331,16849
Indian Institute of Technology Kharagpur,"Ocean Engineering and Naval Architecture (4 Years, Bachelor of Technology)",AI,EWS,Gender-Neutral,1441,1650
Indian Institute of Technology Kharagpur,"Ocean Engineering and Naval Architecture (4 Years, Bachelor of Technology)",AI,EWS,Female-only (including Supernumerary),2531,3390
Indian Institute of Technology Kharagpur,"Ocean Engineering and Naval Architecture (4 Years, Bachelor of Technology)",AI,OBC-NCL,Gender-Neutral,3313,4097
Indian Institute of Technology Kharagpur,"Ocean Engineering and Naval Architecture (4 Years, Bachelor of Technology)",AI,OBC-NCL,Female-only (including Supernumerary),7362,8128
Indian Institute of Technology Kharagpur,"Ocean Engineering and Naval Architecture (4 Years, Bachelor of Technology)",AI,SC,Gender-Neutral,2174,2357
Indian Institute of Technology Kharagpur,"Ocean Engineering and Naval Architecture (4 Years, Bachelor of Technology)",AI,SC,Female-only (including Supernumerary),3618,3976
Indian Institute of Technology Kharagpur,"Ocean Engineering and Naval Architecture (4 Years, Bachelor of Technology)",AI,ST,Gender-Neutral,1128,1192
Indian Institute of Technology Kharagpur,"Ocean Engineering and Naval Architecture (4 Years, Bachelor of Technology)",AI,ST,Female-only (including Supernumerary),269P,269P
Indian Institute of Technology Kharagpur,"Physics (4 Years, Bachelor of Science)",AI,OPEN,Gender-Neutral,2957,8465
Indian Institute of Technology Kharagpur,"Physics (4 Years, Bachelor of Science)",AI,OPEN,Female-only (including Supernumerary),14639,17600
Indian Institute of Technology Kharagpur,"Physics (4 Years, Bachelor of Science)",AI,EWS,Gender-Neutral,1478,1701
Indian Institute of Technology Kharagpur,"Physics (4 Years, Bachelor of Science)",AI,EWS,Female-only (including Supernumerary),3668,3668
Indian Institute of Technology Kharagpur,"Physics (4 Years, Bachelor of Science)",AI,OBC-NCL,Gender-Neutral,3604,4401
Indian Institute of Technology Kharagpur,"Physics (4 Years, Bachelor of Science)",AI,OBC-NCL,Female-only (including Supernumerary),7850,8776
Indian Institute of Technology Kharagpur,"Physics (4 Years, Bachelor of Science)",AI,SC,Gender-Neutral,2394,2664
Indian Institute of Technology Kharagpur,"Physics (4 Years, Bachelor of Science)",AI,SC,Female-only (including Supernumerary),3740,3740
Indian Institute of Technology Kharagpur,"Physics (4 Years, Bachelor of Science)",AI,ST,Gender-Neutral,1126,1336
Indian Institute of Technology Kharagpur,"Physics (4 Years, Bachelor of Science)",AI,ST,Female-only (including Supernumerary),641P,641P
Indian Institute of Technology Hyderabad,"Artificial Intelligence (4 Years, Bachelor of Technology)",AI,OPEN,Gender-Neutral,685,864
Indian Institute of Technology Hyderabad,"Artificial Intelligence (4 Years, Bachelor of Technology)",AI,OPEN,Female-only (including Supernumerary),2214,2401
Indian Institute of Technology Hyderabad,"Artificial Intelligence (4 Years, Bachelor of Technology)",AI,EWS,Gender-Neutral,114,127
Indian Institute of Technology Hyderabad,"Artificial Intelligence (4 Years, Bachelor of Technology)",AI,EWS,Female-only (including Supernumerary),372,372
Indian Institute of Technology Hyderabad,"Artificial Intelligence (4 Years, Bachelor of Technology)",AI,EWS (PwD),Gender-Neutral,23,23
Indian Institute of Technology Hyderabad,"Artificial Intelligence (4 Years, Bachelor of Technology)",AI,OBC-NCL,Gender-Neutral,295,399
Indian Institute of Technology Hyderabad,"Artificial Intelligence (4 Years, Bachelor of Technology)",AI,OBC-NCL,Female-only (including Supernumerary),562,798
Indian Institute of Technology Hyderabad,"Artificial Intelligence (4 Years, Bachelor of Technology)",AI,OBC-NCL (PwD),Gender-Neutral,19,19
Indian Institute of Technology Hyderabad,"Artificial Intelligence (4 Years, Bachelor of Technology)",AI,SC,Gender-Neutral,20,251
Indian Institute of Technology Hyderabad,"Artificial Intelligence (4 Years, Bachelor of Technology)",AI,SC,Female-only (including Supernumerary),334,334
Indian Institute of Technology Hyderabad,"Artificial Intelligence (4 Years, Bachelor of Technology)",AI,ST,Gender-Neutral,88,89
Indian Institute of Technology Hyderabad,"Biomedical Engineering (4 Years, Bachelor of Technology)",AI,OPEN,Gender-Neutral,6579,8172
Indian Institute of Technology Hyderabad,"Biomedical Engineering (4 Years, Bachelor of Technology)",AI,OPEN,Female-only (including Supernumerary),14091,15656
Indian Institute of Technology Hyderabad,"Biomedical Engineering (4 Years, Bachelor of Technology)",AI,EWS,Gender-Neutral,1502,1636
Indian Institute of Technology Hyderabad,"Biomedical Engineering (4 Years, Bachelor of Technology)",AI,OBC-NCL,Gender-Neutral,3613,3929
Indian Institute of Technology Hyderabad,"Biomedical Engineering (4 Years, Bachelor of Technology)",AI,OBC-NCL,Female-only (including Supernumerary),4554,5782
Indian Institute of Technology Hyderabad,"Biomedical Engineering (4 Years, Bachelor of Technology)",AI,SC,Gender-Neutral,1969,2244
Indian Institute of Technology Hyderabad,"Biomedical Engineering (4 Years, Bachelor of Technology)",AI,SC,Female-only (including Supernumerary),3820,3820
Indian Institute of Technology Hyderabad,"Biomedical Engineering (4 Years, Bachelor of Technology)",AI,ST,Gender-Neutral,1040,1197
Indian Institute of Technology Hyderabad,"Biotechnology and Bioinformatics (4 Years, Bachelor of Technology)",AI,OPEN,Gender-Neutral,6015,7972
Indian Institute of Technology Hyderabad,"Biotechnology and Bioinformatics (4 Years, Bachelor of Technology)",AI,OPEN,Female-only (including Supernumerary),14833,15214
Indian Institute of Technology Hyderabad,"Biotechnology and Bioinformatics (4 Years, Bachelor of Technology)",AI,EWS,Gender-Neutral,1392,1522
Indian Institute of Technology Hyderabad,"Biotechnology and Bioinformatics (4 Years, Bachelor of Technology)",AI,EWS,Female-only (including Supernumerary),2904,2904
Indian Institute of Technology Hyderabad,"Biotechnology and Bioinformatics (4 Years, Bachelor of Technology)",AI,OBC-NCL,Gender-Neutral,2749,4011
Indian Institute of Technology Hyderabad,"Biotechnology and Bioinformatics (4 Years, Bachelor of Technology)",AI,OBC-NCL,Female-only (including Supernumerary),6673,6673
Indian Institute of Technology Hyderabad,"Biotechnology and Bioinformatics (4 Years, Bachelor of Technology)",AI,SC,Gender-Neutral,2300,2324
Indian Institute of Technology Hyderabad,"Biotechnology and Bioinformatics (4 Years, Bachelor of Technology)",AI,SC,Female-only (including Supernumerary),3479,3479
Indian Institute of Technology Hyderabad,"Biotechnology and Bioinformatics (4 Years, Bachelor of Technology)",AI,ST,Gender-Neutral,1074,1099
Indian Institute of Technology Hyderabad,"Chemical Engineering (4 Years, Bachelor of Technology)",AI,OPEN,Gender-Neutral,4229,5558
Indian Institute of Technology Hyderabad,"Chemical Engineering (4 Years, Bachelor of Technology)",AI,OPEN,Female-only (including Supernumerary),10591,11897
Indian Institute of Technology Hyderabad,"Chemical Engineering (4 Years, Bachelor of Technology)",AI,OPEN (PwD),Gender-Neutral,200P,361P
Indian Institute of Technology Hyderabad,"Chemical Engineering (4 Years, Bachelor of Technology)",AI,EWS,Gender-Neutral,889,1014
Indian Institute of Technology Hyderabad,"Chemical Engineering (4 Years, Bachelor of Technology)",AI,EWS,Female-only (including Supernumerary),2086,2086
Indian Institute of Technology Hyderabad,"Chemical Engineering (4 Years, Bachelor of Technology)",AI,OBC-NCL,Gender-Neutral,2152,2614
Indian Institute of Technology Hyderabad,"Chemical Engineering (4 Years, Bachelor of Technology)",AI,OBC-NCL,Female-only (including Supernumerary),4306,4578
Indian Institute of Technology Hyderabad,"Chemical Engineering (4 Years, Bachelor of Technology)",AI,SC,Gender-Neutral,1331,1548
Indian Institute of Technology Hyderabad,"Chemical Engineering (4 Years, Bachelor of Technology)",AI,SC,Female-only (including Supernumerary),2215,2215
Indian Institute of Technology Hyderabad,"Chemical Engineering (4 Years, Bachelor of Technology)",AI,ST,Gender-Neutral,646,783
Indian Institute of Technology Hyderabad,"Chemical Engineering (4 Years, Bachelor of Technology)",AI,ST,Female-only (including Supernumerary),1328,1328
Indian Institute of Technology Hyderabad,"Civil Engineering (4 Years, Bachelor of Technology)",AI,OPEN,Gender-Neutral,6658,7463
Indian Institute of Technology Hyderabad,"Civil Engineering (4 Years, Bachelor of Technology)",AI,OPEN,Female-only (including Supernumerary),12882,15346
Indian Institute of Technology Hyderabad,"Civil Engineering (4 Years, Bachelor of Technology)",AI,OPEN (PwD),Gender-Neutral,75P,75P
Indian Institute of Technology Hyderabad,"Civil Engineering (4 Years, Bachelor of Technology)",AI,EWS,Gender-Neutral,1044,1249
Indian Institute of Technology Hyderabad,"Civil Engineering (4 Years, Bachelor of Technology)",AI,EWS,Female-only (including Supernumerary),2260,2260
Indian Institute of Technology Hyderabad,"Civil Engineering (4 Years, Bachelor of Technology)",AI,OBC-NCL,Gender-Neutral,2830,3314
Indian Institute of Technology Hyderabad,"Civil Engineering (4 Years, Bachelor of Technology)",AI,OBC-NCL,Female-only (including Supernumerary),5762,5977
Indian Institute of Technology Hyderabad,"Civil Engineering (4 Years, Bachelor of Technology)",AI,SC,Gender-Neutral,1229,1747
Indian Institute of Technology Hyderabad,"Civil Engineering (4 Years, Bachelor of Technology)",AI,SC,Female-only (including Supernumerary),1301,2852
Indian Institute of Technology Hyderabad,"Civil Engineering (4 Years, Bachelor of Technology)",AI,ST,Gender-Neutral,624,665
Indian Institute of Technology Hyderabad,"Civil Engineering (4 Years, Bachelor of Technology)",AI,ST,Female-only (including Supernumerary),1302,1302
Indian Institute of Technology Hyderabad,"Computational Engineering (4 Years, Bachelor of Technology)",AI,OPEN,Gender-Neutral,1046,1771
Indian Institute of Technology Hyderabad,"Computational Engineering (4 Years, Bachelor of Technology)",AI,OPEN,Female-only (including Supernumerary),4462,5158
Indian Institute of Technology Hyderabad,"Computational Engineering (4 Years, Bachelor of Technology)",AI,EWS,Gender-Neutral,272,272
Indian Institute of Technology Hyderabad,"Computational Engineering (4 Years, Bachelor of Technology)",AI,EWS (PwD),Gender-Neutral,26P,26P
Indian Institute of Technology Hyderabad,"Computational Engineering (4 Years, Bachelor of Technology)",AI,OBC-NCL,Gender-Neutral,638,991
Indian Institute of Technology Hyderabad,"Computational Engineering (4 Years, Bachelor of Technology)",AI,OBC-NCL,Female-only (including Supernumerary),1547,1547
Indian Institute of Technology Hyderabad,"Computational Engineering (4 Years, Bachelor of Technology)",AI,SC,Gender-Neutral,529,657
Indian Institute of Technology Hyderabad,"Computational Engineering (4 Years, Bachelor of Technology)",AI,SC,Female-only (including Supernumerary),878,878
Indian Institute of Technology Hyderabad,"Computational Engineering (4 Years, Bachelor of Technology)",AI,ST,Gender-Neutral,305,441
Indian Institute of Technology Hyderabad,"Computational Engineering (4 Years, Bachelor of Technology)",AI,ST,Female-only (including Supernumerary),348,348
Indian Institute of Technology Hyderabad,"Computer Science and Engineering (4 Years, Bachelor of Technology)",AI,OPEN,Gender-Neutral,431,652
Indian Institute of Technology Hyderabad,"Computer Science and Engineering (4 Years, Bachelor of Technology)",AI,OPEN,Female-only (including Supernumerary),1709,1809
Indian Institute of Technology Hyderabad,"Computer Science and Engineering (4 Years, Bachelor of Technology)",AI,OPEN (PwD),Gender-Neutral,32,32
Indian Institute of Technology Hyderabad,"Computer Science and Engineering (4 Years, Bachelor of Technology)",AI,OPEN (PwD),Female-only (including Supernumerary),48,48
Indian Institute of Technology Hyderabad,"Computer Science and Engineering (4 Years, Bachelor of Technology)",AI,EWS,Gender-Neutral,91,112
Indian Institute of Technology Hyderabad,"Computer Science and Engineering (4 Years, Bachelor of Technology)",AI,EWS,Female-only (including Supernumerary),356,356
Indian Institute of Technology Hyderabad,"Computer Science and Engineering (4 Years, Bachelor of Technology)",AI,OBC-NCL,Gender-Neutral,123,285
Indian Institute of Technology Hyderabad,"Computer Science and Engineering (4 Years, Bachelor of Technology)",AI,OBC-NCL,Female-only (including Supernumerary),601,773
Indian Institute of Technology Hyderabad,"Computer Science and Engineering (4 Years, Bachelor of Technology)",AI,SC,Gender-Neutral,93,182
Indian Institute of Technology Hyderabad,"Computer Science and Engineering (4 Years, Bachelor of Technology)",AI,SC,Female-only (including Supernumerary),268,363
Indian Institute of Technology Hyderabad,"Computer Science and Engineering (4 Years, Bachelor of Technology)",AI,SC (PwD),Gender-Neutral,5,5
Indian Institute of Technology Hyderabad,"Computer Science and Engineering (4 Years, Bachelor of Technology)",AI,ST,Gender-Neutral,53,82
Indian Institute of Technology Hyderabad,"Computer Science and Engineering (4 Years, Bachelor of Technology)",AI,ST,Female-only (including Supernumerary),107,107
Indian Institute of Technology Hyderabad,"Electrical Engineering (4 Years, Bachelor of Technology)",AI,OPEN,Gender-Neutral,1022,2080
Indian Institute of Technology Hyderabad,"Electrical Engineering (4 Years, Bachelor of Technology)",AI,OPEN,Female-only (including Supernumerary),2840,4168
Indian Institute of Technology Hyderabad,"Electrical Engineering (4 Years, Bachelor of Technology)",AI,OPEN (PwD),Gender-Neutral,38,38
Indian Institute of Technology Hyderabad,"Electrical Engineering (4 Years, Bachelor of Technology)",AI,EWS,Gender-Neutral,286,384
Indian Institute of Technology Hyderabad,"Electrical Engineering (4 Years, Bachelor of Technology)",AI,EWS,Female-only (including Supernumerary),723,723
Indian Institute of Technology Hyderabad,"Electrical Engineering (4 Years, Bachelor of Technology)",AI,OBC-NCL,Gender-Neutral,606,1018
Indian Institute of Technology Hyderabad,"Electrical Engineering (4 Years, Bachelor of Technology)",AI,OBC-NCL,Female-only (including Supernumerary),1226,1876
Indian Institute of Technology Hyderabad,"Electrical Engineering (4 Years, Bachelor of Technology)",AI,OBC-NCL (PwD),Gender-Neutral,58,58
Indian Institute of Technology Hyderabad,"Electrical Engineering (4 Years, Bachelor of Technology)",AI,SC,Gender-Neutral,464,614
Indian Institute of Technology Hyderabad,"Electrical Engineering (4 Years, Bachelor of Technology)",AI,SC,Female-only (including Supernumerary),873,1218
Indian Institute of Technology Hyderabad,"Electrical Engineering (4 Years, Bachelor of Technology)",AI,ST,Gender-Neutral,276,292
Indian Institute of Technology Hyderabad,"Electrical Engineering (4 Years, Bachelor of Technology)",AI,ST,Female-only (including Supernumerary),545,545
Indian Institute of Technology Hyderabad,"Electrical Engineering (IC Design and Technology) (4 Years, Bachelor of Technology)",AI,OPEN,Gender-Neutral,1570,2105
Indian Institute of Technology Hyderabad,"Electrical Engineering (IC Design and Technology) (4 Years, Bachelor of Technology)",AI,OPEN,Female-only (including Supernumerary),4056,4434
Indian Institute of Technology Hyderabad,"Electrical Engineering (IC Design and Technology) (4 Years, Bachelor of Technology)",AI,EWS,Gender-Neutral,321,350
Indian Institute of Technology Hyderabad,"Electrical Engineering (IC Design and Technology) (4 Years, Bachelor of Technology)",AI,EWS,Female-only (including Supernumerary),868,868
Indian Institute of Technology Hyderabad,"Electrical Engineering (IC Design and Technology) (4 Years, Bachelor of Technology)",AI,OBC-NCL,Gender-Neutral,557,920
Indian Institute of Technology Hyderabad,"Electrical Engineering (IC Design and Technology) (4 Years, Bachelor of Technology)",AI,OBC-NCL,Female-only (including Supernumerary),2009,2009
Indian Institute of Technology Hyderabad,"Electrical Engineering (IC Design and Technology) (4 Years, Bachelor of Technology)",AI,SC,Gender-Neutral,401,463
Indian Institute of Technology Hyderabad,"Electrical Engineering (IC Design and Technology) (4 Years, Bachelor of Technology)",AI,SC,Female-only (including Supernumerary),528,528
Indian Institute of Technology Hyderabad,"Electrical Engineering (IC Design and Technology) (4 Years, Bachelor of Technology)",AI,ST,Gender-Neutral,277,373
Indian Institute of Technology Hyderabad,"Engineering Physics (4 Years, Bachelor of Technology)",AI,OPEN,Gender-Neutral,3442,4678
Indian Institute of Technology Hyderabad,"Engineering Physics (4 Years, Bachelor of Technology)",AI,OPEN,Female-only (including Supernumerary),10405,11350
Indian Institute of Technology Hyderabad,"Engineering Physics (4 Years, Bachelor of Technology)",AI,OPEN (PwD),Gender-Neutral,91P,91P
Indian Institute of Technology Hyderabad,"Engineering Physics (4 Years, Bachelor of Technology)",AI,EWS,Gender-Neutral,1004,1180
Indian Institute of Technology Hyderabad,"Engineering Physics (4 Years, Bachelor of Technology)",AI,EWS,Female-only (including Supernumerary),1997,1997
Indian Institute of Technology Hyderabad,"Engineering Physics (4 Years, Bachelor of Technology)",AI,OBC-NCL,Gender-Neutral,2435,2841
Indian Institute of Technology Hyderabad,"Engineering Physics (4 Years, Bachelor of Technology)",AI,OBC-NCL,Female-only (including Supernumerary),3086,6654
Indian Institute of Technology Hyderabad,"Engineering Physics (4 Years, Bachelor of Technology)",AI,SC,Gender-Neutral,1690,1818
Indian Institute of Technology Hyderabad,"Engineering Physics (4 Years, Bachelor of Technology)",AI,SC,Female-only (including Supernumerary),3009,3009
Indian Institute of Technology Hyderabad,"Engineering Physics (4 Years, Bachelor of Technology)",AI,ST,Gender-Neutral,1024,1066
Indian Institute of Technology Hyderabad,"Engineering Science (4 Years, Bachelor of Technology)",AI,OPEN,Gender-Neutral,1822,3326
Indian Institute of Technology Hyderabad,"Engineering Science (4 Years, Bachelor of Technology)",AI,OPEN,Female-only (including Supernumerary),4470,5748
Indian Institute of Technology Hyderabad,"Engineering Science (4 Years, Bachelor of Technology)",AI,EWS,Gender-Neutral,475,536
Indian Institute of Technology Hyderabad,"Engineering Science (4 Years, Bachelor of Technology)",AI,EWS,Female-only (including Supernumerary),1830,1830
Indian Institute of Technology Hyderabad,"Engineering Science (4 Years, Bachelor of Technology)",AI,OBC-NCL,Gender-Neutral,1166,1984
Indian Institute of Technology Hyderabad,"Engineering Science (4 Years, Bachelor of Technology)",AI,OBC-NCL,Female-only (including Supernumerary),2543,4046
Indian Institute of Technology Hyderabad,"Engineering Science (4 Years, Bachelor of Technology)",AI,SC,Gender-Neutral,863,1125
Indian Institute of Technology Hyderabad,"Engineering Science (4 Years, Bachelor of Technology)",AI,SC,Female-only (including Supernumerary),1512,1512
Indian Institute of Technology Hyderabad,"Engineering Science (4 Years, Bachelor of Technology)",AI,ST,Gender-Neutral,498,592
Indian Institute of Technology Hyderabad,"Engineering Science (4 Years, Bachelor of Technology)",AI,ST,Female-only (including Supernumerary),1028,1028
Indian Institute of Technology Hyderabad,"Industrial Chemistry (4 Years, Bachelor of Technology)",AI,OPEN,Gender-Neutral,8145,8802
Indian Institute of Technology Hyderabad,"Industrial Chemistry (4 Years, Bachelor of Technology)",AI,OPEN,Female-only (including Supernumerary),15890,15939
Indian Institute of Technology Hyderabad,"Industrial Chemistry (4 Years, Bachelor of Technology)",AI,EWS,Gender-Neutral,1542,1656
Indian Institute of Technology Hyderabad,"Industrial Chemistry (4 Years, Bachelor of Technology)",AI,EWS,Female-only (including Supernumerary),3018,3018
Indian Institute of Technology Hyderabad,"Industrial Chemistry (4 Years, Bachelor of Technology)",AI,OBC-NCL,Gender-Neutral,2923,4089
Indian Institute of Technology Hyderabad,"Industrial Chemistry (4 Years, Bachelor of Technology)",AI,OBC-NCL,Female-only (including Supernumerary),7824,7824
Indian Institute of Technology Hyderabad,"Industrial Chemistry (4 Years, Bachelor of Technology)",AI,SC,Gender-Neutral,2199,2370
Indian Institute of Technology Hyderabad,"Industrial Chemistry (4 Years, Bachelor of Technology)",AI,SC,Female-only (including Supernumerary),3889,3889
Indian Institute of Technology Hyderabad,"Industrial Chemistry (4 Years, Bachelor of Technology)",AI,ST,Gender-Neutral,1177,1240
Indian Institute of Technology Hyderabad,"Materials Science and Metallurgical Engineering (4 Years, Bachelor of Technology)",AI,OPEN,Gender-Neutral,5105,7864
Indian Institute of Technology Hyderabad,"Materials Science and Metallurgical Engineering (4 Years, Bachelor of Technology)",AI,OPEN,Female-only (including Supernumerary),13015,15546
Indian Institute of Technology Hyderabad,"Materials Science and Metallurgical Engineering (4 Years, Bachelor of Technology)",AI,OPEN (PwD),Gender-Neutral,186P,186P
Indian Institute of Technology Hyderabad,"Materials Science and Metallurgical Engineering (4 Years, Bachelor of Technology)",AI,EWS,Gender-Neutral,1344,1422
Indian Institute of Technology Hyderabad,"Materials Science and Metallurgical Engineering (4 Years, Bachelor of Technology)",AI,EWS,Female-only (including Supernumerary),2499,2499
Indian Institute of Technology Hyderabad,"Materials Science and Metallurgical Engineering (4 Years, Bachelor of Technology)",AI,OBC-NCL,Gender-Neutral,2847,3481
Indian Institute of Technology Hyderabad,"Materials Science and Metallurgical Engineering (4 Years, Bachelor of Technology)",AI,OBC-NCL,Female-only (including Supernumerary),6223,7549
Indian Institute of Technology Hyderabad,"Materials Science and Metallurgical Engineering (4 Years, Bachelor of Technology)",AI,SC,Gender-Neutral,1841,2156
Indian Institute of Technology Hyderabad,"Materials Science and Metallurgical Engineering (4 Years, Bachelor of Technology)",AI,SC,Female-only (including Supernumerary),3360,3360
Indian Institute of Technology Hyderabad,"Materials Science and Metallurgical Engineering (4 Years, Bachelor of Technology)",AI,ST,Gender-Neutral,817,945
Indian Institute of Technology Hyderabad,"Mathematics and Computing (4 Years, Bachelor of Technology)",AI,OPEN,Gender-Neutral,660,976
Indian Institute of Technology Hyderabad,"Mathematics and Computing (4 Years, Bachelor of Technology)",AI,OPEN,Female-only (including Supernumerary),2132,2296
Indian Institute of Technology Hyderabad,"Mathematics and Computing (4 Years, Bachelor of Technology)",AI,EWS,Gender-Neutral,135,147
Indian Institute of Technology Hyderabad,"Mathematics and Computing (4 Years, Bachelor of Technology)",AI,EWS,Female-only (including Supernumerary),502,502
Indian Institute of Technology Hyderabad,"Mathematics and Computing (4 Years, Bachelor of Technology)",AI,OBC-NCL,Gender-Neutral,414,436
Indian Institute of Technology Hyderabad,"Mathematics and Computing (4 Years, Bachelor of Technology)",AI,OBC-NCL,Female-only (including Supernumerary),918,918
Indian Institute of Technology Hyderabad,"Mathematics and Computing (4 Years, Bachelor of Technology)",AI,OBC-NCL (PwD),Gender-Neutral,22,22
Indian Institute of Technology Hyderabad,"Mathematics and Computing (4 Years, Bachelor of Technology)",AI,SC,Gender-Neutral,238,301
Indian Institute of Technology Hyderabad,"Mathematics and Computing (4 Years, Bachelor of Technology)",AI,SC,Female-only (including Supernumerary),519,519
Indian Institute of Technology Hyderabad,"Mathematics and Computing (4 Years, Bachelor of Technology)",AI,ST,Gender-Neutral,178,178
Indian Institute of Technology Hyderabad,"Mechanical Engineering (4 Years, Bachelor of Technology)",AI,OPEN,Gender-Neutral,2304,4267
Indian Institute of Technology Hyderabad,"Mechanical Engineering (4 Years, Bachelor of Technology)",AI,OPEN,Female-only (including Supernumerary),7527,10758
Indian Institute of Technology Hyderabad,"Mechanical Engineering (4 Years, Bachelor of Technology)",AI,OPEN (PwD),Gender-Neutral,142P,142P
Indian Institute of Technology Hyderabad,"Mechanical Engineering (4 Years, Bachelor of Technology)",AI,EWS,Gender-Neutral,681,739
Indian Institute of Technology Hyderabad,"Mechanical Engineering (4 Years, Bachelor of Technology)",AI,EWS,Female-only (including Supernumerary),1868,1868
Indian Institute of Technology Hyderabad,"Mechanical Engineering (4 Years, Bachelor of Technology)",AI,OBC-NCL,Gender-Neutral,1765,2121
Indian Institute of Technology Hyderabad,"Mechanical Engineering (4 Years, Bachelor of Technology)",AI,OBC-NCL,Female-only (including Supernumerary),2745,4377
Indian Institute of Technology Hyderabad,"Mechanical Engineering (4 Years, Bachelor of Technology)",AI,OBC-NCL (PwD),Gender-Neutral,132P,132P
Indian Institute of Technology Hyderabad,"Mechanical Engineering (4 Years, Bachelor of Technology)",AI,SC,Gender-Neutral,836,1116
Indian Institute of Technology Hyderabad,"Mechanical Engineering (4 Years, Bachelor of Technology)",AI,SC,Female-only (including Supernumerary),2205,2270
Indian Institute of Technology Hyderabad,"Mechanical Engineering (4 Years, Bachelor of Technology)",AI,ST,Gender-Neutral,387,570
Indian Institute of Technology Hyderabad,"Mechanical Engineering (4 Years, Bachelor of Technology)",AI,ST,Female-only (including Supernumerary),881,881
Indian Institute of Technology Jodhpur,"Artificial Intelligence and Data Science (4 Years, Bachelor of Technology)",AI,OPEN,Gender-Neutral,3023,3790
Indian Institute of Technology Jodhpur,"Artificial Intelligence and Data Science (4 Years, Bachelor of Technology)",AI,OPEN,Female-only (including Supernumerary),7749,8194
Indian Institute of Technology Jodhpur,"Artificial Intelligence and Data Science (4 Years, Bachelor of Technology)",AI,OPEN (PwD),Gender-Neutral,111P,111P
Indian Institute of Technology Jodhpur,"Artificial Intelligence and Data Science (4 Years, Bachelor of Technology)",AI,EWS,Gender-Neutral,509,555
Indian Institute of Technology Jodhpur,"Artificial Intelligence and Data Science (4 Years, Bachelor of Technology)",AI,EWS,Female-only (including Supernumerary),1401,1537
Indian Institute of Technology Jodhpur,"Artificial Intelligence and Data Science (4 Years, Bachelor of Technology)",AI,OBC-NCL,Gender-Neutral,1341,1704
Indian Institute of Technology Jodhpur,"Artificial Intelligence and Data Science (4 Years, Bachelor of Technology)",AI,OBC-NCL,Female-only (including Supernumerary),4169,4502
Indian Institute of Technology Jodhpur,"Artificial Intelligence and Data Science (4 Years, Bachelor of Technology)",AI,SC,Gender-Neutral,797,1078
Indian Institute of Technology Jodhpur,"Artificial Intelligence and Data Science (4 Years, Bachelor of Technology)",AI,SC,Female-only (including Supernumerary),1528,2082
Indian Institute of Technology Jodhpur,"Artificial Intelligence and Data Science (4 Years, Bachelor of Technology)",AI,ST,Gender-Neutral,450,589
Indian Institute of Technology Jodhpur,"Artificial Intelligence and Data Science (4 Years, Bachelor of Technology)",AI,ST,Female-only (including Supernumerary),863,863
Indian Institute of Technology Jodhpur,"Bio Engineering (4 Years, Bachelor of Technology)",AI,OPEN,Gender-Neutral,12293,13865
Indian Institute of Technology Jodhpur,"Bio Engineering (4 Years, Bachelor of Technology)",AI,OPEN,Female-only (including Supernumerary),18682,20850
Indian Institute of Technology Jodhpur,"Bio Engineering (4 Years, Bachelor of Technology)",AI,EWS,Gender-Neutral,2031,2211
Indian Institute of Technology Jodhpur,"Bio Engineering (4 Years, Bachelor of Technology)",AI,EWS,Female-only (including Supernumerary),3966,4080
Indian Institute of Technology Jodhpur,"Bio Engineering (4 Years, Bachelor of Technology)",AI,OBC-NCL,Gender-Neutral,4693,5618
Indian Institute of Technology Jodhpur,"Bio Engineering (4 Years, Bachelor of Technology)",AI,OBC-NCL,Female-only (including Supernumerary),8557,9141
Indian Institute of Technology Jodhpur,"Bio Engineering (4 Years, Bachelor of Technology)",AI,SC,Gender-Neutral,3063,3133
Indian Institute of Technology Jodhpur,"Bio Engineering (4 Years, Bachelor of Technology)",AI,SC,Female-only (including Supernumerary),4617,4676
Indian Institute of Technology Jodhpur,"Bio Engineering (4 Years, Bachelor of Technology)",AI,ST,Gender-Neutral,1250,1393
Indian Institute of Technology Jodhpur,"Bio Engineering (4 Years, Bachelor of Technology)",AI,ST,Female-only (including Supernumerary),975P,975P
Indian Institute of Technology Jodhpur,"Chemical Engineering (4 Years, Bachelor of Technology)",AI,OPEN,Gender-Neutral,8295,10209
Indian Institute of Technology Jodhpur,"Chemical Engineering (4 Years, Bachelor of Technology)",AI,OPEN,Female-only (including Supernumerary),15996,17758
Indian Institute of Technology Jodhpur,"Chemical Engineering (4 Years, Bachelor of Technology)",AI,EWS,Gender-Neutral,1536,1625
Indian Institute of Technology Jodhpur,"Chemical Engineering (4 Years, Bachelor of Technology)",AI,EWS,Female-only (including Supernumerary),3246,3246
Indian Institute of Technology Jodhpur,"Chemical Engineering (4 Years, Bachelor of Technology)",AI,OBC-NCL,Gender-Neutral,4092,4513
Indian Institute of Technology Jodhpur,"Chemical Engineering (4 Years, Bachelor of Technology)",AI,OBC-NCL,Female-only (including Supernumerary),8291,8382
Indian Institute of Technology Jodhpur,"Chemical Engineering (4 Years, Bachelor of Technology)",AI,SC,Gender-Neutral,2292,2597
Indian Institute of Technology Jodhpur,"Chemical Engineering (4 Years, Bachelor of Technology)",AI,SC,Female-only (including Supernumerary),3940,3940
Indian Institute of Technology Jodhpur,"Chemical Engineering (4 Years, Bachelor of Technology)",AI,ST,Gender-Neutral,995,1120
Indian Institute of Technology Jodhpur,"Chemical Engineering (4 Years, Bachelor of Technology)",AI,ST,Female-only (including Supernumerary),397P,397P
Indian Institute of Technology Jodhpur,"Chemistry with Specialization (4 Years, Bachelor of Science)",AI,OPEN,Gender-Neutral,12654,15366
Indian Institute of Technology Jodhpur,"Chemistry with Specialization (4 Years, Bachelor of Science)",AI,OPEN,Female-only (including Supernumerary),22386,22452
Indian Institute of Technology Jodhpur,"Chemistry with Specialization (4 Years, Bachelor of Science)",AI,EWS,Gender-Neutral,2375,2434
Indian Institute of Technology Jodhpur,"Chemistry with Specialization (4 Years, Bachelor of Science)",AI,OBC-NCL,Gender-Neutral,5713,5842
Indian Institute of Technology Jodhpur,"Chemistry with Specialization (4 Years, Bachelor of Science)",AI,SC,Gender-Neutral,3170,3190
Indian Institute of Technology Jodhpur,"Chemistry with Specialization (4 Years, Bachelor of Science)",AI,SC,Female-only (including Supernumerary),4513,4513
Indian Institute of Technology Jodhpur,"Chemistry with Specialization (4 Years, Bachelor of Science)",AI,ST,Gender-Neutral,1512,1512
Indian Institute of Technology Jodhpur,"Chemistry with Specialization (4 Years, Bachelor of Science)",AI,ST,Female-only (including Supernumerary),1049P,1049P
Indian Institute of Technology Jodhpur,"Civil and Infrastructure Engineering (4 Years, Bachelor of Technology)",AI,OPEN,Gender-Neutral,9521,12182
Indian Institute of Technology Jodhpur,"Civil and Infrastructure Engineering (4 Years, Bachelor of Technology)",AI,OPEN,Female-only (including Supernumerary),19028,20378
Indian Institute of Technology Jodhpur,"Civil and Infrastructure Engineering (4 Years, Bachelor of Technology)",AI,EWS,Gender-Neutral,1782,1974
Indian Institute of Technology Jodhpur,"Civil and Infrastructure Engineering (4 Years, Bachelor of Technology)",AI,EWS,Female-only (including Supernumerary),3315,3315
Indian Institute of Technology Jodhpur,"Civil and Infrastructure Engineering (4 Years, Bachelor of Technology)",AI,OBC-NCL,Gender-Neutral,4108,4864
Indian Institute of Technology Jodhpur,"Civil and Infrastructure Engineering (4 Years, Bachelor of Technology)",AI,OBC-NCL,Female-only (including Supernumerary),9137,9273
Indian Institute of Technology Jodhpur,"Civil and Infrastructure Engineering (4 Years, Bachelor of Technology)",AI,SC,Gender-Neutral,2419,2585
Indian Institute of Technology Jodhpur,"Civil and Infrastructure Engineering (4 Years, Bachelor of Technology)",AI,SC,Female-only (including Supernumerary),3907,4132
Indian Institute of Technology Jodhpur,"Civil and Infrastructure Engineering (4 Years, Bachelor of Technology)",AI,ST,Gender-Neutral,901,980
Indian Institute of Technology Jodhpur,"Civil and Infrastructure Engineering (4 Years, Bachelor of Technology)",AI,ST,Female-only (including Supernumerary),1799,1799
Indian Institute of Technology Jodhpur,"Computer Science and Engineering (4 Years, Bachelor of Technology)",AI,OPEN,Gender-Neutral,2062,2859
Indian Institute of Technology Jodhpur,"Computer Science and Engineering (4 Years, Bachelor of Technology)",AI,OPEN,Female-only (including Supernumerary),5655,6587
Indian Institute of Technology Jodhpur,"Computer Science and Engineering (4 Years, Bachelor of Technology)",AI,OPEN (PwD),Gender-Neutral,76,76
Indian Institute of Technology Jodhpur,"Computer Science and Engineering (4 Years, Bachelor of Technology)",AI,EWS,Gender-Neutral,348,416
Indian Institute of Technology Jodhpur,"Computer Science and Engineering (4 Years, Bachelor of Technology)",AI,EWS,Female-only (including Supernumerary),1117,1150
Indian Institute of Technology Jodhpur,"Computer Science and Engineering (4 Years, Bachelor of Technology)",AI,EWS (PwD),Gender-Neutral,29,29
Indian Institute of Technology Jodhpur,"Computer Science and Engineering (4 Years, Bachelor of Technology)",AI,OBC-NCL,Gender-Neutral,735,1334
Indian Institute of Technology Jodhpur,"Computer Science and Engineering (4 Years, Bachelor of Technology)",AI,OBC-NCL,Female-only (including Supernumerary),2023,3361
Indian Institute of Technology Jodhpur,"Computer Science and Engineering (4 Years, Bachelor of Technology)",AI,SC,Gender-Neutral,503,789
Indian Institute of Technology Jodhpur,"Computer Science and Engineering (4 Years, Bachelor of Technology)",AI,SC,Female-only (including Supernumerary),1247,1421
Indian Institute of Technology Jodhpur,"Computer Science and Engineering (4 Years, Bachelor of Technology)",AI,ST,Gender-Neutral,244,396
Indian Institute of Technology Jodhpur,"Computer Science and Engineering (4 Years, Bachelor of Technology)",AI,ST,Female-only (including Supernumerary),327,327
Indian Institute of Technology Jodhpur,"Electrical Engineering (4 Years, Bachelor of Technology)",AI,OPEN,Gender-Neutral,4693,5952
Indian Institute of Technology Jodhpur,"Electrical Engineering (4 Years, Bachelor of Technology)",AI,OPEN,Female-only (including Supernumerary),9003,11925
Indian Institute of Technology Jodhpur,"Electrical Engineering (4 Years, Bachelor of Technology)",AI,OPEN (PwD),Gender-Neutral,360P,360P
Indian Institute of Technology Jodhpur,"Electrical Engineering (4 Years, Bachelor of Technology)",AI,EWS,Gender-Neutral,869,1123
Indian Institute of Technology Jodhpur,"Electrical Engineering (4 Years, Bachelor of Technology)",AI,EWS,Female-only (including Supernumerary),1718,1718
Indian Institute of Technology Jodhpur,"Electrical Engineering (4 Years, Bachelor of Technology)",AI,OBC-NCL,Gender-Neutral,2316,2940
Indian Institute of Technology Jodhpur,"Electrical Engineering (4 Years, Bachelor of Technology)",AI,OBC-NCL,Female-only (including Supernumerary),6084,6785
Indian Institute of Technology Jodhpur,"Electrical Engineering (4 Years, Bachelor of Technology)",AI,SC,Gender-Neutral,1379,1782
Indian Institute of Technology Jodhpur,"Electrical Engineering (4 Years, Bachelor of Technology)",AI,SC,Female-only (including Supernumerary),2929,3114
Indian Institute of Technology Jodhpur,"Electrical Engineering (4 Years, Bachelor of Technology)",AI,ST,Gender-Neutral,791,875
Indian Institute of Technology Jodhpur,"Electrical Engineering (4 Years, Bachelor of Technology)",AI,ST,Female-only (including Supernumerary),1505,1560
Indian Institute of Technology Jodhpur,"Materials Engineering (4 Years, Bachelor of Technology)",AI,OPEN,Gender-Neutral,11381,12543
Indian Institute of Technology Jodhpur,"Materials Engineering (4 Years, Bachelor of Technology)",AI,OPEN,Female-only (including Supernumerary),19770,20486
Indian Institute of Technology Jodhpur,"Materials Engineering (4 Years, Bachelor of Technology)",AI,EWS,Gender-Neutral,1954,2139
Indian Institute of Technology Jodhpur,"Materials Engineering (4 Years, Bachelor of Technology)",AI,EWS,Female-only (including Supernumerary),3708,3708
Indian Institute of Technology Jodhpur,"Materials Engineering (4 Years, Bachelor of Technology)",AI,OBC-NCL,Gender-Neutral,4948,5540
Indian Institute of Technology Jodhpur,"Materials Engineering (4 Years, Bachelor of Technology)",AI,OBC-NCL,Female-only (including Supernumerary),8892,9279
Indian Institute of Technology Jodhpur,"Materials Engineering (4 Years, Bachelor of Technology)",AI,SC,Gender-Neutral,2790,2950
Indian Institute of Technology Jodhpur,"Materials Engineering (4 Years, Bachelor of Technology)",AI,SC,Female-only (including Supernumerary),4235,4235
Indian Institute of Technology Jodhpur,"Materials Engineering (4 Years, Bachelor of Technology)",AI,ST,Gender-Neutral,1346,1366
Indian Institute of Technology Jodhpur,"Materials Engineering (4 Years, Bachelor of Technology)",AI,ST,Female-only (including Supernumerary),575P,575P
Indian Institute of Technology Jodhpur,"Mechanical Engineering (4 Years, Bachelor of Technology)",AI,OPEN,Gender-Neutral,6621,8932
Indian Institute of Technology Jodhpur,"Mechanical Engineering (4 Years, Bachelor of Technology)",AI,OPEN,Female-only (including Supernumerary),14797,16984
Indian Institute of Technology Jodhpur,"Mechanical Engineering (4 Years, Bachelor of Technology)",AI,EWS,Gender-Neutral,1187,1533
Indian Institute of Technology Jodhpur,"Mechanical Engineering (4 Years, Bachelor of Technology)",AI,EWS,Female-only (including Supernumerary),3141,3300
Indian Institute of Technology Jodhpur,"Mechanical Engineering (4 Years, Bachelor of Technology)",AI,OBC-NCL,Gender-Neutral,2972,4001
Indian Institute of Technology Jodhpur,"Mechanical Engineering (4 Years, Bachelor of Technology)",AI,OBC-NCL,Female-only (including Supernumerary),8042,8499
Indian Institute of Technology Jodhpur,"Mechanical Engineering (4 Years, Bachelor of Technology)",AI,SC,Gender-Neutral,1792,2275
Indian Institute of Technology Jodhpur,"Mechanical Engineering (4 Years, Bachelor of Technology)",AI,SC,Female-only (including Supernumerary),3733,3941
Indian Institute of Technology Jodhpur,"Mechanical Engineering (4 Years, Bachelor of Technology)",AI,ST,Gender-Neutral,935,1052
Indian Institute of Technology Jodhpur,"Mechanical Engineering (4 Years, Bachelor of Technology)",AI,ST,Female-only (including Supernumerary),198P,294P
Indian Institute of Technology Jodhpur,"Physics with Specialization (4 Years, Bachelor of Science)",AI,OPEN,Gender-Neutral,9112,12393
Indian Institute of Technology Jodhpur,"Physics with Specialization (4 Years, Bachelor of Science)",AI,OPEN,Female-only (including Supernumerary),22166,22200
Indian Institute of Technology Jodhpur,"Physics with Specialization (4 Years, Bachelor of Science)",AI,EWS,Gender-Neutral,2209,2372
Indian Institute of Technology Jodhpur,"Physics with Specialization (4 Years, Bachelor of Science)",AI,OBC-NCL,Gender-Neutral,4654,5752
Indian Institute of Technology Jodhpur,"Physics with Specialization (4 Years, Bachelor of Science)",AI,SC,Gender-Neutral,2711,2967
Indian Institute of Technology Jodhpur,"Physics with Specialization (4 Years, Bachelor of Science)",AI,SC,Female-only (including Supernumerary),4697,4697
Indian Institute of Technology Jodhpur,"Physics with Specialization (4 Years, Bachelor of Science)",AI,ST,Gender-Neutral,1510,1510
Indian Institute of Technology Jodhpur,"Physics with Specialization (4 Years, Bachelor of Science)",AI,ST,Female-only (including Supernumerary),1032P,1032P
Indian Institute of Technology Kanpur,"Aerospace Engineering (4 Years, Bachelor of Technology)",AI,OPEN,Gender-Neutral,2713,3582
Indian Institute of Technology Kanpur,"Aerospace Engineering (4 Years, Bachelor of Technology)",AI,OPEN,Female-only (including Supernumerary),6950,9923
Indian Institute of Technology Kanpur,"Aerospace Engineering (4 Years, Bachelor of Technology)",AI,OPEN (PwD),Gender-Neutral,157P,157P
Indian Institute of Technology Kanpur,"Aerospace Engineering (4 Years, Bachelor of Technology)",AI,OPEN (PwD),Female-only (including Supernumerary),345P,345P
Indian Institute of Technology Kanpur,"Aerospace Engineering (4 Years, Bachelor of Technology)",AI,EWS,Gender-Neutral,629,837
Indian Institute of Technology Kanpur,"Aerospace Engineering (4 Years, Bachelor of Technology)",AI,EWS,Female-only (including Supernumerary),1917,1917
Indian Institute of Technology Kanpur,"Aerospace Engineering (4 Years, Bachelor of Technology)",AI,OBC-NCL,Gender-Neutral,863,1965
Indian Institute of Technology Kanpur,"Aerospace Engineering (4 Years, Bachelor of Technology)",AI,OBC-NCL,Female-only (including Supernumerary),3457,4326
Indian Institute of Technology Kanpur,"Aerospace Engineering (4 Years, Bachelor of Technology)",AI,SC,Gender-Neutral,705,986
Indian Institute of Technology Kanpur,"Aerospace Engineering (4 Years, Bachelor of Technology)",AI,SC,Female-only (including Supernumerary),1805,2655
Indian Institute of Technology Kanpur,"Aerospace Engineering (4 Years, Bachelor of Technology)",AI,ST,Gender-Neutral,146,681
Indian Institute of Technology Kanpur,"Aerospace Engineering (4 Years, Bachelor of Technology)",AI,ST,Female-only (including Supernumerary),768,768
Indian Institute of Technology Kanpur,"Biological Sciences and Bioengineering (4 Years, Bachelor of Technology)",AI,OPEN,Gender-Neutral,5259,6791
Indian Institute of Technology Kanpur,"Biological Sciences and Bioengineering (4 Years, Bachelor of Technology)",AI,OPEN,Female-only (including Supernumerary),10725,11960
Indian Institute of Technology Kanpur,"Biological Sciences and Bioengineering (4 Years, Bachelor of Technology)",AI,EWS,Gender-Neutral,1273,1341
Indian Institute of Technology Kanpur,"Biological Sciences and Bioengineering (4 Years, Bachelor of Technology)",AI,EWS,Female-only (including Supernumerary),2519,2519
Indian Institute of Technology Kanpur,"Biological Sciences and Bioengineering (4 Years, Bachelor of Technology)",AI,OBC-NCL,Gender-Neutral,2995,3472
Indian Institute of Technology Kanpur,"Biological Sciences and Bioengineering (4 Years, Bachelor of Technology)",AI,OBC-NCL,Female-only (including Supernumerary),6561,7371
Indian Institute of Technology Kanpur,"Biological Sciences and Bioengineering (4 Years, Bachelor of Technology)",AI,SC,Gender-Neutral,1623,2071
Indian Institute of Technology Kanpur,"Biological Sciences and Bioengineering (4 Years, Bachelor of Technology)",AI,SC,Female-only (including Supernumerary),3355,3462
Indian Institute of Technology Kanpur,"Biological Sciences and Bioengineering (4 Years, Bachelor of Technology)",AI,ST,Gender-Neutral,829,1168
Indian Institute of Technology Kanpur,"Biological Sciences and Bioengineering (4 Years, Bachelor of Technology)",AI,ST,Female-only (including Supernumerary),1790,1790
Indian Institute of Technology Kanpur,"Chemical Engineering (4 Years, Bachelor of Technology)",AI,OPEN,Gender-Neutral,2227,3911
Indian Institute of Technology Kanpur,"Chemical Engineering (4 Years, Bachelor of Technology)",AI,OPEN,Female-only (including Supernumerary),7129,9528
Indian Institute of Technology Kanpur,"Chemical Engineering (4 Years, Bachelor of Technology)",AI,OPEN (PwD),Gender-Neutral,29P,199P
Indian Institute of Technology Kanpur,"Chemical Engineering (4 Years, Bachelor of Technology)",AI,EWS,Gender-Neutral,543,675
Indian Institute of Technology Kanpur,"Chemical Engineering (4 Years, Bachelor of Technology)",AI,EWS,Female-only (including Supernumerary),1482,1661
Indian Institute of Technology Kanpur,"Chemical Engineering (4 Years, Bachelor of Technology)",AI,OBC-NCL,Gender-Neutral,1402,2017
Indian Institute of Technology Kanpur,"Chemical Engineering (4 Years, Bachelor of Technology)",AI,OBC-NCL,Female-only (including Supernumerary),3295,4628
Indian Institute of Technology Kanpur,"Chemical Engineering (4 Years, Bachelor of Technology)",AI,SC,Gender-Neutral,855,1165
Indian Institute of Technology Kanpur,"Chemical Engineering (4 Years, Bachelor of Technology)",AI,SC,Female-only (including Supernumerary),1635,2062
Indian Institute of Technology Kanpur,"Chemical Engineering (4 Years, Bachelor of Technology)",AI,ST,Gender-Neutral,547,684
Indian Institute of Technology Kanpur,"Chemical Engineering (4 Years, Bachelor of Technology)",AI,ST,Female-only (including Supernumerary),1043,1062
Indian Institute of Technology Kanpur,"Chemistry (4 Years, Bachelor of Science)",AI,OPEN,Gender-Neutral,7317,10117
Indian Institute of Technology Kanpur,"Chemistry (4 Years, Bachelor of Science)",AI,OPEN,Female-only (including Supernumerary),15079,16196
Indian Institute of Technology Kanpur,"Chemistry (4 Years, Bachelor of Science)",AI,EWS,Gender-Neutral,1472,1618
Indian Institute of Technology Kanpur,"Chemistry (4 Years, Bachelor of Science)",AI,EWS,Female-only (including Supernumerary),3744,3744
Indian Institute of Technology Kanpur,"Chemistry (4 Years, Bachelor of Science)",AI,OBC-NCL,Gender-Neutral,3173,4647
Indian Institute of Technology Kanpur,"Chemistry (4 Years, Bachelor of Science)",AI,OBC-NCL,Female-only (including Supernumerary),7860,8335
Indian Institute of Technology Kanpur,"Chemistry (4 Years, Bachelor of Science)",AI,SC,Gender-Neutral,2460,2667
Indian Institute of Technology Kanpur,"Chemistry (4 Years, Bachelor of Science)",AI,SC,Female-only (including Supernumerary),4596,4614
Indian Institute of Technology Kanpur,"Chemistry (4 Years, Bachelor of Science)",AI,ST,Gender-Neutral,1348,1434
Indian Institute of Technology Kanpur,"Chemistry (4 Years, Bachelor of Science)",AI,ST,Female-only (including Supernumerary),250P,250P
Indian Institute of Technology Kanpur,"Civil Engineering (4 Years, Bachelor of Technology)",AI,OPEN,Gender-Neutral,4213,5702
Indian Institute of Technology Kanpur,"Civil Engineering (4 Years, Bachelor of Technology)",AI,OPEN,Female-only (including Supernumerary),4232,13595
Indian Institute of Technology Kanpur,"Civil Engineering (4 Years, Bachelor of Technology)",AI,OPEN (PwD),Gender-Neutral,391P,395P
Indian Institute of Technology Kanpur,"Civil Engineering (4 Years, Bachelor of Technology)",AI,EWS,Gender-Neutral,806,987
Indian Institute of Technology Kanpur,"Civil Engineering (4 Years, Bachelor of Technology)",AI,EWS,Female-only (including Supernumerary),2029,2219
Indian Institute of Technology Kanpur,"Civil Engineering (4 Years, Bachelor of Technology)",AI,OBC-NCL,Gender-Neutral,2063,2678
Indian Institute of Technology Kanpur,"Civil Engineering (4 Years, Bachelor of Technology)",AI,OBC-NCL,Female-only (including Supernumerary),5117,6482
Indian Institute of Technology Kanpur,"Civil Engineering (4 Years, Bachelor of Technology)",AI,SC,Gender-Neutral,982,1489
Indian Institute of Technology Kanpur,"Civil Engineering (4 Years, Bachelor of Technology)",AI,SC,Female-only (including Supernumerary),2680,2969
Indian Institute of Technology Kanpur,"Civil Engineering (4 Years, Bachelor of Technology)",AI,ST,Gender-Neutral,290,482
Indian Institute of Technology Kanpur,"Civil Engineering (4 Years, Bachelor of Technology)",AI,ST,Female-only (including Supernumerary),668,837
Indian Institute of Technology Kanpur,"Computer Science and Engineering (4 Years, Bachelor of Technology)",AI,OPEN,Gender-Neutral,120,250
Indian Institute of Technology Kanpur,"Computer Science and Engineering (4 Years, Bachelor of Technology)",AI,OPEN,Female-only (including Supernumerary),781,1117
Indian Institute of Technology Kanpur,"Computer Science and Engineering (4 Years, Bachelor of Technology)",AI,OPEN (PwD),Gender-Neutral,6,11
Indian Institute of Technology Kanpur,"Computer Science and Engineering (4 Years, Bachelor of Technology)",AI,OPEN (PwD),Female-only (including Supernumerary),88,117
Indian Institute of Technology Kanpur,"Computer Science and Engineering (4 Years, Bachelor of Technology)",AI,EWS,Gender-Neutral,28,51
Indian Institute of Technology Kanpur,"Computer Science and Engineering (4 Years, Bachelor of Technology)",AI,EWS,Female-only (including Supernumerary),150,294
Indian Institute of Technology Kanpur,"Computer Science and Engineering (4 Years, Bachelor of Technology)",AI,EWS (PwD),Gender-Neutral,4,4
Indian Institute of Technology Kanpur,"Computer Science and Engineering (4 Years, Bachelor of Technology)",AI,OBC-NCL,Gender-Neutral,61,132
Indian Institute of Technology Kanpur,"Computer Science and Engineering (4 Years, Bachelor of Technology)",AI,OBC-NCL,Female-only (including Supernumerary),410,538
Indian Institute of Technology Kanpur,"Computer Science and Engineering (4 Years, Bachelor of Technology)",AI,OBC-NCL (PwD),Gender-Neutral,6,6
Indian Institute of Technology Kanpur,"Computer Science and Engineering (4 Years, Bachelor of Technology)",AI,SC,Gender-Neutral,55,96
Indian Institute of Technology Kanpur,"Computer Science and Engineering (4 Years, Bachelor of Technology)",AI,SC,Female-only (including Supernumerary),133,397
Indian Institute of Technology Kanpur,"Computer Science and Engineering (4 Years, Bachelor of Technology)",AI,SC (PwD),Gender-Neutral,4,4
Indian Institute of Technology Kanpur,"Computer Science and Engineering (4 Years, Bachelor of Technology)",AI,SC (PwD),Female-only (including Supernumerary),8,8
Indian Institute of Technology Kanpur,"Computer Science and Engineering (4 Years, Bachelor of Technology)",AI,ST,Gender-Neutral,30,54
Indian Institute of Technology Kanpur,"Computer Science and Engineering (4 Years, Bachelor of Technology)",AI,ST,Female-only (including Supernumerary),127,141
Indian Institute of Technology Kanpur,"Earth Sciences (4 Years, Bachelor of Science)",AI,OPEN,Gender-Neutral,6793,9550
Indian Institute of Technology Kanpur,"Earth Sciences (4 Years, Bachelor of Science)",AI,OPEN,Female-only (including Supernumerary),16084,17185
Indian Institute of Technology Kanpur,"Earth Sciences (4 Years, Bachelor of Science)",AI,EWS,Gender-Neutral,1534,1627
Indian Institute of Technology Kanpur,"Earth Sciences (4 Years, Bachelor of Science)",AI,EWS,Female-only (including Supernumerary),2942,2942
Indian Institute of Technology Kanpur,"Earth Sciences (4 Years, Bachelor of Science)",AI,OBC-NCL,Gender-Neutral,3667,4562
Indian Institute of Technology Kanpur,"Earth Sciences (4 Years, Bachelor of Science)",AI,OBC-NCL,Female-only (including Supernumerary),7778,8477
Indian Institute of Technology Kanpur,"Earth Sciences (4 Years, Bachelor of Science)",AI,SC,Gender-Neutral,1636,2567
Indian Institute of Technology Kanpur,"Earth Sciences (4 Years, Bachelor of Science)",AI,SC,Female-only (including Supernumerary),4511,4511
Indian Institute of Technology Kanpur,"Earth Sciences (4 Years, Bachelor of Science)",AI,ST,Gender-Neutral,1280,1369
Indian Institute of Technology Kanpur,"Earth Sciences (4 Years, Bachelor of Science)",AI,ST,Female-only (including Supernumerary),702P,702P
Indian Institute of Technology Kanpur,"Economics (4 Years, Bachelor of Science)",AI,OPEN,Gender-Neutral,2137,2993
Indian Institute of Technology Kanpur,"Economics (4 Years, Bachelor of Science)",AI,OPEN,Female-only (including Supernumerary),4408,6281
Indian Institute of Technology Kanpur,"Economics (4 Years, Bachelor of Science)",AI,OPEN (PwD),Gender-Neutral,169,169
Indian Institute of Technology Kanpur,"Economics (4 Years, Bachelor of Science)",AI,EWS,Gender-Neutral,569,690
Indian Institute of Technology Kanpur,"Economics (4 Years, Bachelor of Science)",AI,EWS,Female-only (including Supernumerary),1548,1548
Indian Institute of Technology Kanpur,"Economics (4 Years, Bachelor of Science)",AI,OBC-NCL,Gender-Neutral,1258,1604
Indian Institute of Technology Kanpur,"Economics (4 Years, Bachelor of Science)",AI,OBC-NCL,Female-only (including Supernumerary),3436,4211
Indian Institute of Technology Kanpur,"Economics (4 Years, Bachelor of Science)",AI,SC,Gender-Neutral,806,1426
Indian Institute of Technology Kanpur,"Economics (4 Years, Bachelor of Science)",AI,SC,Female-only (including Supernumerary),2897,3401
Indian Institute of Technology Kanpur,"Economics (4 Years, Bachelor of Science)",AI,ST,Gender-Neutral,521,725
Indian Institute of Technology Kanpur,"Economics (4 Years, Bachelor of Science)",AI,ST,Female-only (including Supernumerary),1645,1645
Indian Institute of Technology Kanpur,"Electrical Engineering (4 Years, Bachelor of Technology)",AI,OPEN,Gender-Neutral,743,1284
Indian Institute of Technology Kanpur,"Electrical Engineering (4 Years, Bachelor of Technology)",AI,OPEN,Female-only (including Supernumerary),2616,3060
Indian Institute of Technology Kanpur,"Electrical Engineering (4 Years, Bachelor of Technology)",AI,OPEN (PwD),Gender-Neutral,107,128
Indian Institute of Technology Kanpur,"Electrical Engineering (4 Years, Bachelor of Technology)",AI,OPEN (PwD),Female-only (including Supernumerary),190P,190P
Indian Institute of Technology Kanpur,"Electrical Engineering (4 Years, Bachelor of Technology)",AI,EWS,Gender-Neutral,193,259
Indian Institute of Technology Kanpur,"Electrical Engineering (4 Years, Bachelor of Technology)",AI,EWS,Female-only (including Supernumerary),702,859
Indian Institute of Technology Kanpur,"Electrical Engineering (4 Years, Bachelor of Technology)",AI,EWS (PwD),Gender-Neutral,3P,3P
Indian Institute of Technology Kanpur,"Electrical Engineering (4 Years, Bachelor of Technology)",AI,OBC-NCL,Gender-Neutral,432,731
Indian Institute of Technology Kanpur,"Electrical Engineering (4 Years, Bachelor of Technology)",AI,OBC-NCL,Female-only (including Supernumerary),1397,2303
Indian Institute of Technology Kanpur,"Electrical Engineering (4 Years, Bachelor of Technology)",AI,OBC-NCL (PwD),Gender-Neutral,53,61
Indian Institute of Technology Kanpur,"Electrical Engineering (4 Years, Bachelor of Technology)",AI,SC,Gender-Neutral,281,452
Indian Institute of Technology Kanpur,"Electrical Engineering (4 Years, Bachelor of Technology)",AI,SC,Female-only (including Supernumerary),769,1152
Indian Institute of Technology Kanpur,"Electrical Engineering (4 Years, Bachelor of Technology)",AI,ST,Gender-Neutral,98,203
Indian Institute of Technology Kanpur,"Electrical Engineering (4 Years, Bachelor of Technology)",AI,ST,Female-only (including Supernumerary),414,518
Indian Institute of Technology Kanpur,"Materials Science and Engineering (4 Years, Bachelor of Technology)",AI,OPEN,Gender-Neutral,4748,5845
Indian Institute of Technology Kanpur,"Materials Science and Engineering (4 Years, Bachelor of Technology)",AI,OPEN,Female-only (including Supernumerary),11438,12792
Indian Institute of Technology Kanpur,"Materials Science and Engineering (4 Years, Bachelor of Technology)",AI,EWS,Gender-Neutral,955,1227
Indian Institute of Technology Kanpur,"Materials Science and Engineering (4 Years, Bachelor of Technology)",AI,EWS,Female-only (including Supernumerary),2264,2558
Indian Institute of Technology Kanpur,"Materials Science and Engineering (4 Years, Bachelor of Technology)",AI,OBC-NCL,Gender-Neutral,2603,3040
Indian Institute of Technology Kanpur,"Materials Science and Engineering (4 Years, Bachelor of Technology)",AI,OBC-NCL,Female-only (including Supernumerary),6390,7187
Indian Institute of Technology Kanpur,"Materials Science and Engineering (4 Years, Bachelor of Technology)",AI,SC,Gender-Neutral,1544,1853
Indian Institute of Technology Kanpur,"Materials Science and Engineering (4 Years, Bachelor of Technology)",AI,SC,Female-only (including Supernumerary),3140,3639
Indian Institute of Technology Kanpur,"Materials Science and Engineering (4 Years, Bachelor of Technology)",AI,ST,Gender-Neutral,859,1080
Indian Institute of Technology Kanpur,"Materials Science and Engineering (4 Years, Bachelor of Technology)",AI,ST,Female-only (including Supernumerary),1412,1412
Indian Institute of Technology Kanpur,"Mathematics and Scientific Computing (4 Years, Bachelor of Science)",AI,OPEN,Gender-Neutral,575,989
Indian Institute of Technology Kanpur,"Mathematics and Scientific Computing (4 Years, Bachelor of Science)",AI,OPEN,Female-only (including Supernumerary),2288,3445
Indian Institute of Technology Kanpur,"Mathematics and Scientific Computing (4 Years, Bachelor of Science)",AI,OPEN (PwD),Gender-Neutral,100,100
Indian Institute of Technology Kanpur,"Mathematics and Scientific Computing (4 Years, Bachelor of Science)",AI,OPEN (PwD),Female-only (including Supernumerary),12P,12P
Indian Institute of Technology Kanpur,"Mathematics and Scientific Computing (4 Years, Bachelor of Science)",AI,EWS,Gender-Neutral,111,209
Indian Institute of Technology Kanpur,"Mathematics and Scientific Computing (4 Years, Bachelor of Science)",AI,EWS,Female-only (including Supernumerary),607,607
Indian Institute of Technology Kanpur,"Mathematics and Scientific Computing (4 Years, Bachelor of Science)",AI,EWS (PwD),Gender-Neutral,1P,1P
Indian Institute of Technology Kanpur,"Mathematics and Scientific Computing (4 Years, Bachelor of Science)",AI,OBC-NCL,Gender-Neutral,298,631
Indian Institute of Technology Kanpur,"Mathematics and Scientific Computing (4 Years, Bachelor of Science)",AI,OBC-NCL,Female-only (including Supernumerary),1295,2000
Indian Institute of Technology Kanpur,"Mathematics and Scientific Computing (4 Years, Bachelor of Science)",AI,SC,Gender-Neutral,212,372
Indian Institute of Technology Kanpur,"Mathematics and Scientific Computing (4 Years, Bachelor of Science)",AI,SC,Female-only (including Supernumerary),1148,1341
Indian Institute of Technology Kanpur,"Mathematics and Scientific Computing (4 Years, Bachelor of Science)",AI,ST,Gender-Neutral,182,343
Indian Institute of Technology Kanpur,"Mathematics and Scientific Computing (4 Years, Bachelor of Science)",AI,ST,Female-only (including Supernumerary),632,632
Indian Institute of Technology Kanpur,"Mechanical Engineering (4 Years, Bachelor of Technology)",AI,OPEN,Gender-Neutral,1889,2740
Indian Institute of Technology Kanpur,"Mechanical Engineering (4 Years, Bachelor of Technology)",AI,OPEN,Female-only (including Supernumerary),6111,8141
Indian Institute of Technology Kanpur,"Mechanical Engineering (4 Years, Bachelor of Technology)",AI,OPEN (PwD),Gender-Neutral,186,34P
Indian Institute of Technology Kanpur,"Mechanical Engineering (4 Years, Bachelor of Technology)",AI,EWS,Gender-Neutral,385,491
Indian Institute of Technology Kanpur,"Mechanical Engineering (4 Years, Bachelor of Technology)",AI,EWS,Female-only (including Supernumerary),1499,1686
Indian Institute of Technology Kanpur,"Mechanical Engineering (4 Years, Bachelor of Technology)",AI,OBC-NCL,Gender-Neutral,1040,1378
Indian Institute of Technology Kanpur,"Mechanical Engineering (4 Years, Bachelor of Technology)",AI,OBC-NCL,Female-only (including Supernumerary),3631,4202
Indian Institute of Technology Kanpur,"Mechanical Engineering (4 Years, Bachelor of Technology)",AI,OBC-NCL (PwD),Gender-Neutral,135P,135P
Indian Institute of Technology Kanpur,"Mechanical Engineering (4 Years, Bachelor of Technology)",AI,SC,Gender-Neutral,586,815
Indian Institute of Technology Kanpur,"Mechanical Engineering (4 Years, Bachelor of Technology)",AI,SC,Female-only (including Supernumerary),1541,2026
Indian Institute of Technology Kanpur,"Mechanical Engineering (4 Years, Bachelor of Technology)",AI,SC (PwD),Gender-Neutral,5P,5P
Indian Institute of Technology Kanpur,"Mechanical Engineering (4 Years, Bachelor of Technology)",AI,ST,Gender-Neutral,426,509
Indian Institute of Technology Kanpur,"Mechanical Engineering (4 Years, Bachelor of Technology)",AI,ST,Female-only (including Supernumerary),582,776
Indian Institute of Technology Kanpur,"Physics (4 Years, Bachelor of Science)",AI,OPEN,Gender-Neutral,1440,5268
Indian Institute of Technology Kanpur,"Physics (4 Years, Bachelor of Science)",AI,OPEN,Female-only (including Supernumerary),5861,13056
Indian Institute of Technology Kanpur,"Physics (4 Years, Bachelor of Science)",AI,OPEN (PwD),Gender-Neutral,95,95
Indian Institute of Technology Kanpur,"Physics (4 Years, Bachelor of Science)",AI,EWS,Gender-Neutral,1135,1368
Indian Institute of Technology Kanpur,"Physics (4 Years, Bachelor of Science)",AI,EWS,Female-only (including Supernumerary),2897,2897
Indian Institute of Technology Kanpur,"Physics (4 Years, Bachelor of Science)",AI,OBC-NCL,Gender-Neutral,2664,3503
Indian Institute of Technology Kanpur,"Physics (4 Years, Bachelor of Science)",AI,OBC-NCL,Female-only (including Supernumerary),6209,7080
Indian Institute of Technology Kanpur,"Physics (4 Years, Bachelor of Science)",AI,SC,Gender-Neutral,1834,2352
Indian Institute of Technology Kanpur,"Physics (4 Years, Bachelor of Science)",AI,SC,Female-only (including Supernumerary),3812,3812
Indian Institute of Technology Kanpur,"Physics (4 Years, Bachelor of Science)",AI,ST,Gender-Neutral,1176,1277
Indian Institute of Technology Kanpur,"Physics (4 Years, Bachelor of Science)",AI,ST,Female-only (including Supernumerary),1765,1765
Indian Institute of Technology Kanpur,"Statistics and Data Science (4 Years, Bachelor of Science)",AI,OPEN,Gender-Neutral,699,1023
Indian Institute of Technology Kanpur,"Statistics and Data Science (4 Years, Bachelor of Science)",AI,OPEN,Female-only (including Supernumerary),1938,3166
Indian Institute of Technology Kanpur,"Statistics and Data Science (4 Years, Bachelor of Science)",AI,OPEN (PwD),Gender-Neutral,105,105
Indian Institute of Technology Kanpur,"Statistics and Data Science (4 Years, Bachelor of Science)",AI,EWS,Gender-Neutral,160,207
Indian Institute of Technology Kanpur,"Statistics and Data Science (4 Years, Bachelor of Science)",AI,EWS,Female-only (including Supernumerary),800,800
Indian Institute of Technology Kanpur,"Statistics and Data Science (4 Years, Bachelor of Science)",AI,OBC-NCL,Gender-Neutral,486,714
Indian Institute of Technology Kanpur,"Statistics and Data Science (4 Years, Bachelor of Science)",AI,OBC-NCL,Female-only (including Supernumerary),1611,1999
Indian Institute of Technology Kanpur,"Statistics and Data Science (4 Years, Bachelor of Science)",AI,SC,Gender-Neutral,230,458
Indian Institute of Technology Kanpur,"Statistics and Data Science (4 Years, Bachelor of Science)",AI,SC,Female-only (including Supernumerary),1035,1035
Indian Institute of Technology Kanpur,"Statistics and Data Science (4 Years, Bachelor of Science)",AI,ST,Gender-Neutral,220,224
Indian Institute of Technology Madras,"Aerospace Engineering (4 Years, Bachelor of Technology)",AI,OPEN,Gender-Neutral,1469,2815
Indian Institute of Technology Madras,"Aerospace Engineering (4 Years, Bachelor of Technology)",AI,OPEN,Female-only (including Supernumerary),5475,6845
Indian Institute of Technology Madras,"Aerospace Engineering (4 Years, Bachelor of Technology)",AI,OPEN (PwD),Gender-Neutral,119P,119P
Indian Institute of Technology Madras,"Aerospace Engineering (4 Years, Bachelor of Technology)",AI,EWS,Gender-Neutral,626,807
Indian Institute of Technology Madras,"Aerospace Engineering (4 Years, Bachelor of Technology)",AI,EWS,Female-only (including Supernumerary),1232,1232
Indian Institute of Technology Madras,"Aerospace Engineering (4 Years, Bachelor of Technology)",AI,OBC-NCL,Gender-Neutral,832,1436
Indian Institute of Technology Madras,"Aerospace Engineering (4 Years, Bachelor of Technology)",AI,OBC-NCL,Female-only (including Supernumerary),1452,3432
Indian Institute of Technology Madras,"Aerospace Engineering (4 Years, Bachelor of Technology)",AI,OBC-NCL (PwD),Gender-Neutral,63P,63P
Indian Institute of Technology Madras,"Aerospace Engineering (4 Years, Bachelor of Technology)",AI,SC,Gender-Neutral,299,788
Indian Institute of Technology Madras,"Aerospace Engineering (4 Years, Bachelor of Technology)",AI,SC,Female-only (including Supernumerary),1522,1699
Indian Institute of Technology Madras,"Aerospace Engineering (4 Years, Bachelor of Technology)",AI,ST,Gender-Neutral,173,478
Indian Institute of Technology Madras,"Aerospace Engineering (4 Years, Bachelor of Technology)",AI,ST,Female-only (including Supernumerary),661,661
Indian Institute of Technology Madras,"Aerospace Engineering (5 Years, Bachelor and Master of Technology (Dual Degree))",AI,OPEN,Gender-Neutral,2199,2984
Indian Institute of Technology Madras,"Aerospace Engineering (5 Years, Bachelor and Master of Technology (Dual Degree))",AI,OPEN,Female-only (including Supernumerary),2184,2184
Indian Institute of Technology Madras,"Aerospace Engineering (5 Years, Bachelor and Master of Technology (Dual Degree))",AI,EWS,Gender-Neutral,883,883
Indian Institute of Technology Madras,"Aerospace Engineering (5 Years, Bachelor and Master of Technology (Dual Degree))",AI,OBC-NCL,Gender-Neutral,1395,1455
Indian Institute of Technology Madras,"Aerospace Engineering (5 Years, Bachelor and Master of Technology (Dual Degree))",AI,OBC-NCL,Female-only (including Supernumerary),3953,3953
Indian Institute of Technology Madras,"Aerospace Engineering (5 Years, Bachelor and Master of Technology (Dual Degree))",AI,SC,Gender-Neutral,830,830
Indian Institute of Technology Madras,"Aerospace Engineering (5 Years, Bachelor and Master of Technology (Dual Degree))",AI,ST,Gender-Neutral,503,503
Indian Institute of Technology Madras,"Artificial Intelligence and Data Analytics (4 Years, Bachelor of Technology)",AI,OPEN,Gender-Neutral,132,415
Indian Institute of Technology Madras,"Artificial Intelligence and Data Analytics (4 Years, Bachelor of Technology)",AI,OPEN,Female-only (including Supernumerary),909,1317
Indian Institute of Technology Madras,"Artificial Intelligence and Data Analytics (4 Years, Bachelor of Technology)",AI,OPEN (PwD),Gender-Neutral,43,43
Indian Institute of Technology Madras,"Artificial Intelligence and Data Analytics (4 Years, Bachelor of Technology)",AI,EWS,Gender-Neutral,80,104
Indian Institute of Technology Madras,"Artificial Intelligence and Data Analytics (4 Years, Bachelor of Technology)",AI,EWS,Female-only (including Supernumerary),298,298
Indian Institute of Technology Madras,"Artificial Intelligence and Data Analytics (4 Years, Bachelor of Technology)",AI,OBC-NCL,Gender-Neutral,137,207
Indian Institute of Technology Madras,"Artificial Intelligence and Data Analytics (4 Years, Bachelor of Technology)",AI,OBC-NCL,Female-only (including Supernumerary),306,503
Indian Institute of Technology Madras,"Artificial Intelligence and Data Analytics (4 Years, Bachelor of Technology)",AI,OBC-NCL (PwD),Gender-Neutral,30,30
Indian Institute of Technology Madras,"Artificial Intelligence and Data Analytics (4 Years, Bachelor of Technology)",AI,SC,Gender-Neutral,119,188
Indian Institute of Technology Madras,"Artificial Intelligence and Data Analytics (4 Years, Bachelor of Technology)",AI,SC,Female-only (including Supernumerary),237,237
Indian Institute of Technology Madras,"Artificial Intelligence and Data Analytics (4 Years, Bachelor of Technology)",AI,ST,Gender-Neutral,38,83
Indian Institute of Technology Madras,"Artificial Intelligence and Data Analytics (4 Years, Bachelor of Technology)",AI,ST,Female-only (including Supernumerary),218,218
Indian Institute of Technology Madras,"Biological Engineering (4 Years, Bachelor of Technology)",AI,OPEN,Gender-Neutral,3135,5491
Indian Institute of Technology Madras,"Biological Engineering (4 Years, Bachelor of Technology)",AI,OPEN,Female-only (including Supernumerary),1853,8842
Indian Institute of Technology Madras,"Biological Engineering (4 Years, Bachelor of Technology)",AI,EWS,Gender-Neutral,1142,1384
Indian Institute of Technology Madras,"Biological Engineering (4 Years, Bachelor of Technology)",AI,EWS,Female-only (including Supernumerary),2205,2205
Indian Institute of Technology Madras,"Biological Engineering (4 Years, Bachelor of Technology)",AI,OBC-NCL,Gender-Neutral,2456,3364
Indian Institute of Technology Madras,"Biological Engineering (4 Years, Bachelor of Technology)",AI,OBC-NCL,Female-only (including Supernumerary),5526,6929
Indian Institute of Technology Madras,"Biological Engineering (4 Years, Bachelor of Technology)",AI,SC,Gender-Neutral,1727,2266
Indian Institute of Technology Madras,"Biological Engineering (4 Years, Bachelor of Technology)",AI,SC,Female-only (including Supernumerary),2942,2942
Indian Institute of Technology Madras,"Biological Engineering (4 Years, Bachelor of Technology)",AI,ST,Gender-Neutral,1057,1090
Indian Institute of Technology Madras,"Biological Engineering (4 Years, Bachelor of Technology)",AI,ST,Female-only (including Supernumerary),1566,1566
Indian Institute of Technology Madras,"Biological Science (4 Years, Bachelor of Science)",AI,OPEN,Gender-Neutral,5604,10129
Indian Institute of Technology Madras,"Biological Science (4 Years, Bachelor of Science)",AI,OPEN,Female-only (including Supernumerary),12442,14360
Indian Institute of Technology Madras,"Biological Science (4 Years, Bachelor of Science)",AI,EWS,Gender-Neutral,1561,1743
Indian Institute of Technology Madras,"Biological Science (4 Years, Bachelor of Science)",AI,EWS,Female-only (including Supernumerary),2996,2996
Indian Institute of Technology Madras,"Biological Science (4 Years, Bachelor of Science)",AI,OBC-NCL,Gender-Neutral,3602,4504
Indian Institute of Technology Madras,"Biological Science (4 Years, Bachelor of Science)",AI,OBC-NCL,Female-only (including Supernumerary),6950,7579
Indian Institute of Technology Madras,"Biological Science (4 Years, Bachelor of Science)",AI,SC,Gender-Neutral,2517,2757
Indian Institute of Technology Madras,"Biological Science (4 Years, Bachelor of Science)",AI,SC,Female-only (including Supernumerary),3784,3784
Indian Institute of Technology Madras,"Biological Science (4 Years, Bachelor of Science)",AI,ST,Gender-Neutral,1325,1359
Indian Institute of Technology Madras,"Biological Science (4 Years, Bachelor of Science)",AI,ST,Female-only (including Supernumerary),1691,1691
Indian Institute of Technology Madras,"Chemical Engineering (4 Years, Bachelor of Technology)",AI,OPEN,Gender-Neutral,2024,3927
Indian Institute of Technology Madras,"Chemical Engineering (4 Years, Bachelor of Technology)",AI,OPEN,Female-only (including Supernumerary),6727,8689
Indian Institute of Technology Madras,"Chemical Engineering (4 Years, Bachelor of Technology)",AI,OPEN (PwD),Gender-Neutral,274P,383P
Indian Institute of Technology Madras,"Chemical Engineering (4 Years, Bachelor of Technology)",AI,EWS,Gender-Neutral,643,766
Indian Institute of Technology Madras,"Chemical Engineering (4 Years, Bachelor of Technology)",AI,EWS,Female-only (including Supernumerary),1144,1769
Indian Institute of Technology Madras,"Chemical Engineering (4 Years, Bachelor of Technology)",AI,OBC-NCL,Gender-Neutral,820,1957
Indian Institute of Technology Madras,"Chemical Engineering (4 Years, Bachelor of Technology)",AI,OBC-NCL,Female-only (including Supernumerary),2636,3681
Indian Institute of Technology Madras,"Chemical Engineering (4 Years, Bachelor of Technology)",AI,SC,Gender-Neutral,724,1225
Indian Institute of Technology Madras,"Chemical Engineering (4 Years, Bachelor of Technology)",AI,SC,Female-only (including Supernumerary),1434,1756
Indian Institute of Technology Madras,"Chemical Engineering (4 Years, Bachelor of Technology)",AI,ST,Gender-Neutral,291,617
Indian Institute of Technology Madras,"Chemical Engineering (4 Years, Bachelor of Technology)",AI,ST,Female-only (including Supernumerary),851,895
Indian Institute of Technology Madras,"Civil Engineering (4 Years, Bachelor of Technology)",AI,OPEN,Gender-Neutral,3305,5525
Indian Institute of Technology Madras,"Civil Engineering (4 Years, Bachelor of Technology)",AI,OPEN,Female-only (including Supernumerary),7794,12104
Indian Institute of Technology Madras,"Civil Engineering (4 Years, Bachelor of Technology)",AI,OPEN (PwD),Gender-Neutral,147,282P
Indian Institute of Technology Madras,"Civil Engineering (4 Years, Bachelor of Technology)",AI,EWS,Gender-Neutral,951,1089
Indian Institute of Technology Madras,"Civil Engineering (4 Years, Bachelor of Technology)",AI,EWS,Female-only (including Supernumerary),1884,1945
Indian Institute of Technology Madras,"Civil Engineering (4 Years, Bachelor of Technology)",AI,OBC-NCL,Gender-Neutral,1586,2500
Indian Institute of Technology Madras,"Civil Engineering (4 Years, Bachelor of Technology)",AI,OBC-NCL,Female-only (including Supernumerary),3477,4565
Indian Institute of Technology Madras,"Civil Engineering (4 Years, Bachelor of Technology)",AI,SC,Gender-Neutral,1044,1324
Indian Institute of Technology Madras,"Civil Engineering (4 Years, Bachelor of Technology)",AI,SC,Female-only (including Supernumerary),1802,2445
Indian Institute of Technology Madras,"Civil Engineering (4 Years, Bachelor of Technology)",AI,ST,Gender-Neutral,401,522
Indian Institute of Technology Madras,"Civil Engineering (4 Years, Bachelor of Technology)",AI,ST,Female-only (including Supernumerary),648,652
Indian Institute of Technology Madras,"Computer Science and Engineering (4 Years, Bachelor of Technology)",AI,OPEN,Gender-Neutral,76,159
Indian Institute of Technology Madras,"Computer Science and Engineering (4 Years, Bachelor of Technology)",AI,OPEN,Female-only (including Supernumerary),558,757
Indian Institute of Technology Madras,"Computer Science and Engineering (4 Years, Bachelor of Technology)",AI,OPEN (PwD),Gender-Neutral,4,4
Indian Institute of Technology Madras,"Computer Science and Engineering (4 Years, Bachelor of Technology)",AI,EWS,Gender-Neutral,17,42
Indian Institute of Technology Madras,"Computer Science and Engineering (4 Years, Bachelor of Technology)",AI,EWS,Female-only (including Supernumerary),109,129
Indian Institute of Technology Madras,"Computer Science and Engineering (4 Years, Bachelor of Technology)",AI,OBC-NCL,Gender-Neutral,18,82
Indian Institute of Technology Madras,"Computer Science and Engineering (4 Years, Bachelor of Technology)",AI,OBC-NCL,Female-only (including Supernumerary),288,344
Indian Institute of Technology Madras,"Computer Science and Engineering (4 Years, Bachelor of Technology)",AI,OBC-NCL (PwD),Gender-Neutral,4,4
Indian Institute of Technology Madras,"Computer Science and Engineering (4 Years, Bachelor of Technology)",AI,SC,Gender-Neutral,36,72
Indian Institute of Technology Madras,"Computer Science and Engineering (4 Years, Bachelor of Technology)",AI,SC,Female-only (including Supernumerary),12,106
Indian Institute of Technology Madras,"Computer Science and Engineering (4 Years, Bachelor of Technology)",AI,SC (PwD),Gender-Neutral,8P,8P
Indian Institute of Technology Madras,"Computer Science and Engineering (4 Years, Bachelor of Technology)",AI,ST,Gender-Neutral,5,29
Indian Institute of Technology Madras,"Computer Science and Engineering (4 Years, Bachelor of Technology)",AI,ST,Female-only (including Supernumerary),68,68
Indian Institute of Technology Madras,"Electrical Engineering (4 Years, Bachelor of Technology)",AI,OPEN,Gender-Neutral,299,835
Indian Institute of Technology Madras,"Electrical Engineering (4 Years, Bachelor of Technology)",AI,OPEN,Female-only (including Supernumerary),1304,2537
Indian Institute of Technology Madras,"Electrical Engineering (4 Years, Bachelor of Technology)",AI,OPEN (PwD),Gender-Neutral,87,94
Indian Institute of Technology Madras,"Electrical Engineering (4 Years, Bachelor of Technology)",AI,OPEN (PwD),Female-only (including Supernumerary),69P,69P
Indian Institute of Technology Madras,"Electrical Engineering (4 Years, Bachelor of Technology)",AI,EWS,Gender-Neutral,105,178
Indian Institute of Technology Madras,"Electrical Engineering (4 Years, Bachelor of Technology)",AI,EWS,Female-only (including Supernumerary),468,539
Indian Institute of Technology Madras,"Electrical Engineering (4 Years, Bachelor of Technology)",AI,EWS (PwD),Gender-Neutral,14P,14P
Indian Institute of Technology Madras,"Electrical Engineering (4 Years, Bachelor of Technology)",AI,OBC-NCL,Gender-Neutral,122,407
Indian Institute of Technology Madras,"Electrical Engineering (4 Years, Bachelor of Technology)",AI,OBC-NCL,Female-only (including Supernumerary),641,956
Indian Institute of Technology Madras,"Electrical Engineering (4 Years, Bachelor of Technology)",AI,OBC-NCL (PwD),Gender-Neutral,48,51
Indian Institute of Technology Madras,"Electrical Engineering (4 Years, Bachelor of Technology)",AI,SC,Gender-Neutral,114,378
Indian Institute of Technology Madras,"Electrical Engineering (4 Years, Bachelor of Technology)",AI,SC,Female-only (including Supernumerary),121,563
Indian Institute of Technology Madras,"Electrical Engineering (4 Years, Bachelor of Technology)",AI,ST,Gender-Neutral,39,149
Indian Institute of Technology Madras,"Electrical Engineering (4 Years, Bachelor of Technology)",AI,ST,Female-only (including Supernumerary),297,336
Indian Institute of Technology Madras,"Engineering Design (5 Years, Bachelor and Master of Technology (Dual Degree))",AI,OPEN,Gender-Neutral,1828,3656
Indian Institute of Technology Madras,"Engineering Design (5 Years, Bachelor and Master of Technology (Dual Degree))",AI,OPEN,Female-only (including Supernumerary),6580,8574
Indian Institute of Technology Madras,"Engineering Design (5 Years, Bachelor and Master of Technology (Dual Degree))",AI,OPEN (PwD),Gender-Neutral,359P,359P
Indian Institute of Technology Madras,"Engineering Design (5 Years, Bachelor and Master of Technology (Dual Degree))",AI,EWS,Gender-Neutral,790,1235
Indian Institute of Technology Madras,"Engineering Design (5 Years, Bachelor and Master of Technology (Dual Degree))",AI,EWS,Female-only (including Supernumerary),2744,2744
Indian Institute of Technology Madras,"Engineering Design (5 Years, Bachelor and Master of Technology (Dual Degree))",AI,OBC-NCL,Gender-Neutral,933,1772
Indian Institute of Technology Madras,"Engineering Design (5 Years, Bachelor and Master of Technology (Dual Degree))",AI,OBC-NCL,Female-only (including Supernumerary),2860,3896
Indian Institute of Technology Madras,"Engineering Design (5 Years, Bachelor and Master of Technology (Dual Degree))",AI,SC,Gender-Neutral,778,1549
Indian Institute of Technology Madras,"Engineering Design (5 Years, Bachelor and Master of Technology (Dual Degree))",AI,SC,Female-only (including Supernumerary),2110,2280
Indian Institute of Technology Madras,"Engineering Design (5 Years, Bachelor and Master of Technology (Dual Degree))",AI,ST,Gender-Neutral,998,1133
Indian Institute of Technology Madras,"Engineering Design (5 Years, Bachelor and Master of Technology (Dual Degree))",AI,ST,Female-only (including Supernumerary),979,979
Indian Institute of Technology Madras,"Engineering Physics (4 Years, Bachelor of Technology)",AI,OPEN,Gender-Neutral,931,1783
Indian Institute of Technology Madras,"Engineering Physics (4 Years, Bachelor of Technology)",AI,OPEN,Female-only (including Supernumerary),3376,4636
Indian Institute of Technology Madras,"Engineering Physics (4 Years, Bachelor of Technology)",AI,OPEN (PwD),Gender-Neutral,370P,370P
Indian Institute of Technology Madras,"Engineering Physics (4 Years, Bachelor of Technology)",AI,EWS,Gender-Neutral,342,803
Indian Institute of Technology Madras,"Engineering Physics (4 Years, Bachelor of Technology)",AI,EWS,Female-only (including Supernumerary),2082,2082
Indian Institute of Technology Madras,"Engineering Physics (4 Years, Bachelor of Technology)",AI,OBC-NCL,Gender-Neutral,385,1192
Indian Institute of Technology Madras,"Engineering Physics (4 Years, Bachelor of Technology)",AI,OBC-NCL,Female-only (including Supernumerary),1519,2319
Indian Institute of Technology Madras,"Engineering Physics (4 Years, Bachelor of Technology)",AI,SC,Gender-Neutral,727,1053
Indian Institute of Technology Madras,"Engineering Physics (4 Years, Bachelor of Technology)",AI,SC,Female-only (including Supernumerary),685,685
Indian Institute of Technology Madras,"Engineering Physics (4 Years, Bachelor of Technology)",AI,ST,Gender-Neutral,908,1022
Indian Institute of Technology Madras,"Engineering Physics (4 Years, Bachelor of Technology)",AI,ST,Female-only (including Supernumerary),1429,1429
Indian Institute of Technology Madras,"Mechanical Engineering (4 Years, Bachelor of Technology)",AI,OPEN,Gender-Neutral,458,2302
Indian Institute of Technology Madras,"Mechanical Engineering (4 Years, Bachelor of Technology)",AI,OPEN,Female-only (including Supernumerary),2868,6455
Indian Institute of Technology Madras,"Mechanical Engineering (4 Years, Bachelor of Technology)",AI,OPEN (PwD),Gender-Neutral,120,146P
Indian Institute of Technology Madras,"Mechanical Engineering (4 Years, Bachelor of Technology)",AI,EWS,Gender-Neutral,359,547
Indian Institute of Technology Madras,"Mechanical Engineering (4 Years, Bachelor of Technology)",AI,EWS,Female-only (including Supernumerary),845,1385
Indian Institute of Technology Madras,"Mechanical Engineering (4 Years, Bachelor of Technology)",AI,OBC-NCL,Gender-Neutral,509,1133
Indian Institute of Technology Madras,"Mechanical Engineering (4 Years, Bachelor of Technology)",AI,OBC-NCL,Female-only (including Supernumerary),1372,3275
Indian Institute of Technology Madras,"Mechanical Engineering (4 Years, Bachelor of Technology)",AI,OBC-NCL (PwD),Gender-Neutral,66P,93P
Indian Institute of Technology Madras,"Mechanical Engineering (4 Years, Bachelor of Technology)",AI,SC,Gender-Neutral,375,750
Indian Institute of Technology Madras,"Mechanical Engineering (4 Years, Bachelor of Technology)",AI,SC,Female-only (including Supernumerary),647,1467
Indian Institute of Technology Madras,"Mechanical Engineering (4 Years, Bachelor of Technology)",AI,ST,Gender-Neutral,150,369
Indian Institute of Technology Madras,"Mechanical Engineering (4 Years, Bachelor of Technology)",AI,ST,Female-only (including Supernumerary),458,715
Indian Institute of Technology Madras,"Metallurgical and Materials Engineering (4 Years, Bachelor of Technology)",AI,OPEN,Gender-Neutral,3770,4683
Indian Institute of Technology Madras,"Metallurgical and Materials Engineering (4 Years, Bachelor of Technology)",AI,OPEN,Female-only (including Supernumerary),9608,10265
Indian Institute of Technology Madras,"Metallurgical and Materials Engineering (4 Years, Bachelor of Technology)",AI,OPEN (PwD),Gender-Neutral,340P,340P
Indian Institute of Technology Madras,"Metallurgical and Materials Engineering (4 Years, Bachelor of Technology)",AI,EWS,Gender-Neutral,1019,1263
Indian Institute of Technology Madras,"Metallurgical and Materials Engineering (4 Years, Bachelor of Technology)",AI,EWS,Female-only (including Supernumerary),2109,2109
Indian Institute of Technology Madras,"Metallurgical and Materials Engineering (4 Years, Bachelor of Technology)",AI,OBC-NCL,Gender-Neutral,2010,2463
Indian Institute of Technology Madras,"Metallurgical and Materials Engineering (4 Years, Bachelor of Technology)",AI,OBC-NCL,Female-only (including Supernumerary),4498,5297
Indian Institute of Technology Madras,"Metallurgical and Materials Engineering (4 Years, Bachelor of Technology)",AI,SC,Gender-Neutral,1328,1679
Indian Institute of Technology Madras,"Metallurgical and Materials Engineering (4 Years, Bachelor of Technology)",AI,SC,Female-only (including Supernumerary),1564,2722
Indian Institute of Technology Madras,"Metallurgical and Materials Engineering (4 Years, Bachelor of Technology)",AI,ST,Gender-Neutral,629,784
Indian Institute of Technology Madras,"Metallurgical and Materials Engineering (4 Years, Bachelor of Technology)",AI,ST,Female-only (including Supernumerary),1339,1339
Indian Institute of Technology Madras,"Naval Architecture and Ocean Engineering (4 Years, Bachelor of Technology)",AI,OPEN,Gender-Neutral,4274,7187
Indian Institute of Technology Madras,"Naval Architecture and Ocean Engineering (4 Years, Bachelor of Technology)",AI,OPEN,Female-only (including Supernumerary),10699,13346
Indian Institute of Technology Madras,"Naval Architecture and Ocean Engineering (4 Years, Bachelor of Technology)",AI,OPEN (PwD),Gender-Neutral,272P,272P
Indian Institute of Technology Madras,"Naval Architecture and Ocean Engineering (4 Years, Bachelor of Technology)",AI,EWS,Gender-Neutral,1084,1550
Indian Institute of Technology Madras,"Naval Architecture and Ocean Engineering (4 Years, Bachelor of Technology)",AI,EWS,Female-only (including Supernumerary),2710,2807
Indian Institute of Technology Madras,"Naval Architecture and Ocean Engineering (4 Years, Bachelor of Technology)",AI,OBC-NCL,Gender-Neutral,2592,3199
Indian Institute of Technology Madras,"Naval Architecture and Ocean Engineering (4 Years, Bachelor of Technology)",AI,OBC-NCL,Female-only (including Supernumerary),5654,6778
Indian Institute of Technology Madras,"Naval Architecture and Ocean Engineering (4 Years, Bachelor of Technology)",AI,OBC-NCL (PwD),Gender-Neutral,133P,133P
Indian Institute of Technology Madras,"Naval Architecture and Ocean Engineering (4 Years, Bachelor of Technology)",AI,SC,Gender-Neutral,1355,2224
Indian Institute of Technology Madras,"Naval Architecture and Ocean Engineering (4 Years, Bachelor of Technology)",AI,SC,Female-only (including Supernumerary),2720,3007
Indian Institute of Technology Madras,"Naval Architecture and Ocean Engineering (4 Years, Bachelor of Technology)",AI,ST,Gender-Neutral,770,1056
Indian Institute of Technology Madras,"Naval Architecture and Ocean Engineering (4 Years, Bachelor of Technology)",AI,ST,Female-only (including Supernumerary),139,139
Indian Institute of Technology Madras,"Physics (5 Years, Bachelor of Science and Master of Science (Dual Degree))",AI,OPEN,Gender-Neutral,1048,1331
Indian Institute of Technology Madras,"Physics (5 Years, Bachelor of Science and Master of Science (Dual Degree))",AI,OPEN,Female-only (including Supernumerary),7069,7069
Indian Institute of Technology Madras,"Physics (5 Years, Bachelor of Science and Master of Science (Dual Degree))",AI,EWS,Gender-Neutral,942,942
Indian Institute of Technology Madras,"Physics (5 Years, Bachelor of Science and Master of Science (Dual Degree))",AI,OBC-NCL,Gender-Neutral,1635,2296
Indian Institute of Technology Madras,"Physics (5 Years, Bachelor of Science and Master of Science (Dual Degree))",AI,OBC-NCL,Female-only (including Supernumerary),5459,5459
Indian Institute of Technology Madras,"Physics (5 Years, Bachelor of Science and Master of Science (Dual Degree))",AI,SC,Gender-Neutral,1784,1784
Indian Institute of Technology Madras,"Physics (5 Years, Bachelor of Science and Master of Science (Dual Degree))",AI,SC,Female-only (including Supernumerary),2155,2155
Indian Institute of Technology Madras,"Physics (5 Years, Bachelor of Science and Master of Science (Dual Degree))",AI,ST,Gender-Neutral,1149,1149
Indian Institute of Technology Gandhinagar,"Artificial Intelligence (4 Years, Bachelor of Technology)",AI,OPEN,Gender-Neutral,1638,2175
Indian Institute of Technology Gandhinagar,"Artificial Intelligence (4 Years, Bachelor of Technology)",AI,OPEN,Female-only (including Supernumerary),4703,4824
Indian Institute of Technology Gandhinagar,"Artificial Intelligence (4 Years, Bachelor of Technology)",AI,OPEN (PwD),Gender-Neutral,108,108
Indian Institute of Technology Gandhinagar,"Artificial Intelligence (4 Years, Bachelor of Technology)",AI,EWS,Gender-Neutral,295,305
Indian Institute of Technology Gandhinagar,"Artificial Intelligence (4 Years, Bachelor of Technology)",AI,EWS,Female-only (including Supernumerary),1182,1182
Indian Institute of Technology Gandhinagar,"Artificial Intelligence (4 Years, Bachelor of Technology)",AI,OBC-NCL,Gender-Neutral,908,1072
Indian Institute of Technology Gandhinagar,"Artificial Intelligence (4 Years, Bachelor of Technology)",AI,OBC-NCL,Female-only (including Supernumerary),2317,2534
Indian Institute of Technology Gandhinagar,"Artificial Intelligence (4 Years, Bachelor of Technology)",AI,SC,Gender-Neutral,512,649
Indian Institute of Technology Gandhinagar,"Artificial Intelligence (4 Years, Bachelor of Technology)",AI,SC,Female-only (including Supernumerary),989,989
Indian Institute of Technology Gandhinagar,"Artificial Intelligence (4 Years, Bachelor of Technology)",AI,ST,Gender-Neutral,125,249
Indian Institute of Technology Gandhinagar,"Chemical Engineering (4 Years, Bachelor of Technology)",AI,OPEN,Gender-Neutral,6344,7803
Indian Institute of Technology Gandhinagar,"Chemical Engineering (4 Years, Bachelor of Technology)",AI,OPEN,Female-only (including Supernumerary),14225,15791
Indian Institute of Technology Gandhinagar,"Chemical Engineering (4 Years, Bachelor of Technology)",AI,EWS,Gender-Neutral,1281,1337
Indian Institute of Technology Gandhinagar,"Chemical Engineering (4 Years, Bachelor of Technology)",AI,EWS,Female-only (including Supernumerary),2940,2940
Indian Institute of Technology Gandhinagar,"Chemical Engineering (4 Years, Bachelor of Technology)",AI,OBC-NCL,Gender-Neutral,3134,3731
Indian Institute of Technology Gandhinagar,"Chemical Engineering (4 Years, Bachelor of Technology)",AI,OBC-NCL,Female-only (including Supernumerary),6706,7934
Indian Institute of Technology Gandhinagar,"Chemical Engineering (4 Years, Bachelor of Technology)",AI,SC,Gender-Neutral,1460,2124
Indian Institute of Technology Gandhinagar,"Chemical Engineering (4 Years, Bachelor of Technology)",AI,SC,Female-only (including Supernumerary),3126,3126
Indian Institute of Technology Gandhinagar,"Chemical Engineering (4 Years, Bachelor of Technology)",AI,ST,Gender-Neutral,1075,1116
Indian Institute of Technology Gandhinagar,"Chemical Engineering (4 Years, Bachelor of Technology)",AI,ST,Female-only (including Supernumerary),159P,159P
Indian Institute of Technology Gandhinagar,"Civil Engineering (4 Years, Bachelor of Technology)",AI,OPEN,Gender-Neutral,8211,9448
Indian Institute of Technology Gandhinagar,"Civil Engineering (4 Years, Bachelor of Technology)",AI,OPEN,Female-only (including Supernumerary),16078,17386
Indian Institute of Technology Gandhinagar,"Civil Engineering (4 Years, Bachelor of Technology)",AI,EWS,Gender-Neutral,1474,1674
Indian Institute of Technology Gandhinagar,"Civil Engineering (4 Years, Bachelor of Technology)",AI,EWS,Female-only (including Supernumerary),2965,2965
Indian Institute of Technology Gandhinagar,"Civil Engineering (4 Years, Bachelor of Technology)",AI,OBC-NCL,Gender-Neutral,3093,4112
Indian Institute of Technology Gandhinagar,"Civil Engineering (4 Years, Bachelor of Technology)",AI,OBC-NCL,Female-only (including Supernumerary),8117,8173
Indian Institute of Technology Gandhinagar,"Civil Engineering (4 Years, Bachelor of Technology)",AI,SC,Gender-Neutral,2065,2284
Indian Institute of Technology Gandhinagar,"Civil Engineering (4 Years, Bachelor of Technology)",AI,SC,Female-only (including Supernumerary),3416,3416
Indian Institute of Technology Gandhinagar,"Civil Engineering (4 Years, Bachelor of Technology)",AI,ST,Gender-Neutral,485,651
Indian Institute of Technology Gandhinagar,"Civil Engineering (4 Years, Bachelor of Technology)",AI,ST,Female-only (including Supernumerary),1199,1199
Indian Institute of Technology Gandhinagar,"Computer Science and Engineering (4 Years, Bachelor of Technology)",AI,OPEN,Gender-Neutral,654,1633
Indian Institute of Technology Gandhinagar,"Computer Science and Engineering (4 Years, Bachelor of Technology)",AI,OPEN,Female-only (including Supernumerary),2427,4592
Indian Institute of Technology Gandhinagar,"Computer Science and Engineering (4 Years, Bachelor of Technology)",AI,OPEN (PwD),Gender-Neutral,71,71
Indian Institute of Technology Gandhinagar,"Computer Science and Engineering (4 Years, Bachelor of Technology)",AI,EWS,Gender-Neutral,218,257
Indian Institute of Technology Gandhinagar,"Computer Science and Engineering (4 Years, Bachelor of Technology)",AI,EWS,Female-only (including Supernumerary),749,749
Indian Institute of Technology Gandhinagar,"Computer Science and Engineering (4 Years, Bachelor of Technology)",AI,OBC-NCL,Gender-Neutral,411,721
Indian Institute of Technology Gandhinagar,"Computer Science and Engineering (4 Years, Bachelor of Technology)",AI,OBC-NCL,Female-only (including Supernumerary),1602,1714
Indian Institute of Technology Gandhinagar,"Computer Science and Engineering (4 Years, Bachelor of Technology)",AI,OBC-NCL (PwD),Female-only (including Supernumerary),56,56
Indian Institute of Technology Gandhinagar,"Computer Science and Engineering (4 Years, Bachelor of Technology)",AI,SC,Gender-Neutral,259,338
Indian Institute of Technology Gandhinagar,"Computer Science and Engineering (4 Years, Bachelor of Technology)",AI,SC,Female-only (including Supernumerary),828,828
Indian Institute of Technology Gandhinagar,"Computer Science and Engineering (4 Years, Bachelor of Technology)",AI,SC (PwD),Gender-Neutral,21P,21P
Indian Institute of Technology Gandhinagar,"Computer Science and Engineering (4 Years, Bachelor of Technology)",AI,ST,Gender-Neutral,155,207
Indian Institute of Technology Gandhinagar,"Computer Science and Engineering (4 Years, Bachelor of Technology)",AI,ST,Female-only (including Supernumerary),374,374
Indian Institute of Technology Gandhinagar,"Computer Science and Engineering (5 Years, Bachelor and Master of Technology (Dual Degree))",AI,OPEN,Gender-Neutral,1708,2171
Indian Institute of Technology Gandhinagar,"Computer Science and Engineering (5 Years, Bachelor and Master of Technology (Dual Degree))",AI,OPEN,Female-only (including Supernumerary),5172,5172
Indian Institute of Technology Gandhinagar,"Computer Science and Engineering (5 Years, Bachelor and Master of Technology (Dual Degree))",AI,EWS,Gender-Neutral,394,394
Indian Institute of Technology Gandhinagar,"Computer Science and Engineering (5 Years, Bachelor and Master of Technology (Dual Degree))",AI,EWS,Female-only (including Supernumerary),1163,1163
Indian Institute of Technology Gandhinagar,"Computer Science and Engineering (5 Years, Bachelor and Master of Technology (Dual Degree))",AI,OBC-NCL,Gender-Neutral,923,1036
Indian Institute of Technology Gandhinagar,"Computer Science and Engineering (5 Years, Bachelor and Master of Technology (Dual Degree))",AI,OBC-NCL,Female-only (including Supernumerary),2950,2950
Indian Institute of Technology Gandhinagar,"Computer Science and Engineering (5 Years, Bachelor and Master of Technology (Dual Degree))",AI,OBC-NCL (PwD),Gender-Neutral,105P,105P
Indian Institute of Technology Gandhinagar,"Computer Science and Engineering (5 Years, Bachelor and Master of Technology (Dual Degree))",AI,SC,Gender-Neutral,418,490
Indian Institute of Technology Gandhinagar,"Computer Science and Engineering (5 Years, Bachelor and Master of Technology (Dual Degree))",AI,ST,Gender-Neutral,367,367
Indian Institute of Technology Gandhinagar,"Computer Science and Engineering (5 Years, Bachelor and Master of Technology (Dual Degree))",AI,ST,Female-only (including Supernumerary),644,644
Indian Institute of Technology Gandhinagar,"Electrical Engineering (4 Years, Bachelor of Technology)",AI,OPEN,Gender-Neutral,2835,3921
Indian Institute of Technology Gandhinagar,"Electrical Engineering (4 Years, Bachelor of Technology)",AI,OPEN,Female-only (including Supernumerary),6395,7454
Indian Institute of Technology Gandhinagar,"Electrical Engineering (4 Years, Bachelor of Technology)",AI,EWS,Gender-Neutral,680,834
Indian Institute of Technology Gandhinagar,"Electrical Engineering (4 Years, Bachelor of Technology)",AI,EWS,Female-only (including Supernumerary),1697,1697
Indian Institute of Technology Gandhinagar,"Electrical Engineering (4 Years, Bachelor of Technology)",AI,OBC-NCL,Gender-Neutral,1415,1930
Indian Institute of Technology Gandhinagar,"Electrical Engineering (4 Years, Bachelor of Technology)",AI,OBC-NCL,Female-only (including Supernumerary),4489,4896
Indian Institute of Technology Gandhinagar,"Electrical Engineering (4 Years, Bachelor of Technology)",AI,SC,Gender-Neutral,1028,1226
Indian Institute of Technology Gandhinagar,"Electrical Engineering (4 Years, Bachelor of Technology)",AI,SC,Female-only (including Supernumerary),1984,1984
Indian Institute of Technology Gandhinagar,"Electrical Engineering (4 Years, Bachelor of Technology)",AI,ST,Gender-Neutral,500,534
Indian Institute of Technology Gandhinagar,"Electrical Engineering (4 Years, Bachelor of Technology)",AI,ST,Female-only (including Supernumerary),955,955
Indian Institute of Technology Gandhinagar,"Electrical Engineering (5 Years, Bachelor and Master of Technology (Dual Degree))",AI,OPEN,Gender-Neutral,3932,4368
Indian Institute of Technology Gandhinagar,"Electrical Engineering (5 Years, Bachelor and Master of Technology (Dual Degree))",AI,OPEN,Female-only (including Supernumerary),8494,8494
Indian Institute of Technology Gandhinagar,"Electrical Engineering (5 Years, Bachelor and Master of Technology (Dual Degree))",AI,EWS,Gender-Neutral,904,904
Indian Institute of Technology Gandhinagar,"Electrical Engineering (5 Years, Bachelor and Master of Technology (Dual Degree))",AI,EWS,Female-only (including Supernumerary),1791,1791
Indian Institute of Technology Gandhinagar,"Electrical Engineering (5 Years, Bachelor and Master of Technology (Dual Degree))",AI,OBC-NCL,Gender-Neutral,1806,2274
Indian Institute of Technology Gandhinagar,"Electrical Engineering (5 Years, Bachelor and Master of Technology (Dual Degree))",AI,OBC-NCL,Female-only (including Supernumerary),5783,5783
Indian Institute of Technology Gandhinagar,"Electrical Engineering (5 Years, Bachelor and Master of Technology (Dual Degree))",AI,SC,Gender-Neutral,1468,1615
Indian Institute of Technology Gandhinagar,"Electrical Engineering (5 Years, Bachelor and Master of Technology (Dual Degree))",AI,ST,Gender-Neutral,710,710
Indian Institute of Technology Gandhinagar,"Electrical Engineering (5 Years, Bachelor and Master of Technology (Dual Degree))",AI,ST,Female-only (including Supernumerary),1021,1021
Indian Institute of Technology Gandhinagar,"Integrated Circuit Design & Technology (4 Years, Bachelor of Technology)",AI,OPEN,Gender-Neutral,2458,4208
Indian Institute of Technology Gandhinagar,"Integrated Circuit Design & Technology (4 Years, Bachelor of Technology)",AI,OPEN,Female-only (including Supernumerary),7247,7281
Indian Institute of Technology Gandhinagar,"Integrated Circuit Design & Technology (4 Years, Bachelor of Technology)",AI,EWS,Gender-Neutral,527,747
Indian Institute of Technology Gandhinagar,"Integrated Circuit Design & Technology (4 Years, Bachelor of Technology)",AI,EWS,Female-only (including Supernumerary),1282,1282
Indian Institute of Technology Gandhinagar,"Integrated Circuit Design & Technology (4 Years, Bachelor of Technology)",AI,OBC-NCL,Gender-Neutral,1347,2460
Indian Institute of Technology Gandhinagar,"Integrated Circuit Design & Technology (4 Years, Bachelor of Technology)",AI,OBC-NCL,Female-only (including Supernumerary),4751,5545
Indian Institute of Technology Gandhinagar,"Integrated Circuit Design & Technology (4 Years, Bachelor of Technology)",AI,SC,Gender-Neutral,1015,1558
Indian Institute of Technology Gandhinagar,"Integrated Circuit Design & Technology (4 Years, Bachelor of Technology)",AI,SC,Female-only (including Supernumerary),2918,2918
Indian Institute of Technology Gandhinagar,"Integrated Circuit Design & Technology (4 Years, Bachelor of Technology)",AI,ST,Gender-Neutral,1014,1069
Indian Institute of Technology Gandhinagar,"Materials Engineering (4 Years, Bachelor of Technology)",AI,OPEN,Gender-Neutral,8632,10226
Indian Institute of Technology Gandhinagar,"Materials Engineering (4 Years, Bachelor of Technology)",AI,OPEN,Female-only (including Supernumerary),16409,17233
Indian Institute of Technology Gandhinagar,"Materials Engineering (4 Years, Bachelor of Technology)",AI,EWS,Gender-Neutral,1825,1891
Indian Institute of Technology Gandhinagar,"Materials Engineering (4 Years, Bachelor of Technology)",AI,EWS,Female-only (including Supernumerary),3039,3039
Indian Institute of Technology Gandhinagar,"Materials Engineering (4 Years, Bachelor of Technology)",AI,OBC-NCL,Gender-Neutral,4192,4621
Indian Institute of Technology Gandhinagar,"Materials Engineering (4 Years, Bachelor of Technology)",AI,OBC-NCL,Female-only (including Supernumerary),8171,8171
Indian Institute of Technology Gandhinagar,"Materials Engineering (4 Years, Bachelor of Technology)",AI,SC,Gender-Neutral,2374,2616
Indian Institute of Technology Gandhinagar,"Materials Engineering (4 Years, Bachelor of Technology)",AI,SC,Female-only (including Supernumerary),2821,2821
Indian Institute of Technology Gandhinagar,"Materials Engineering (4 Years, Bachelor of Technology)",AI,ST,Gender-Neutral,1227,1269
Indian Institute of Technology Gandhinagar,"Materials Engineering (4 Years, Bachelor of Technology)",AI,ST,Female-only (including Supernumerary),773P,773P
Indian Institute of Technology Gandhinagar,"Mechanical Engineering (4 Years, Bachelor of Technology)",AI,OPEN,Gender-Neutral,4437,6073
Indian Institute of Technology Gandhinagar,"Mechanical Engineering (4 Years, Bachelor of Technology)",AI,OPEN,Female-only (including Supernumerary),10210,13488
Indian Institute of Technology Gandhinagar,"Mechanical Engineering (4 Years, Bachelor of Technology)",AI,EWS,Gender-Neutral,953,1217
Indian Institute of Technology Gandhinagar,"Mechanical Engineering (4 Years, Bachelor of Technology)",AI,EWS,Female-only (including Supernumerary),2509,2509
Indian Institute of Technology Gandhinagar,"Mechanical Engineering (4 Years, Bachelor of Technology)",AI,OBC-NCL,Gender-Neutral,2646,3049
Indian Institute of Technology Gandhinagar,"Mechanical Engineering (4 Years, Bachelor of Technology)",AI,OBC-NCL,Female-only (including Supernumerary),6809,7095
Indian Institute of Technology Gandhinagar,"Mechanical Engineering (4 Years, Bachelor of Technology)",AI,SC,Gender-Neutral,666,1725
Indian Institute of Technology Gandhinagar,"Mechanical Engineering (4 Years, Bachelor of Technology)",AI,SC,Female-only (including Supernumerary),2922,2922
Indian Institute of Technology Gandhinagar,"Mechanical Engineering (4 Years, Bachelor of Technology)",AI,ST,Gender-Neutral,759,780
Indian Institute of Technology Gandhinagar,"Mechanical Engineering (4 Years, Bachelor of Technology)",AI,ST,Female-only (including Supernumerary),1407,1407
Indian Institute of Technology Gandhinagar,"Mechanical Engineering (5 Years, Bachelor and Master of Technology (Dual Degree))",AI,OPEN,Gender-Neutral,6581,7248
Indian Institute of Technology Gandhinagar,"Mechanical Engineering (5 Years, Bachelor and Master of Technology (Dual Degree))",AI,OPEN,Female-only (including Supernumerary),13636,14114
Indian Institute of Technology Gandhinagar,"Mechanical Engineering (5 Years, Bachelor and Master of Technology (Dual Degree))",AI,EWS,Gender-Neutral,1350,1436
Indian Institute of Technology Gandhinagar,"Mechanical Engineering (5 Years, Bachelor and Master of Technology (Dual Degree))",AI,EWS,Female-only (including Supernumerary),2795,2795
Indian Institute of Technology Gandhinagar,"Mechanical Engineering (5 Years, Bachelor and Master of Technology (Dual Degree))",AI,OBC-NCL,Gender-Neutral,3201,3498
Indian Institute of Technology Gandhinagar,"Mechanical Engineering (5 Years, Bachelor and Master of Technology (Dual Degree))",AI,OBC-NCL,Female-only (including Supernumerary),7139,7139
Indian Institute of Technology Gandhinagar,"Mechanical Engineering (5 Years, Bachelor and Master of Technology (Dual Degree))",AI,SC,Gender-Neutral,1998,2060
Indian Institute of Technology Gandhinagar,"Mechanical Engineering (5 Years, Bachelor and Master of Technology (Dual Degree))",AI,SC,Female-only (including Supernumerary),3637,3637
Indian Institute of Technology Gandhinagar,"Mechanical Engineering (5 Years, Bachelor and Master of Technology (Dual Degree))",AI,ST,Gender-Neutral,944,944
Indian Institute of Technology Patna,"Artificial Intelligence and Data Science (4 Years, Bachelor of Technology)",AI,OPEN,Gender-Neutral,2764,4034
Indian Institute of Technology Patna,"Artificial Intelligence and Data Science (4 Years, Bachelor of Technology)",AI,OPEN,Female-only (including Supernumerary),6711,8963
Indian Institute of Technology Patna,"Artificial Intelligence and Data Science (4 Years, Bachelor of Technology)",AI,EWS,Gender-Neutral,447,579
Indian Institute of Technology Patna,"Artificial Intelligence and Data Science (4 Years, Bachelor of Technology)",AI,EWS,Female-only (including Supernumerary),1322,1322
Indian Institute of Technology Patna,"Artificial Intelligence and Data Science (4 Years, Bachelor of Technology)",AI,OBC-NCL,Gender-Neutral,1209,1661
Indian Institute of Technology Patna,"Artificial Intelligence and Data Science (4 Years, Bachelor of Technology)",AI,OBC-NCL,Female-only (including Supernumerary),3196,4132
Indian Institute of Technology Patna,"Artificial Intelligence and Data Science (4 Years, Bachelor of Technology)",AI,OBC-NCL (PwD),Gender-Neutral,44P,44P
Indian Institute of Technology Patna,"Artificial Intelligence and Data Science (4 Years, Bachelor of Technology)",AI,SC,Gender-Neutral,773,1012
Indian Institute of Technology Patna,"Artificial Intelligence and Data Science (4 Years, Bachelor of Technology)",AI,SC,Female-only (including Supernumerary),1056,1056
Indian Institute of Technology Patna,"Artificial Intelligence and Data Science (4 Years, Bachelor of Technology)",AI,ST,Gender-Neutral,469,575
Indian Institute of Technology Patna,"Artificial Intelligence and Data Science (4 Years, Bachelor of Technology)",AI,ST,Female-only (including Supernumerary),1125,1125
Indian Institute of Technology Patna,"B. Tech in CE. - M. Tech. in Geotechnical Engineering (5 Years, B.Tech. + M.Tech./MS (Dual Degree))",AI,OPEN,Gender-Neutral,14055,14566
Indian Institute of Technology Patna,"B. Tech in CE. - M. Tech. in Geotechnical Engineering (5 Years, B.Tech. + M.Tech./MS (Dual Degree))",AI,OPEN,Female-only (including Supernumerary),21964,21964
Indian Institute of Technology Patna,"B. Tech in CE. - M. Tech. in Geotechnical Engineering (5 Years, B.Tech. + M.Tech./MS (Dual Degree))",AI,EWS,Gender-Neutral,2292,2292
Indian Institute of Technology Patna,"B. Tech in CE. - M. Tech. in Geotechnical Engineering (5 Years, B.Tech. + M.Tech./MS (Dual Degree))",AI,OBC-NCL,Gender-Neutral,5378,5517
Indian Institute of Technology Patna,"B. Tech in CE. - M. Tech. in Geotechnical Engineering (5 Years, B.Tech. + M.Tech./MS (Dual Degree))",AI,SC,Gender-Neutral,2753,2753
Indian Institute of Technology Patna,"B. Tech in CE. - M. Tech. in Geotechnical Engineering (5 Years, B.Tech. + M.Tech./MS (Dual Degree))",AI,ST,Gender-Neutral,1188,1188
Indian Institute of Technology Patna,"B. Tech in CE. - M. Tech. in Structural Engineering (5 Years, B.Tech. + M.Tech./MS (Dual Degree))",AI,OPEN,Gender-Neutral,3704,13789
Indian Institute of Technology Patna,"B. Tech in CE. - M. Tech. in Structural Engineering (5 Years, B.Tech. + M.Tech./MS (Dual Degree))",AI,OPEN,Female-only (including Supernumerary),18498,18498
Indian Institute of Technology Patna,"B. Tech in CE. - M. Tech. in Structural Engineering (5 Years, B.Tech. + M.Tech./MS (Dual Degree))",AI,EWS,Gender-Neutral,2290,2290
Indian Institute of Technology Patna,"B. Tech in CE. - M. Tech. in Structural Engineering (5 Years, B.Tech. + M.Tech./MS (Dual Degree))",AI,OBC-NCL,Gender-Neutral,4591,5199
Indian Institute of Technology Patna,"B. Tech in CE. - M. Tech. in Structural Engineering (5 Years, B.Tech. + M.Tech./MS (Dual Degree))",AI,SC,Gender-Neutral,2526,2613
Indian Institute of Technology Patna,"B. Tech. (CSE) and M.Tech in CSE (5 Years, B.Tech. + M.Tech./MS (Dual Degree))",AI,OPEN,Gender-Neutral,3466,4135
Indian Institute of Technology Patna,"B. Tech. (CSE) and M.Tech in CSE (5 Years, B.Tech. + M.Tech./MS (Dual Degree))",AI,OPEN,Female-only (including Supernumerary),9776,9776
Indian Institute of Technology Patna,"B. Tech. (CSE) and M.Tech in CSE (5 Years, B.Tech. + M.Tech./MS (Dual Degree))",AI,EWS,Gender-Neutral,582,582
Indian Institute of Technology Patna,"B. Tech. (CSE) and M.Tech in CSE (5 Years, B.Tech. + M.Tech./MS (Dual Degree))",AI,OBC-NCL,Gender-Neutral,1277,1541
Indian Institute of Technology Patna,"B. Tech. (CSE) and M.Tech in CSE (5 Years, B.Tech. + M.Tech./MS (Dual Degree))",AI,SC,Gender-Neutral,921,921
Indian Institute of Technology Patna,"B. Tech. (CSE) and M.Tech in CSE (5 Years, B.Tech. + M.Tech./MS (Dual Degree))",AI,SC,Female-only (including Supernumerary),1917,1917
Indian Institute of Technology Patna,"B. Tech. (CSE) and M.Tech in CSE (5 Years, B.Tech. + M.Tech./MS (Dual Degree))",AI,ST,Gender-Neutral,729,729
Indian Institute of Technology Patna,"B. Tech. (ECE) -M. Tech. in VLSI (5 Years, B.Tech. + M.Tech./MS (Dual Degree))",AI,OPEN,Gender-Neutral,5683,6068
Indian Institute of Technology Patna,"B. Tech. (ECE) -M. Tech. in VLSI (5 Years, B.Tech. + M.Tech./MS (Dual Degree))",AI,OPEN,Female-only (including Supernumerary),14138,14138
Indian Institute of Technology Patna,"B. Tech. (ECE) -M. Tech. in VLSI (5 Years, B.Tech. + M.Tech./MS (Dual Degree))",AI,EWS,Gender-Neutral,991,991
Indian Institute of Technology Patna,"B. Tech. (ECE) -M. Tech. in VLSI (5 Years, B.Tech. + M.Tech./MS (Dual Degree))",AI,OBC-NCL,Gender-Neutral,2211,2215
Indian Institute of Technology Patna,"B. Tech. (ECE) -M. Tech. in VLSI (5 Years, B.Tech. + M.Tech./MS (Dual Degree))",AI,OBC-NCL,Female-only (including Supernumerary),6902,6902
Indian Institute of Technology Patna,"B. Tech. (ECE) -M. Tech. in VLSI (5 Years, B.Tech. + M.Tech./MS (Dual Degree))",AI,SC,Gender-Neutral,1281,1281
Indian Institute of Technology Patna,"B. Tech. (ECE) -M. Tech. in VLSI (5 Years, B.Tech. + M.Tech./MS (Dual Degree))",AI,ST,Gender-Neutral,1005,1005
Indian Institute of Technology Patna,"B. Tech. (EEE)-M. Tech. in (Power &. Control) (5 Years, B.Tech. + M.Tech./MS (Dual Degree))",AI,OPEN,Gender-Neutral,6909,6935
Indian Institute of Technology Patna,"B. Tech. (EEE)-M. Tech. in (Power &. Control) (5 Years, B.Tech. + M.Tech./MS (Dual Degree))",AI,OPEN,Female-only (including Supernumerary),14168,14168
Indian Institute of Technology Patna,"B. Tech. (EEE)-M. Tech. in (Power &. Control) (5 Years, B.Tech. + M.Tech./MS (Dual Degree))",AI,EWS,Gender-Neutral,1192,1192
Indian Institute of Technology Patna,"B. Tech. (EEE)-M. Tech. in (Power &. Control) (5 Years, B.Tech. + M.Tech./MS (Dual Degree))",AI,OBC-NCL,Gender-Neutral,2667,3036
Indian Institute of Technology Patna,"B. Tech. (EEE)-M. Tech. in (Power &. Control) (5 Years, B.Tech. + M.Tech./MS (Dual Degree))",AI,OBC-NCL,Female-only (including Supernumerary),7167,7167
Indian Institute of Technology Patna,"B. Tech. (EEE)-M. Tech. in (Power &. Control) (5 Years, B.Tech. + M.Tech./MS (Dual Degree))",AI,SC,Gender-Neutral,1670,1705
Indian Institute of Technology Patna,"B. Tech. (Mathematics & Computing) M. Tech. in (Mathematics & Computing) (5 Years, B.Tech. + M.Tech./MS (Dual Degree))",AI,OPEN,Gender-Neutral,4663,4864
Indian Institute of Technology Patna,"B. Tech. (Mathematics & Computing) M. Tech. in (Mathematics & Computing) (5 Years, B.Tech. + M.Tech./MS (Dual Degree))",AI,OPEN,Female-only (including Supernumerary),10499,10499
Indian Institute of Technology Patna,"B. Tech. (Mathematics & Computing) M. Tech. in (Mathematics & Computing) (5 Years, B.Tech. + M.Tech./MS (Dual Degree))",AI,EWS,Gender-Neutral,714,714
Indian Institute of Technology Patna,"B. Tech. (Mathematics & Computing) M. Tech. in (Mathematics & Computing) (5 Years, B.Tech. + M.Tech./MS (Dual Degree))",AI,OBC-NCL,Gender-Neutral,2014,2200
Indian Institute of Technology Patna,"B. Tech. (Mathematics & Computing) M. Tech. in (Mathematics & Computing) (5 Years, B.Tech. + M.Tech./MS (Dual Degree))",AI,OBC-NCL,Female-only (including Supernumerary),4638,4638
Indian Institute of Technology Patna,"B. Tech. (Mathematics & Computing) M. Tech. in (Mathematics & Computing) (5 Years, B.Tech. + M.Tech./MS (Dual Degree))",AI,SC,Gender-Neutral,1303,1303
Indian Institute of Technology Patna,"B. Tech. (Mathematics & Computing) M. Tech. in (Mathematics & Computing) (5 Years, B.Tech. + M.Tech./MS (Dual Degree))",AI,ST,Gender-Neutral,721,721
Indian Institute of Technology Patna,"B. Tech. (ME) - M. Tech. in Mechatronics (5 Years, B.Tech. + M.Tech./MS (Dual Degree))",AI,OPEN,Gender-Neutral,6828,8327
Indian Institute of Technology Patna,"B. Tech. (ME) - M. Tech. in Mechatronics (5 Years, B.Tech. + M.Tech./MS (Dual Degree))",AI,OPEN,Female-only (including Supernumerary),18529,18529
Indian Institute of Technology Patna,"B. Tech. (ME) - M. Tech. in Mechatronics (5 Years, B.Tech. + M.Tech./MS (Dual Degree))",AI,EWS,Gender-Neutral,1326,1326
Indian Institute of Technology Patna,"B. Tech. (ME) - M. Tech. in Mechatronics (5 Years, B.Tech. + M.Tech./MS (Dual Degree))",AI,OBC-NCL,Gender-Neutral,3449,3885
Indian Institute of Technology Patna,"B. Tech. (ME) - M. Tech. in Mechatronics (5 Years, B.Tech. + M.Tech./MS (Dual Degree))",AI,OBC-NCL,Female-only (including Supernumerary),8755,8755
Indian Institute of Technology Patna,"B. Tech. (ME) - M. Tech. in Mechatronics (5 Years, B.Tech. + M.Tech./MS (Dual Degree))",AI,SC,Gender-Neutral,2303,2303
Indian Institute of Technology Patna,"B. Tech. (ME) - M. Tech. in Mechatronics (5 Years, B.Tech. + M.Tech./MS (Dual Degree))",AI,ST,Gender-Neutral,1244,1244
Indian Institute of Technology Patna,"B.Tech (Artificial Intelligence and Data Science) - MBA in Digital Business Management (IIM Bodh Gaya) (5 Years, Bachelor of Technology and MBA (Dual Degree))",AI,OPEN,Gender-Neutral,3950,4371
Indian Institute of Technology Patna,"B.Tech (Artificial Intelligence and Data Science) - MBA in Digital Business Management (IIM Bodh Gaya) (5 Years, Bachelor of Technology and MBA (Dual Degree))",AI,OBC-NCL,Gender-Neutral,1961,1961
Indian Institute of Technology Patna,"B.Tech (Artificial Intelligence and Data Science) - MBA in Digital Business Management (IIM Bodh Gaya) (5 Years, Bachelor of Technology and MBA (Dual Degree))",AI,OBC-NCL,Female-only (including Supernumerary),3612,3612
Indian Institute of Technology Patna,"B.Tech (Artificial Intelligence and Data Science) - MBA in Digital Business Management (IIM Bodh Gaya) (5 Years, Bachelor of Technology and MBA (Dual Degree))",AI,SC,Gender-Neutral,1160,1160
Indian Institute of Technology Patna,"B.Tech (Chemical Engineering) - MBA in Hospital and Health Care Management (IIM Bodh Gaya) (5 Years, Bachelor of Technology and MBA (Dual Degree))",AI,OPEN,Gender-Neutral,12561,12577
Indian Institute of Technology Patna,"B.Tech (Chemical Engineering) - MBA in Hospital and Health Care Management (IIM Bodh Gaya) (5 Years, Bachelor of Technology and MBA (Dual Degree))",AI,OBC-NCL,Gender-Neutral,4544,4544
Indian Institute of Technology Patna,"B.Tech (Chemical Engineering) - MBA in Hospital and Health Care Management (IIM Bodh Gaya) (5 Years, Bachelor of Technology and MBA (Dual Degree))",AI,SC,Gender-Neutral,2697,2697
Indian Institute of Technology Patna,"B.Tech (Chemical Science and Technology) - MBA in Hospital and Health Care Management (IIM Bodh Gaya) (5 Years, Bachelor of Technology and MBA (Dual Degree))",AI,OPEN,Gender-Neutral,12162,14176
Indian Institute of Technology Patna,"B.Tech (Chemical Science and Technology) - MBA in Hospital and Health Care Management (IIM Bodh Gaya) (5 Years, Bachelor of Technology and MBA (Dual Degree))",AI,OPEN,Female-only (including Supernumerary),20511,20511
Indian Institute of Technology Patna,"B.Tech (Chemical Science and Technology) - MBA in Hospital and Health Care Management (IIM Bodh Gaya) (5 Years, Bachelor of Technology and MBA (Dual Degree))",AI,EWS,Gender-Neutral,2035,2035
Indian Institute of Technology Patna,"B.Tech (Chemical Science and Technology) - MBA in Hospital and Health Care Management (IIM Bodh Gaya) (5 Years, Bachelor of Technology and MBA (Dual Degree))",AI,OBC-NCL,Gender-Neutral,5396,5396
Indian Institute of Technology Patna,"B.Tech (Civil Engineering) - MBA (IIM Bodh Gaya) (5 Years, Bachelor of Technology and MBA (Dual Degree))",AI,OPEN,Gender-Neutral,12017,13726
Indian Institute of Technology Patna,"B.Tech (Civil Engineering) - MBA (IIM Bodh Gaya) (5 Years, Bachelor of Technology and MBA (Dual Degree))",AI,EWS,Gender-Neutral,1939,1939
Indian Institute of Technology Patna,"B.Tech (Civil Engineering) - MBA (IIM Bodh Gaya) (5 Years, Bachelor of Technology and MBA (Dual Degree))",AI,OBC-NCL,Gender-Neutral,4971,4971
Indian Institute of Technology Patna,"B.Tech (Civil Engineering) - MBA (IIM Bodh Gaya) (5 Years, Bachelor of Technology and MBA (Dual Degree))",AI,SC,Gender-Neutral,2668,2668
Indian Institute of Technology Patna,"B.Tech (Computer Science and Engineering) - MBA in Digital Business Management (IIM Bodh Gaya) (5 Years, Bachelor of Technology and MBA (Dual Degree))",AI,OPEN,Gender-Neutral,3427,3427
Indian Institute of Technology Patna,"B.Tech (Computer Science and Engineering) - MBA in Digital Business Management (IIM Bodh Gaya) (5 Years, Bachelor of Technology and MBA (Dual Degree))",AI,OPEN,Female-only (including Supernumerary),11166,11166
Indian Institute of Technology Patna,"B.Tech (Computer Science and Engineering) - MBA in Digital Business Management (IIM Bodh Gaya) (5 Years, Bachelor of Technology and MBA (Dual Degree))",AI,OBC-NCL,Gender-Neutral,1183,1183
Indian Institute of Technology Patna,"B.Tech (Computer Science and Engineering) - MBA in Digital Business Management (IIM Bodh Gaya) (5 Years, Bachelor of Technology and MBA (Dual Degree))",AI,SC,Gender-Neutral,941,941
Indian Institute of Technology Patna,"B.Tech (Computer Science and Engineering) - MBA in Digital Business Management (IIM Bodh Gaya) (5 Years, Bachelor of Technology and MBA (Dual Degree))",AI,ST,Gender-Neutral,581,581
Indian Institute of Technology Patna,"B.Tech (Electrical and Electronics Engineering) - MBA (IIM Bodh Gaya) (5 Years, Bachelor of Technology and MBA (Dual Degree))",AI,OPEN,Gender-Neutral,5445,5875
Indian Institute of Technology Patna,"B.Tech (Electrical and Electronics Engineering) - MBA (IIM Bodh Gaya) (5 Years, Bachelor of Technology and MBA (Dual Degree))",AI,OPEN,Female-only (including Supernumerary),12842,12842
Indian Institute of Technology Patna,"B.Tech (Electrical and Electronics Engineering) - MBA (IIM Bodh Gaya) (5 Years, Bachelor of Technology and MBA (Dual Degree))",AI,EWS,Gender-Neutral,1242,1242
Indian Institute of Technology Patna,"B.Tech (Electrical and Electronics Engineering) - MBA (IIM Bodh Gaya) (5 Years, Bachelor of Technology and MBA (Dual Degree))",AI,OBC-NCL,Gender-Neutral,2622,2622
Indian Institute of Technology Patna,"B.Tech (Electrical and Electronics Engineering) - MBA (IIM Bodh Gaya) (5 Years, Bachelor of Technology and MBA (Dual Degree))",AI,SC,Gender-Neutral,1826,1826
Indian Institute of Technology Patna,"B.Tech (Electronics and Communication Engineering) - MBA in Hospital and Healthcare Management (IIM Bodh Gaya) (5 Years, Bachelor of Technology and MBA (Dual Degree))",AI,OPEN,Gender-Neutral,5982,6895
Indian Institute of Technology Patna,"B.Tech (Electronics and Communication Engineering) - MBA in Hospital and Healthcare Management (IIM Bodh Gaya) (5 Years, Bachelor of Technology and MBA (Dual Degree))",AI,OPEN,Female-only (including Supernumerary),14616,14616
Indian Institute of Technology Patna,"B.Tech (Electronics and Communication Engineering) - MBA in Hospital and Healthcare Management (IIM Bodh Gaya) (5 Years, Bachelor of Technology and MBA (Dual Degree))",AI,EWS,Gender-Neutral,1186,1186
Indian Institute of Technology Patna,"B.Tech (Electronics and Communication Engineering) - MBA in Hospital and Healthcare Management (IIM Bodh Gaya) (5 Years, Bachelor of Technology and MBA (Dual Degree))",AI,OBC-NCL,Gender-Neutral,3084,3084
Indian Institute of Technology Patna,"B.Tech (Engineering Physics) - MBA (IIM Bodh Gaya) (5 Years, Bachelor of Technology and MBA (Dual Degree))",AI,OPEN,Gender-Neutral,10463,10491
Indian Institute of Technology Patna,"B.Tech (Engineering Physics) - MBA (IIM Bodh Gaya) (5 Years, Bachelor of Technology and MBA (Dual Degree))",AI,EWS,Gender-Neutral,2199,2199
Indian Institute of Technology Patna,"B.Tech (Engineering Physics) - MBA (IIM Bodh Gaya) (5 Years, Bachelor of Technology and MBA (Dual Degree))",AI,OBC-NCL,Gender-Neutral,4878,4878
Indian Institute of Technology Patna,"B.Tech (Engineering Physics) - MBA (IIM Bodh Gaya) (5 Years, Bachelor of Technology and MBA (Dual Degree))",AI,OBC-NCL,Female-only (including Supernumerary),9270,9270
Indian Institute of Technology Patna,"B.Tech (Engineering Physics) - MBA (IIM Bodh Gaya) (5 Years, Bachelor of Technology and MBA (Dual Degree))",AI,SC,Gender-Neutral,2684,2684
Indian Institute of Technology Patna,"B.Tech (Mathematics and Computing) - MBA in Digital Business Management (IIM Bodh Gaya) (5 Years, Bachelor of Technology and MBA (Dual Degree))",AI,OPEN,Gender-Neutral,4633,4990
Indian Institute of Technology Patna,"B.Tech (Mathematics and Computing) - MBA in Digital Business Management (IIM Bodh Gaya) (5 Years, Bachelor of Technology and MBA (Dual Degree))",AI,OBC-NCL,Gender-Neutral,2229,2229
Indian Institute of Technology Patna,"B.Tech (Mathematics and Computing) - MBA in Digital Business Management (IIM Bodh Gaya) (5 Years, Bachelor of Technology and MBA (Dual Degree))",AI,OBC-NCL,Female-only (including Supernumerary),6341,6341
Indian Institute of Technology Patna,"B.Tech (Mathematics and Computing) - MBA in Digital Business Management (IIM Bodh Gaya) (5 Years, Bachelor of Technology and MBA (Dual Degree))",AI,SC,Gender-Neutral,1309,1309
Indian Institute of Technology Patna,"B.Tech (Mechanical Engineering) - MBA (IIM Mumbai) (5 Years, Bachelor of Technology and MBA (Dual Degree))",AI,OPEN,Gender-Neutral,7699,8197
Indian Institute of Technology Patna,"B.Tech (Mechanical Engineering) - MBA (IIM Mumbai) (5 Years, Bachelor of Technology and MBA (Dual Degree))",AI,OPEN,Female-only (including Supernumerary),14756,19507
Indian Institute of Technology Patna,"B.Tech (Mechanical Engineering) - MBA (IIM Mumbai) (5 Years, Bachelor of Technology and MBA (Dual Degree))",AI,EWS,Gender-Neutral,1595,1703
Indian Institute of Technology Patna,"B.Tech (Mechanical Engineering) - MBA (IIM Mumbai) (5 Years, Bachelor of Technology and MBA (Dual Degree))",AI,OBC-NCL,Gender-Neutral,2889,3250
Indian Institute of Technology Patna,"B.Tech (Mechanical Engineering) - MBA (IIM Mumbai) (5 Years, Bachelor of Technology and MBA (Dual Degree))",AI,OBC-NCL,Female-only (including Supernumerary),7457,7457
Indian Institute of Technology Patna,"B.Tech (Mechanical Engineering) - MBA (IIM Mumbai) (5 Years, Bachelor of Technology and MBA (Dual Degree))",AI,SC,Gender-Neutral,2122,2351
Indian Institute of Technology Patna,"B.Tech (Mechanical Engineering) - MBA (IIM Mumbai) (5 Years, Bachelor of Technology and MBA (Dual Degree))",AI,ST,Gender-Neutral,1194,1194
Indian Institute of Technology Patna,"B.Tech (Metallurgical and Materials Engineering) - MBA (IIM Bodh Gaya) (5 Years, Bachelor of Technology and MBA (Dual Degree))",AI,OPEN,Gender-Neutral,14189,14530
Indian Institute of Technology Patna,"B.Tech (Metallurgical and Materials Engineering) - MBA (IIM Bodh Gaya) (5 Years, Bachelor of Technology and MBA (Dual Degree))",AI,OPEN,Female-only (including Supernumerary),22211,22211
Indian Institute of Technology Patna,"B.Tech (Metallurgical and Materials Engineering) - MBA (IIM Bodh Gaya) (5 Years, Bachelor of Technology and MBA (Dual Degree))",AI,OBC-NCL,Gender-Neutral,4728,4728
Indian Institute of Technology Patna,"B.Tech (Metallurgical and Materials Engineering) - MBA (IIM Bodh Gaya) (5 Years, Bachelor of Technology and MBA (Dual Degree))",AI,SC,Gender-Neutral,2341,2341
Indian Institute of Technology Patna,"B.Tech (Metallurgical and Materials Engineering) - MBA (IIM Bodh Gaya) (5 Years, Bachelor of Technology and MBA (Dual Degree))",AI,ST,Gender-Neutral,1273,1273
Indian Institute of Technology Patna,"B.Tech. in Electronics and Communication Engineering and M.Tech. in Communication Systems (5 Years, Bachelor and Master of Technology (Dual Degree))",AI,OPEN,Gender-Neutral,6096,6188
Indian Institute of Technology Patna,"B.Tech. in Electronics and Communication Engineering and M.Tech. in Communication Systems (5 Years, Bachelor and Master of Technology (Dual Degree))",AI,OPEN,Female-only (including Supernumerary),12637,12637
Indian Institute of Technology Patna,"B.Tech. in Electronics and Communication Engineering and M.Tech. in Communication Systems (5 Years, Bachelor and Master of Technology (Dual Degree))",AI,EWS,Gender-Neutral,926,926
Indian Institute of Technology Patna,"B.Tech. in Electronics and Communication Engineering and M.Tech. in Communication Systems (5 Years, Bachelor and Master of Technology (Dual Degree))",AI,OBC-NCL,Gender-Neutral,2372,2383
Indian Institute of Technology Patna,"B.Tech. in Electronics and Communication Engineering and M.Tech. in Communication Systems (5 Years, Bachelor and Master of Technology (Dual Degree))",AI,SC,Gender-Neutral,1663,1663
Indian Institute of Technology Patna,"B.Tech. in Electronics and Communication Engineering and M.Tech. in Communication Systems (5 Years, Bachelor and Master of Technology (Dual Degree))",AI,SC,Female-only (including Supernumerary),2945,2945
Indian Institute of Technology Patna,"B.Tech. in Electronics and Communication Engineering and M.Tech. in Communication Systems (5 Years, Bachelor and Master of Technology (Dual Degree))",AI,ST,Gender-Neutral,882,882
Indian Institute of Technology Patna,"BS in Economics with MBA (IIM Bodh Gaya) (5 Years, Bachelor of Science and MBA (Dual Degree))",AI,OPEN,Gender-Neutral,6885,9961
Indian Institute of Technology Patna,"BS in Economics with MBA (IIM Bodh Gaya) (5 Years, Bachelor of Science and MBA (Dual Degree))",AI,EWS,Female-only (including Supernumerary),3944,3944
Indian Institute of Technology Patna,"BS in Economics with MBA (IIM Bodh Gaya) (5 Years, Bachelor of Science and MBA (Dual Degree))",AI,OBC-NCL,Gender-Neutral,3890,3890
Indian Institute of Technology Patna,"BS in Economics with MBA (IIM Bodh Gaya) (5 Years, Bachelor of Science and MBA (Dual Degree))",AI,SC,Gender-Neutral,2678,2678
Indian Institute of Technology Patna,"BS in Economics with MBA (IIM Bodh Gaya) (5 Years, Bachelor of Science and MBA (Dual Degree))",AI,ST,Gender-Neutral,1329,1329
Indian Institute of Technology Patna,"Chemical Engineering (4 Years, Bachelor of Technology)",AI,OPEN,Gender-Neutral,9046,11588
Indian Institute of Technology Patna,"Chemical Engineering (4 Years, Bachelor of Technology)",AI,OPEN,Female-only (including Supernumerary),19284,20398
Indian Institute of Technology Patna,"Chemical Engineering (4 Years, Bachelor of Technology)",AI,EWS,Gender-Neutral,1559,1726
Indian Institute of Technology Patna,"Chemical Engineering (4 Years, Bachelor of Technology)",AI,EWS,Female-only (including Supernumerary),3395,3395
Indian Institute of Technology Patna,"Chemical Engineering (4 Years, Bachelor of Technology)",AI,OBC-NCL,Gender-Neutral,4034,4679
Indian Institute of Technology Patna,"Chemical Engineering (4 Years, Bachelor of Technology)",AI,OBC-NCL,Female-only (including Supernumerary),8339,8710
Indian Institute of Technology Patna,"Chemical Engineering (4 Years, Bachelor of Technology)",AI,SC,Gender-Neutral,2195,2592
Indian Institute of Technology Patna,"Chemical Engineering (4 Years, Bachelor of Technology)",AI,SC,Female-only (including Supernumerary),4029,4041
Indian Institute of Technology Patna,"Chemical Engineering (4 Years, Bachelor of Technology)",AI,ST,Gender-Neutral,1135,1236
Indian Institute of Technology Patna,"Chemical Engineering (4 Years, Bachelor of Technology)",AI,ST,Female-only (including Supernumerary),1722,1722
Indian Institute of Technology Patna,"Chemical Science and Technology (4 Years, Bachelor of Technology)",AI,OPEN,Gender-Neutral,11793,13172
Indian Institute of Technology Patna,"Chemical Science and Technology (4 Years, Bachelor of Technology)",AI,OPEN,Female-only (including Supernumerary),19906,21780
Indian Institute of Technology Patna,"Chemical Science and Technology (4 Years, Bachelor of Technology)",AI,EWS,Gender-Neutral,1887,1940
Indian Institute of Technology Patna,"Chemical Science and Technology (4 Years, Bachelor of Technology)",AI,EWS,Female-only (including Supernumerary),3779,3779
Indian Institute of Technology Patna,"Chemical Science and Technology (4 Years, Bachelor of Technology)",AI,OBC-NCL,Gender-Neutral,4743,5214
Indian Institute of Technology Patna,"Chemical Science and Technology (4 Years, Bachelor of Technology)",AI,OBC-NCL,Female-only (including Supernumerary),8805,9036
Indian Institute of Technology Patna,"Chemical Science and Technology (4 Years, Bachelor of Technology)",AI,SC,Gender-Neutral,2713,2977
Indian Institute of Technology Patna,"Chemical Science and Technology (4 Years, Bachelor of Technology)",AI,SC,Female-only (including Supernumerary),3964,3964
Indian Institute of Technology Patna,"Chemical Science and Technology (4 Years, Bachelor of Technology)",AI,ST,Gender-Neutral,1239,1252
Indian Institute of Technology Patna,"Chemical Science and Technology (4 Years, Bachelor of Technology)",AI,ST,Female-only (including Supernumerary),733P,733P
Indian Institute of Technology Patna,"Civil Engineering (4 Years, Bachelor of Technology)",AI,OPEN,Gender-Neutral,9910,13404
Indian Institute of Technology Patna,"Civil Engineering (4 Years, Bachelor of Technology)",AI,OPEN,Female-only (including Supernumerary),21449,22320
Indian Institute of Technology Patna,"Civil Engineering (4 Years, Bachelor of Technology)",AI,EWS,Gender-Neutral,1832,2075
Indian Institute of Technology Patna,"Civil Engineering (4 Years, Bachelor of Technology)",AI,EWS,Female-only (including Supernumerary),3967,3967
Indian Institute of Technology Patna,"Civil Engineering (4 Years, Bachelor of Technology)",AI,OBC-NCL,Gender-Neutral,4184,5052
Indian Institute of Technology Patna,"Civil Engineering (4 Years, Bachelor of Technology)",AI,OBC-NCL,Female-only (including Supernumerary),8731,9291
Indian Institute of Technology Patna,"Civil Engineering (4 Years, Bachelor of Technology)",AI,SC,Gender-Neutral,2412,2587
Indian Institute of Technology Patna,"Civil Engineering (4 Years, Bachelor of Technology)",AI,SC,Female-only (including Supernumerary),3991,4292
Indian Institute of Technology Patna,"Civil Engineering (4 Years, Bachelor of Technology)",AI,ST,Gender-Neutral,989,1105
Indian Institute of Technology Patna,"Civil Engineering (4 Years, Bachelor of Technology)",AI,ST,Female-only (including Supernumerary),1699,1699
Indian Institute of Technology Patna,"Computer Science and Engineering (4 Years, Bachelor of Technology)",AI,OPEN,Gender-Neutral,1760,3074
Indian Institute of Technology Patna,"Computer Science and Engineering (4 Years, Bachelor of Technology)",AI,OPEN,Female-only (including Supernumerary),4695,7171
Indian Institute of Technology Patna,"Computer Science and Engineering (4 Years, Bachelor of Technology)",AI,OPEN (PwD),Gender-Neutral,173,36P
Indian Institute of Technology Patna,"Computer Science and Engineering (4 Years, Bachelor of Technology)",AI,OPEN (PwD),Female-only (including Supernumerary),124,124
Indian Institute of Technology Patna,"Computer Science and Engineering (4 Years, Bachelor of Technology)",AI,EWS,Gender-Neutral,322,425
Indian Institute of Technology Patna,"Computer Science and Engineering (4 Years, Bachelor of Technology)",AI,EWS,Female-only (including Supernumerary),994,1301
Indian Institute of Technology Patna,"Computer Science and Engineering (4 Years, Bachelor of Technology)",AI,OBC-NCL,Gender-Neutral,613,1117
Indian Institute of Technology Patna,"Computer Science and Engineering (4 Years, Bachelor of Technology)",AI,OBC-NCL,Female-only (including Supernumerary),2522,2975
Indian Institute of Technology Patna,"Computer Science and Engineering (4 Years, Bachelor of Technology)",AI,OBC-NCL (PwD),Gender-Neutral,100P,100P
Indian Institute of Technology Patna,"Computer Science and Engineering (4 Years, Bachelor of Technology)",AI,SC,Gender-Neutral,499,681
Indian Institute of Technology Patna,"Computer Science and Engineering (4 Years, Bachelor of Technology)",AI,SC,Female-only (including Supernumerary),837,1887
Indian Institute of Technology Patna,"Computer Science and Engineering (4 Years, Bachelor of Technology)",AI,ST,Gender-Neutral,306,404
Indian Institute of Technology Patna,"Computer Science and Engineering (4 Years, Bachelor of Technology)",AI,ST,Female-only (including Supernumerary),444,444
Indian Institute of Technology Patna,"Economics (4 Years, Bachelor of Science)",AI,OPEN,Gender-Neutral,6772,10343
Indian Institute of Technology Patna,"Economics (4 Years, Bachelor of Science)",AI,OPEN,Female-only (including Supernumerary),18413,20599
Indian Institute of Technology Patna,"Economics (4 Years, Bachelor of Science)",AI,EWS,Gender-Neutral,1461,1679
Indian Institute of Technology Patna,"Economics (4 Years, Bachelor of Science)",AI,EWS,Female-only (including Supernumerary),4419,4419
Indian Institute of Technology Patna,"Economics (4 Years, Bachelor of Science)",AI,OBC-NCL,Gender-Neutral,4516,4834
Indian Institute of Technology Patna,"Economics (4 Years, Bachelor of Science)",AI,OBC-NCL,Female-only (including Supernumerary),7900,7900
Indian Institute of Technology Patna,"Economics (4 Years, Bachelor of Science)",AI,SC,Gender-Neutral,2219,2770
Indian Institute of Technology Patna,"Economics (4 Years, Bachelor of Science)",AI,SC,Female-only (including Supernumerary),3751,3751
Indian Institute of Technology Patna,"Economics (4 Years, Bachelor of Science)",AI,ST,Gender-Neutral,1489,1489
Indian Institute of Technology Patna,"Electrical and Electronics Engineering (4 Years, Bachelor of Technology)",AI,OPEN,Gender-Neutral,5303,6191
Indian Institute of Technology Patna,"Electrical and Electronics Engineering (4 Years, Bachelor of Technology)",AI,OPEN,Female-only (including Supernumerary),12395,13353
Indian Institute of Technology Patna,"Electrical and Electronics Engineering (4 Years, Bachelor of Technology)",AI,OPEN (PwD),Gender-Neutral,291P,291P
Indian Institute of Technology Patna,"Electrical and Electronics Engineering (4 Years, Bachelor of Technology)",AI,EWS,Gender-Neutral,842,998
Indian Institute of Technology Patna,"Electrical and Electronics Engineering (4 Years, Bachelor of Technology)",AI,EWS,Female-only (including Supernumerary),2289,2289
Indian Institute of Technology Patna,"Electrical and Electronics Engineering (4 Years, Bachelor of Technology)",AI,OBC-NCL,Gender-Neutral,2086,2695
Indian Institute of Technology Patna,"Electrical and Electronics Engineering (4 Years, Bachelor of Technology)",AI,OBC-NCL,Female-only (including Supernumerary),5822,6611
Indian Institute of Technology Patna,"Electrical and Electronics Engineering (4 Years, Bachelor of Technology)",AI,SC,Gender-Neutral,1312,1595
Indian Institute of Technology Patna,"Electrical and Electronics Engineering (4 Years, Bachelor of Technology)",AI,SC,Female-only (including Supernumerary),2763,2763
Indian Institute of Technology Patna,"Electrical and Electronics Engineering (4 Years, Bachelor of Technology)",AI,ST,Gender-Neutral,805,876
Indian Institute of Technology Patna,"Electrical and Electronics Engineering (4 Years, Bachelor of Technology)",AI,ST,Female-only (including Supernumerary),1446,1446
Indian Institute of Technology Patna,"Electronics and Communication Engineering (4 Years, Bachelor of Technology)",AI,OPEN,Gender-Neutral,4119,5196
Indian Institute of Technology Patna,"Electronics and Communication Engineering (4 Years, Bachelor of Technology)",AI,OPEN,Female-only (including Supernumerary),11192,12036
Indian Institute of Technology Patna,"Electronics and Communication Engineering (4 Years, Bachelor of Technology)",AI,OPEN (PwD),Gender-Neutral,290P,290P
Indian Institute of Technology Patna,"Electronics and Communication Engineering (4 Years, Bachelor of Technology)",AI,EWS,Gender-Neutral,697,833
Indian Institute of Technology Patna,"Electronics and Communication Engineering (4 Years, Bachelor of Technology)",AI,EWS,Female-only (including Supernumerary),1874,1874
Indian Institute of Technology Patna,"Electronics and Communication Engineering (4 Years, Bachelor of Technology)",AI,OBC-NCL,Gender-Neutral,1895,2142
Indian Institute of Technology Patna,"Electronics and Communication Engineering (4 Years, Bachelor of Technology)",AI,OBC-NCL,Female-only (including Supernumerary),4835,5603
Indian Institute of Technology Patna,"Electronics and Communication Engineering (4 Years, Bachelor of Technology)",AI,SC,Gender-Neutral,1209,1299
Indian Institute of Technology Patna,"Electronics and Communication Engineering (4 Years, Bachelor of Technology)",AI,SC,Female-only (including Supernumerary),2041,2041
Indian Institute of Technology Patna,"Electronics and Communication Engineering (4 Years, Bachelor of Technology)",AI,ST,Gender-Neutral,672,799
Indian Institute of Technology Patna,"Electronics and Communication Engineering (4 Years, Bachelor of Technology)",AI,ST,Female-only (including Supernumerary),1372,1372
Indian Institute of Technology Patna,"Engineering Physics (4 Years, Bachelor of Technology)",AI,OPEN,Gender-Neutral,10080,11144
Indian Institute of Technology Patna,"Engineering Physics (4 Years, Bachelor of Technology)",AI,OPEN,Female-only (including Supernumerary),19654,20579
Indian Institute of Technology Patna,"Engineering Physics (4 Years, Bachelor of Technology)",AI,EWS,Gender-Neutral,1751,1958
Indian Institute of Technology Patna,"Engineering Physics (4 Years, Bachelor of Technology)",AI,EWS,Female-only (including Supernumerary),3768,3768
Indian Institute of Technology Patna,"Engineering Physics (4 Years, Bachelor of Technology)",AI,OBC-NCL,Gender-Neutral,4351,5127
Indian Institute of Technology Patna,"Engineering Physics (4 Years, Bachelor of Technology)",AI,OBC-NCL,Female-only (including Supernumerary),9150,9190
Indian Institute of Technology Patna,"Engineering Physics (4 Years, Bachelor of Technology)",AI,SC,Gender-Neutral,2433,2806
Indian Institute of Technology Patna,"Engineering Physics (4 Years, Bachelor of Technology)",AI,SC,Female-only (including Supernumerary),4290,4290
Indian Institute of Technology Patna,"Engineering Physics (4 Years, Bachelor of Technology)",AI,ST,Gender-Neutral,1248,1376
Indian Institute of Technology Patna,"Engineering Physics (4 Years, Bachelor of Technology)",AI,ST,Female-only (including Supernumerary),824P,824P
Indian Institute of Technology Patna,"Mathematics and Computing (4 Years, Bachelor of Technology)",AI,OPEN,Gender-Neutral,3252,4575
Indian Institute of Technology Patna,"Mathematics and Computing (4 Years, Bachelor of Technology)",AI,OPEN,Female-only (including Supernumerary),9272,9830
Indian Institute of Technology Patna,"Mathematics and Computing (4 Years, Bachelor of Technology)",AI,OPEN (PwD),Gender-Neutral,180,180
Indian Institute of Technology Patna,"Mathematics and Computing (4 Years, Bachelor of Technology)",AI,EWS,Gender-Neutral,611,679
Indian Institute of Technology Patna,"Mathematics and Computing (4 Years, Bachelor of Technology)",AI,EWS,Female-only (including Supernumerary),1658,1658
Indian Institute of Technology Patna,"Mathematics and Computing (4 Years, Bachelor of Technology)",AI,OBC-NCL,Gender-Neutral,1136,1939
Indian Institute of Technology Patna,"Mathematics and Computing (4 Years, Bachelor of Technology)",AI,OBC-NCL,Female-only (including Supernumerary),3657,4568
Indian Institute of Technology Patna,"Mathematics and Computing (4 Years, Bachelor of Technology)",AI,SC,Gender-Neutral,805,1187
Indian Institute of Technology Patna,"Mathematics and Computing (4 Years, Bachelor of Technology)",AI,SC,Female-only (including Supernumerary),2161,2161
Indian Institute of Technology Patna,"Mathematics and Computing (4 Years, Bachelor of Technology)",AI,ST,Gender-Neutral,603,841
Indian Institute of Technology Patna,"Mathematics and Computing (4 Years, Bachelor of Technology)",AI,ST,Female-only (including Supernumerary),1361,1361
Indian Institute of Technology Patna,"Mechanical Engineering (4 Years, Bachelor of Technology)",AI,OPEN,Gender-Neutral,7745,10000
Indian Institute of Technology Patna,"Mechanical Engineering (4 Years, Bachelor of Technology)",AI,OPEN,Female-only (including Supernumerary),15112,19361
Indian Institute of Technology Patna,"Mechanical Engineering (4 Years, Bachelor of Technology)",AI,OPEN (PwD),Gender-Neutral,378P,378P
Indian Institute of Technology Patna,"Mechanical Engineering (4 Years, Bachelor of Technology)",AI,EWS,Gender-Neutral,1510,1620
Indian Institute of Technology Patna,"Mechanical Engineering (4 Years, Bachelor of Technology)",AI,EWS,Female-only (including Supernumerary),2866,3362
Indian Institute of Technology Patna,"Mechanical Engineering (4 Years, Bachelor of Technology)",AI,OBC-NCL,Gender-Neutral,3217,3999
Indian Institute of Technology Patna,"Mechanical Engineering (4 Years, Bachelor of Technology)",AI,OBC-NCL,Female-only (including Supernumerary),6356,8469
Indian Institute of Technology Patna,"Mechanical Engineering (4 Years, Bachelor of Technology)",AI,SC,Gender-Neutral,1994,2320
Indian Institute of Technology Patna,"Mechanical Engineering (4 Years, Bachelor of Technology)",AI,SC,Female-only (including Supernumerary),3713,3905
Indian Institute of Technology Patna,"Mechanical Engineering (4 Years, Bachelor of Technology)",AI,ST,Gender-Neutral,953,1088
Indian Institute of Technology Patna,"Mechanical Engineering (4 Years, Bachelor of Technology)",AI,ST,Female-only (including Supernumerary),1770,1770
Indian Institute of Technology Patna,"Metallurgical and Materials Engineering (4 Years, Bachelor of Technology)",AI,OPEN,Gender-Neutral,11553,14020
Indian Institute of Technology Patna,"Metallurgical and Materials Engineering (4 Years, Bachelor of Technology)",AI,OPEN,Female-only (including Supernumerary),22139,22657
Indian Institute of Technology Patna,"Metallurgical and Materials Engineering (4 Years, Bachelor of Technology)",AI,EWS,Gender-Neutral,2146,2208
Indian Institute of Technology Patna,"Metallurgical and Materials Engineering (4 Years, Bachelor of Technology)",AI,EWS,Female-only (including Supernumerary),4022,4022
Indian Institute of Technology Patna,"Metallurgical and Materials Engineering (4 Years, Bachelor of Technology)",AI,OBC-NCL,Gender-Neutral,5451,5632
Indian Institute of Technology Patna,"Metallurgical and Materials Engineering (4 Years, Bachelor of Technology)",AI,SC,Gender-Neutral,2848,3031
Indian Institute of Technology Patna,"Metallurgical and Materials Engineering (4 Years, Bachelor of Technology)",AI,SC,Female-only (including Supernumerary),4324,4324
Indian Institute of Technology Patna,"Metallurgical and Materials Engineering (4 Years, Bachelor of Technology)",AI,ST,Gender-Neutral,1287,1324
Indian Institute of Technology Patna,"Metallurgical and Materials Engineering (4 Years, Bachelor of Technology)",AI,ST,Female-only (including Supernumerary),936P,936P
Indian Institute of Technology Roorkee,"Architecture (5 Years, Bachelor of Architecture)",AI,OPEN,Gender-Neutral,3105,16381
Indian Institute of Technology Roorkee,"Architecture (5 Years, Bachelor of Architecture)",AI,OPEN,Female-only (including Supernumerary),17302,19354
Indian Institute of Technology Roorkee,"Architecture (5 Years, Bachelor of Architecture)",AI,OPEN (PwD),Gender-Neutral,296P,296P
Indian Institute of Technology Roorkee,"Architecture (5 Years, Bachelor of Architecture)",AI,EWS,Gender-Neutral,2916,2926
Indian Institute of Technology Roorkee,"Architecture (5 Years, Bachelor of Architecture)",AI,EWS,Female-only (including Supernumerary),4599,4599
Indian Institute of Technology Roorkee,"Architecture (5 Years, Bachelor of Architecture)",AI,OBC-NCL,Gender-Neutral,5379,6968
Indian Institute of Technology Roorkee,"Architecture (5 Years, Bachelor of Architecture)",AI,SC,Gender-Neutral,3473,3792
Indian Institute of Technology Roorkee,"Architecture (5 Years, Bachelor of Architecture)",AI,SC,Female-only (including Supernumerary),1739,1739
Indian Institute of Technology Roorkee,"Architecture (5 Years, Bachelor of Architecture)",AI,ST,Gender-Neutral,76P,315P
Indian Institute of Technology Roorkee,"Biosciences and Bioengineering (4 Years, Bachelor of Technology)",AI,OPEN,Gender-Neutral,5871,7253
Indian Institute of Technology Roorkee,"Biosciences and Bioengineering (4 Years, Bachelor of Technology)",AI,OPEN,Female-only (including Supernumerary),12032,13783
Indian Institute of Technology Roorkee,"Biosciences and Bioengineering (4 Years, Bachelor of Technology)",AI,EWS,Gender-Neutral,1389,1398
Indian Institute of Technology Roorkee,"Biosciences and Bioengineering (4 Years, Bachelor of Technology)",AI,EWS,Female-only (including Supernumerary),2617,2617
Indian Institute of Technology Roorkee,"Biosciences and Bioengineering (4 Years, Bachelor of Technology)",AI,OBC-NCL,Gender-Neutral,3266,3541
Indian Institute of Technology Roorkee,"Biosciences and Bioengineering (4 Years, Bachelor of Technology)",AI,OBC-NCL,Female-only (including Supernumerary),7685,7882
Indian Institute of Technology Roorkee,"Biosciences and Bioengineering (4 Years, Bachelor of Technology)",AI,SC,Gender-Neutral,1876,2148
Indian Institute of Technology Roorkee,"Biosciences and Bioengineering (4 Years, Bachelor of Technology)",AI,SC,Female-only (including Supernumerary),3393,3393
Indian Institute of Technology Roorkee,"Biosciences and Bioengineering (4 Years, Bachelor of Technology)",AI,ST,Gender-Neutral,1184,1229
Indian Institute of Technology Roorkee,"Biosciences and Bioengineering (4 Years, Bachelor of Technology)",AI,ST,Female-only (including Supernumerary),144P,144P
Indian Institute of Technology Roorkee,"Chemical Engineering (4 Years, Bachelor of Technology)",AI,OPEN,Gender-Neutral,3531,4545
Indian Institute of Technology Roorkee,"Chemical Engineering (4 Years, Bachelor of Technology)",AI,OPEN,Female-only (including Supernumerary),6799,10941
Indian Institute of Technology Roorkee,"Chemical Engineering (4 Years, Bachelor of Technology)",AI,OPEN (PwD),Gender-Neutral,199,199
Indian Institute of Technology Roorkee,"Chemical Engineering (4 Years, Bachelor of Technology)",AI,OPEN (PwD),Female-only (including Supernumerary),327P,327P
Indian Institute of Technology Roorkee,"Chemical Engineering (4 Years, Bachelor of Technology)",AI,EWS,Gender-Neutral,674,805
Indian Institute of Technology Roorkee,"Chemical Engineering (4 Years, Bachelor of Technology)",AI,EWS,Female-only (including Supernumerary),1588,2059
Indian Institute of Technology Roorkee,"Chemical Engineering (4 Years, Bachelor of Technology)",AI,OBC-NCL,Gender-Neutral,1745,2361
Indian Institute of Technology Roorkee,"Chemical Engineering (4 Years, Bachelor of Technology)",AI,OBC-NCL,Female-only (including Supernumerary),4952,5463
Indian Institute of Technology Roorkee,"Chemical Engineering (4 Years, Bachelor of Technology)",AI,SC,Gender-Neutral,902,1261
Indian Institute of Technology Roorkee,"Chemical Engineering (4 Years, Bachelor of Technology)",AI,SC,Female-only (including Supernumerary),1630,2665
Indian Institute of Technology Roorkee,"Chemical Engineering (4 Years, Bachelor of Technology)",AI,ST,Gender-Neutral,594,748
Indian Institute of Technology Roorkee,"Chemical Engineering (4 Years, Bachelor of Technology)",AI,ST,Female-only (including Supernumerary),1219,1253
Indian Institute of Technology Roorkee,"Chemical Sciences (5 Years, Bachelor of Science and Master of Science (Dual Degree))",AI,OPEN,Gender-Neutral,7756,10427
Indian Institute of Technology Roorkee,"Chemical Sciences (5 Years, Bachelor of Science and Master of Science (Dual Degree))",AI,OPEN,Female-only (including Supernumerary),11950,18537
Indian Institute of Technology Roorkee,"Chemical Sciences (5 Years, Bachelor of Science and Master of Science (Dual Degree))",AI,EWS,Gender-Neutral,1647,1817
Indian Institute of Technology Roorkee,"Chemical Sciences (5 Years, Bachelor of Science and Master of Science (Dual Degree))",AI,EWS,Female-only (including Supernumerary),3547,3547
Indian Institute of Technology Roorkee,"Chemical Sciences (5 Years, Bachelor of Science and Master of Science (Dual Degree))",AI,OBC-NCL,Gender-Neutral,3438,4745
Indian Institute of Technology Roorkee,"Chemical Sciences (5 Years, Bachelor of Science and Master of Science (Dual Degree))",AI,OBC-NCL,Female-only (including Supernumerary),7700,8781
Indian Institute of Technology Roorkee,"Chemical Sciences (5 Years, Bachelor of Science and Master of Science (Dual Degree))",AI,SC,Gender-Neutral,2042,2535
Indian Institute of Technology Roorkee,"Chemical Sciences (5 Years, Bachelor of Science and Master of Science (Dual Degree))",AI,SC,Female-only (including Supernumerary),4418,4418
Indian Institute of Technology Roorkee,"Chemical Sciences (5 Years, Bachelor of Science and Master of Science (Dual Degree))",AI,ST,Gender-Neutral,1003,1137
Indian Institute of Technology Roorkee,"Civil Engineering (4 Years, Bachelor of Technology)",AI,OPEN,Gender-Neutral,4202,6148
Indian Institute of Technology Roorkee,"Civil Engineering (4 Years, Bachelor of Technology)",AI,OPEN,Female-only (including Supernumerary),10785,13655
Indian Institute of Technology Roorkee,"Civil Engineering (4 Years, Bachelor of Technology)",AI,OPEN (PwD),Gender-Neutral,280P,338P
Indian Institute of Technology Roorkee,"Civil Engineering (4 Years, Bachelor of Technology)",AI,OPEN (PwD),Female-only (including Supernumerary),314P,314P
Indian Institute of Technology Roorkee,"Civil Engineering (4 Years, Bachelor of Technology)",AI,EWS,Gender-Neutral,836,1109
Indian Institute of Technology Roorkee,"Civil Engineering (4 Years, Bachelor of Technology)",AI,EWS,Female-only (including Supernumerary),2283,2429
Indian Institute of Technology Roorkee,"Civil Engineering (4 Years, Bachelor of Technology)",AI,OBC-NCL,Gender-Neutral,2210,2884
Indian Institute of Technology Roorkee,"Civil Engineering (4 Years, Bachelor of Technology)",AI,OBC-NCL,Female-only (including Supernumerary),5529,6779
Indian Institute of Technology Roorkee,"Civil Engineering (4 Years, Bachelor of Technology)",AI,SC,Gender-Neutral,374,1475
Indian Institute of Technology Roorkee,"Civil Engineering (4 Years, Bachelor of Technology)",AI,SC,Female-only (including Supernumerary),2007,2823
Indian Institute of Technology Roorkee,"Civil Engineering (4 Years, Bachelor of Technology)",AI,ST,Gender-Neutral,358,457
Indian Institute of Technology Roorkee,"Civil Engineering (4 Years, Bachelor of Technology)",AI,ST,Female-only (including Supernumerary),1029,1122
Indian Institute of Technology Roorkee,"Computer Science and Engineering (4 Years, Bachelor of Technology)",AI,OPEN,Gender-Neutral,277,481
Indian Institute of Technology Roorkee,"Computer Science and Engineering (4 Years, Bachelor of Technology)",AI,OPEN,Female-only (including Supernumerary),1270,1697
Indian Institute of Technology Roorkee,"Computer Science and Engineering (4 Years, Bachelor of Technology)",AI,OPEN (PwD),Gender-Neutral,13,18
Indian Institute of Technology Roorkee,"Computer Science and Engineering (4 Years, Bachelor of Technology)",AI,OPEN (PwD),Female-only (including Supernumerary),93,93
Indian Institute of Technology Roorkee,"Computer Science and Engineering (4 Years, Bachelor of Technology)",AI,EWS,Gender-Neutral,56,90
Indian Institute of Technology Roorkee,"Computer Science and Engineering (4 Years, Bachelor of Technology)",AI,EWS,Female-only (including Supernumerary),339,395
Indian Institute of Technology Roorkee,"Computer Science and Engineering (4 Years, Bachelor of Technology)",AI,OBC-NCL,Gender-Neutral,165,236
Indian Institute of Technology Roorkee,"Computer Science and Engineering (4 Years, Bachelor of Technology)",AI,OBC-NCL,Female-only (including Supernumerary),556,783
Indian Institute of Technology Roorkee,"Computer Science and Engineering (4 Years, Bachelor of Technology)",AI,OBC-NCL (PwD),Gender-Neutral,8,8
Indian Institute of Technology Roorkee,"Computer Science and Engineering (4 Years, Bachelor of Technology)",AI,SC,Gender-Neutral,41,144
Indian Institute of Technology Roorkee,"Computer Science and Engineering (4 Years, Bachelor of Technology)",AI,SC,Female-only (including Supernumerary),414,472
Indian Institute of Technology Roorkee,"Computer Science and Engineering (4 Years, Bachelor of Technology)",AI,SC (PwD),Gender-Neutral,10,10
Indian Institute of Technology Roorkee,"Computer Science and Engineering (4 Years, Bachelor of Technology)",AI,ST,Gender-Neutral,56,75
Indian Institute of Technology Roorkee,"Computer Science and Engineering (4 Years, Bachelor of Technology)",AI,ST,Female-only (including Supernumerary),192,229
Indian Institute of Technology Roorkee,"Data Science and Artificial Intelligence (4 Years, Bachelor of Technology)",AI,OPEN,Gender-Neutral,503,678
Indian Institute of Technology Roorkee,"Data Science and Artificial Intelligence (4 Years, Bachelor of Technology)",AI,OPEN,Female-only (including Supernumerary),2000,2114
Indian Institute of Technology Roorkee,"Data Science and Artificial Intelligence (4 Years, Bachelor of Technology)",AI,OPEN (PwD),Gender-Neutral,49,49
Indian Institute of Technology Roorkee,"Data Science and Artificial Intelligence (4 Years, Bachelor of Technology)",AI,EWS,Gender-Neutral,99,132
Indian Institute of Technology Roorkee,"Data Science and Artificial Intelligence (4 Years, Bachelor of Technology)",AI,EWS,Female-only (including Supernumerary),477,477
Indian Institute of Technology Roorkee,"Data Science and Artificial Intelligence (4 Years, Bachelor of Technology)",AI,OBC-NCL,Gender-Neutral,238,402
Indian Institute of Technology Roorkee,"Data Science and Artificial Intelligence (4 Years, Bachelor of Technology)",AI,OBC-NCL,Female-only (including Supernumerary),936,1105
Indian Institute of Technology Roorkee,"Data Science and Artificial Intelligence (4 Years, Bachelor of Technology)",AI,SC,Gender-Neutral,195,226
Indian Institute of Technology Roorkee,"Data Science and Artificial Intelligence (4 Years, Bachelor of Technology)",AI,SC,Female-only (including Supernumerary),677,677
Indian Institute of Technology Roorkee,"Data Science and Artificial Intelligence (4 Years, Bachelor of Technology)",AI,ST,Gender-Neutral,101,103
Indian Institute of Technology Roorkee,"Data Science and Artificial Intelligence (4 Years, Bachelor of Technology)",AI,ST,Female-only (including Supernumerary),326,326
Indian Institute of Technology Roorkee,"Economics (5 Years, Bachelor of Science and Master of Science (Dual Degree))",AI,OPEN,Gender-Neutral,3233,5224
Indian Institute of Technology Roorkee,"Economics (5 Years, Bachelor of Science and Master of Science (Dual Degree))",AI,OPEN,Female-only (including Supernumerary),10154,10847
Indian Institute of Technology Roorkee,"Economics (5 Years, Bachelor of Science and Master of Science (Dual Degree))",AI,EWS,Gender-Neutral,877,931
Indian Institute of Technology Roorkee,"Economics (5 Years, Bachelor of Science and Master of Science (Dual Degree))",AI,EWS,Female-only (including Supernumerary),2084,2084
Indian Institute of Technology Roorkee,"Economics (5 Years, Bachelor of Science and Master of Science (Dual Degree))",AI,OBC-NCL,Gender-Neutral,1747,2552
Indian Institute of Technology Roorkee,"Economics (5 Years, Bachelor of Science and Master of Science (Dual Degree))",AI,OBC-NCL,Female-only (including Supernumerary),4637,4949
Indian Institute of Technology Roorkee,"Economics (5 Years, Bachelor of Science and Master of Science (Dual Degree))",AI,SC,Gender-Neutral,1268,1879
Indian Institute of Technology Roorkee,"Economics (5 Years, Bachelor of Science and Master of Science (Dual Degree))",AI,SC,Female-only (including Supernumerary),3203,3203
Indian Institute of Technology Roorkee,"Economics (5 Years, Bachelor of Science and Master of Science (Dual Degree))",AI,ST,Gender-Neutral,992,1009
Indian Institute of Technology Roorkee,"Electrical Engineering (4 Years, Bachelor of Technology)",AI,OPEN,Gender-Neutral,1495,1992
Indian Institute of Technology Roorkee,"Electrical Engineering (4 Years, Bachelor of Technology)",AI,OPEN,Female-only (including Supernumerary),3631,6036
Indian Institute of Technology Roorkee,"Electrical Engineering (4 Years, Bachelor of Technology)",AI,OPEN (PwD),Gender-Neutral,96,148
Indian Institute of Technology Roorkee,"Electrical Engineering (4 Years, Bachelor of Technology)",AI,OPEN (PwD),Female-only (including Supernumerary),191,191
Indian Institute of Technology Roorkee,"Electrical Engineering (4 Years, Bachelor of Technology)",AI,EWS,Gender-Neutral,265,370
Indian Institute of Technology Roorkee,"Electrical Engineering (4 Years, Bachelor of Technology)",AI,EWS,Female-only (including Supernumerary),788,1042
Indian Institute of Technology Roorkee,"Electrical Engineering (4 Years, Bachelor of Technology)",AI,EWS (PwD),Gender-Neutral,15P,15P
Indian Institute of Technology Roorkee,"Electrical Engineering (4 Years, Bachelor of Technology)",AI,OBC-NCL,Gender-Neutral,732,989
Indian Institute of Technology Roorkee,"Electrical Engineering (4 Years, Bachelor of Technology)",AI,OBC-NCL,Female-only (including Supernumerary),2182,2893
Indian Institute of Technology Roorkee,"Electrical Engineering (4 Years, Bachelor of Technology)",AI,OBC-NCL (PwD),Gender-Neutral,84P,84P
Indian Institute of Technology Roorkee,"Electrical Engineering (4 Years, Bachelor of Technology)",AI,SC,Gender-Neutral,358,560
Indian Institute of Technology Roorkee,"Electrical Engineering (4 Years, Bachelor of Technology)",AI,SC,Female-only (including Supernumerary),1079,1402
Indian Institute of Technology Roorkee,"Electrical Engineering (4 Years, Bachelor of Technology)",AI,ST,Gender-Neutral,124,298
Indian Institute of Technology Roorkee,"Electrical Engineering (4 Years, Bachelor of Technology)",AI,ST,Female-only (including Supernumerary),446,654
Indian Institute of Technology Roorkee,"Electrical Engineering (4 Years, Bachelor of Technology)",AI,ST (PwD),Gender-Neutral,7P,7P
Indian Institute of Technology Roorkee,"Electronics and Communication Engineering (4 Years, Bachelor of Technology)",AI,OPEN,Gender-Neutral,987,1424
Indian Institute of Technology Roorkee,"Electronics and Communication Engineering (4 Years, Bachelor of Technology)",AI,OPEN,Female-only (including Supernumerary),2653,3590
Indian Institute of Technology Roorkee,"Electronics and Communication Engineering (4 Years, Bachelor of Technology)",AI,OPEN (PwD),Gender-Neutral,64,69
Indian Institute of Technology Roorkee,"Electronics and Communication Engineering (4 Years, Bachelor of Technology)",AI,EWS,Gender-Neutral,181,242
Indian Institute of Technology Roorkee,"Electronics and Communication Engineering (4 Years, Bachelor of Technology)",AI,EWS,Female-only (including Supernumerary),617,781
Indian Institute of Technology Roorkee,"Electronics and Communication Engineering (4 Years, Bachelor of Technology)",AI,OBC-NCL,Gender-Neutral,421,725
Indian Institute of Technology Roorkee,"Electronics and Communication Engineering (4 Years, Bachelor of Technology)",AI,OBC-NCL,Female-only (including Supernumerary),1247,1709
Indian Institute of Technology Roorkee,"Electronics and Communication Engineering (4 Years, Bachelor of Technology)",AI,OBC-NCL (PwD),Gender-Neutral,29,29
Indian Institute of Technology Roorkee,"Electronics and Communication Engineering (4 Years, Bachelor of Technology)",AI,SC,Gender-Neutral,174,398
Indian Institute of Technology Roorkee,"Electronics and Communication Engineering (4 Years, Bachelor of Technology)",AI,SC,Female-only (including Supernumerary),784,932
Indian Institute of Technology Roorkee,"Electronics and Communication Engineering (4 Years, Bachelor of Technology)",AI,SC (PwD),Gender-Neutral,17P,17P
Indian Institute of Technology Roorkee,"Electronics and Communication Engineering (4 Years, Bachelor of Technology)",AI,ST,Gender-Neutral,109,217
Indian Institute of Technology Roorkee,"Electronics and Communication Engineering (4 Years, Bachelor of Technology)",AI,ST,Female-only (including Supernumerary),474,484
Indian Institute of Technology Roorkee,"Energy Engineering (4 Years, Bachelor of Technology)",AI,OPEN,Gender-Neutral,3834,4637
Indian Institute of Technology Roorkee,"Energy Engineering (4 Years, Bachelor of Technology)",AI,OPEN,Female-only (including Supernumerary),11253,11253
Indian Institute of Technology Roorkee,"Energy Engineering (4 Years, Bachelor of Technology)",AI,EWS,Gender-Neutral,909,1061
Indian Institute of Technology Roorkee,"Energy Engineering (4 Years, Bachelor of Technology)",AI,EWS,Female-only (including Supernumerary),2302,2302
Indian Institute of Technology Roorkee,"Energy Engineering (4 Years, Bachelor of Technology)",AI,OBC-NCL,Gender-Neutral,2018,2521
Indian Institute of Technology Roorkee,"Energy Engineering (4 Years, Bachelor of Technology)",AI,OBC-NCL,Female-only (including Supernumerary),6329,6329
Indian Institute of Technology Roorkee,"Energy Engineering (4 Years, Bachelor of Technology)",AI,SC,Gender-Neutral,1242,1416
Indian Institute of Technology Roorkee,"Energy Engineering (4 Years, Bachelor of Technology)",AI,SC,Female-only (including Supernumerary),2831,2831
Indian Institute of Technology Roorkee,"Energy Engineering (4 Years, Bachelor of Technology)",AI,ST,Gender-Neutral,835,835
Indian Institute of Technology Roorkee,"Engineering Physics (4 Years, Bachelor of Technology)",AI,OPEN,Gender-Neutral,2456,3809
Indian Institute of Technology Roorkee,"Engineering Physics (4 Years, Bachelor of Technology)",AI,OPEN,Female-only (including Supernumerary),6739,10019
Indian Institute of Technology Roorkee,"Engineering Physics (4 Years, Bachelor of Technology)",AI,OPEN (PwD),Gender-Neutral,222P,222P
Indian Institute of Technology Roorkee,"Engineering Physics (4 Years, Bachelor of Technology)",AI,EWS,Gender-Neutral,762,1093
Indian Institute of Technology Roorkee,"Engineering Physics (4 Years, Bachelor of Technology)",AI,EWS,Female-only (including Supernumerary),2298,2298
Indian Institute of Technology Roorkee,"Engineering Physics (4 Years, Bachelor of Technology)",AI,OBC-NCL,Gender-Neutral,1908,2607
Indian Institute of Technology Roorkee,"Engineering Physics (4 Years, Bachelor of Technology)",AI,OBC-NCL,Female-only (including Supernumerary),6528,6911
Indian Institute of Technology Roorkee,"Engineering Physics (4 Years, Bachelor of Technology)",AI,SC,Gender-Neutral,1122,1590
Indian Institute of Technology Roorkee,"Engineering Physics (4 Years, Bachelor of Technology)",AI,SC,Female-only (including Supernumerary),3074,3152
Indian Institute of Technology Roorkee,"Engineering Physics (4 Years, Bachelor of Technology)",AI,ST,Gender-Neutral,1025,1118
Indian Institute of Technology Roorkee,"Geological Technology (5 Years, Integrated Master of Technology)",AI,OPEN,Gender-Neutral,7985,9620
Indian Institute of Technology Roorkee,"Geological Technology (5 Years, Integrated Master of Technology)",AI,OPEN,Female-only (including Supernumerary),15488,16070
Indian Institute of Technology Roorkee,"Geological Technology (5 Years, Integrated Master of Technology)",AI,EWS,Gender-Neutral,1505,1530
Indian Institute of Technology Roorkee,"Geological Technology (5 Years, Integrated Master of Technology)",AI,EWS,Female-only (including Supernumerary),3367,3367
Indian Institute of Technology Roorkee,"Geological Technology (5 Years, Integrated Master of Technology)",AI,OBC-NCL,Gender-Neutral,3931,4209
Indian Institute of Technology Roorkee,"Geological Technology (5 Years, Integrated Master of Technology)",AI,OBC-NCL,Female-only (including Supernumerary),8022,8427
Indian Institute of Technology Roorkee,"Geological Technology (5 Years, Integrated Master of Technology)",AI,SC,Gender-Neutral,1082,2491
Indian Institute of Technology Roorkee,"Geological Technology (5 Years, Integrated Master of Technology)",AI,SC,Female-only (including Supernumerary),3707,3707
Indian Institute of Technology Roorkee,"Geological Technology (5 Years, Integrated Master of Technology)",AI,ST,Gender-Neutral,1233,1332
Indian Institute of Technology Roorkee,"Geological Technology (5 Years, Integrated Master of Technology)",AI,ST,Female-only (including Supernumerary),699P,699P
Indian Institute of Technology Roorkee,"Geophysical Technology (5 Years, Integrated Master of Technology)",AI,OPEN,Gender-Neutral,6436,9064
Indian Institute of Technology Roorkee,"Geophysical Technology (5 Years, Integrated Master of Technology)",AI,OPEN,Female-only (including Supernumerary),16073,17618
Indian Institute of Technology Roorkee,"Geophysical Technology (5 Years, Integrated Master of Technology)",AI,EWS,Gender-Neutral,1233,1475
Indian Institute of Technology Roorkee,"Geophysical Technology (5 Years, Integrated Master of Technology)",AI,EWS,Female-only (including Supernumerary),3489,3489
Indian Institute of Technology Roorkee,"Geophysical Technology (5 Years, Integrated Master of Technology)",AI,OBC-NCL,Gender-Neutral,3487,3834
Indian Institute of Technology Roorkee,"Geophysical Technology (5 Years, Integrated Master of Technology)",AI,OBC-NCL,Female-only (including Supernumerary),8044,8416
Indian Institute of Technology Roorkee,"Geophysical Technology (5 Years, Integrated Master of Technology)",AI,SC,Gender-Neutral,2254,2363
Indian Institute of Technology Roorkee,"Geophysical Technology (5 Years, Integrated Master of Technology)",AI,SC,Female-only (including Supernumerary),3833,3833
Indian Institute of Technology Roorkee,"Geophysical Technology (5 Years, Integrated Master of Technology)",AI,ST,Gender-Neutral,1162,1371
Indian Institute of Technology Roorkee,"Geophysical Technology (5 Years, Integrated Master of Technology)",AI,ST,Female-only (including Supernumerary),827P,827P
Indian Institute of Technology Roorkee,"Mathematics & Computing (5 Years, Bachelor of Science and Master of Science (Dual Degree))",AI,OPEN,Gender-Neutral,1089,1501
Indian Institute of Technology Roorkee,"Mathematics & Computing (5 Years, Bachelor of Science and Master of Science (Dual Degree))",AI,OPEN,Female-only (including Supernumerary),4010,4814
Indian Institute of Technology Roorkee,"Mathematics & Computing (5 Years, Bachelor of Science and Master of Science (Dual Degree))",AI,OPEN (PwD),Gender-Neutral,137,137
Indian Institute of Technology Roorkee,"Mathematics & Computing (5 Years, Bachelor of Science and Master of Science (Dual Degree))",AI,EWS,Gender-Neutral,254,266
Indian Institute of Technology Roorkee,"Mathematics & Computing (5 Years, Bachelor of Science and Master of Science (Dual Degree))",AI,EWS,Female-only (including Supernumerary),876,876
Indian Institute of Technology Roorkee,"Mathematics & Computing (5 Years, Bachelor of Science and Master of Science (Dual Degree))",AI,OBC-NCL,Gender-Neutral,511,810
Indian Institute of Technology Roorkee,"Mathematics & Computing (5 Years, Bachelor of Science and Master of Science (Dual Degree))",AI,OBC-NCL,Female-only (including Supernumerary),2178,2529
Indian Institute of Technology Roorkee,"Mathematics & Computing (5 Years, Bachelor of Science and Master of Science (Dual Degree))",AI,OBC-NCL (PwD),Gender-Neutral,70P,70P
Indian Institute of Technology Roorkee,"Mathematics & Computing (5 Years, Bachelor of Science and Master of Science (Dual Degree))",AI,SC,Gender-Neutral,266,592
Indian Institute of Technology Roorkee,"Mathematics & Computing (5 Years, Bachelor of Science and Master of Science (Dual Degree))",AI,SC,Female-only (including Supernumerary),912,912
Indian Institute of Technology Roorkee,"Mathematics & Computing (5 Years, Bachelor of Science and Master of Science (Dual Degree))",AI,ST,Gender-Neutral,261,338
Indian Institute of Technology Roorkee,"Mathematics & Computing (5 Years, Bachelor of Science and Master of Science (Dual Degree))",AI,ST,Female-only (including Supernumerary),823,823
Indian Institute of Technology Roorkee,"Mechanical Engineering (4 Years, Bachelor of Technology)",AI,OPEN,Gender-Neutral,2030,3504
Indian Institute of Technology Roorkee,"Mechanical Engineering (4 Years, Bachelor of Technology)",AI,OPEN,Female-only (including Supernumerary),7668,10517
Indian Institute of Technology Roorkee,"Mechanical Engineering (4 Years, Bachelor of Technology)",AI,OPEN (PwD),Gender-Neutral,366P,366P
Indian Institute of Technology Roorkee,"Mechanical Engineering (4 Years, Bachelor of Technology)",AI,EWS,Gender-Neutral,506,634
Indian Institute of Technology Roorkee,"Mechanical Engineering (4 Years, Bachelor of Technology)",AI,EWS,Female-only (including Supernumerary),1843,1933
Indian Institute of Technology Roorkee,"Mechanical Engineering (4 Years, Bachelor of Technology)",AI,OBC-NCL,Gender-Neutral,1097,1763
Indian Institute of Technology Roorkee,"Mechanical Engineering (4 Years, Bachelor of Technology)",AI,OBC-NCL,Female-only (including Supernumerary),3475,4773
Indian Institute of Technology Roorkee,"Mechanical Engineering (4 Years, Bachelor of Technology)",AI,SC,Gender-Neutral,813,992
Indian Institute of Technology Roorkee,"Mechanical Engineering (4 Years, Bachelor of Technology)",AI,SC,Female-only (including Supernumerary),1604,2287
Indian Institute of Technology Roorkee,"Mechanical Engineering (4 Years, Bachelor of Technology)",AI,ST,Gender-Neutral,397,515
Indian Institute of Technology Roorkee,"Mechanical Engineering (4 Years, Bachelor of Technology)",AI,ST,Female-only (including Supernumerary),659,860
Indian Institute of Technology Roorkee,"Metallurgical and Materials Engineering (4 Years, Bachelor of Technology)",AI,OPEN,Gender-Neutral,5178,6815
Indian Institute of Technology Roorkee,"Metallurgical and Materials Engineering (4 Years, Bachelor of Technology)",AI,OPEN,Female-only (including Supernumerary),12046,14578
Indian Institute of Technology Roorkee,"Metallurgical and Materials Engineering (4 Years, Bachelor of Technology)",AI,EWS,Gender-Neutral,1185,1290
Indian Institute of Technology Roorkee,"Metallurgical and Materials Engineering (4 Years, Bachelor of Technology)",AI,EWS,Female-only (including Supernumerary),2711,2801
Indian Institute of Technology Roorkee,"Metallurgical and Materials Engineering (4 Years, Bachelor of Technology)",AI,OBC-NCL,Gender-Neutral,2849,3301
Indian Institute of Technology Roorkee,"Metallurgical and Materials Engineering (4 Years, Bachelor of Technology)",AI,OBC-NCL,Female-only (including Supernumerary),6894,7557
Indian Institute of Technology Roorkee,"Metallurgical and Materials Engineering (4 Years, Bachelor of Technology)",AI,SC,Gender-Neutral,1569,2001
Indian Institute of Technology Roorkee,"Metallurgical and Materials Engineering (4 Years, Bachelor of Technology)",AI,SC,Female-only (including Supernumerary),2927,3119
Indian Institute of Technology Roorkee,"Metallurgical and Materials Engineering (4 Years, Bachelor of Technology)",AI,ST,Gender-Neutral,885,958
Indian Institute of Technology Roorkee,"Metallurgical and Materials Engineering (4 Years, Bachelor of Technology)",AI,ST,Female-only (including Supernumerary),1609,1609
Indian Institute of Technology Roorkee,"Physics (5 Years, Bachelor of Science and Master of Science (Dual Degree))",AI,OPEN,Gender-Neutral,6021,8245
Indian Institute of Technology Roorkee,"Physics (5 Years, Bachelor of Science and Master of Science (Dual Degree))",AI,OPEN,Female-only (including Supernumerary),12854,15922
Indian Institute of Technology Roorkee,"Physics (5 Years, Bachelor of Science and Master of Science (Dual Degree))",AI,EWS,Gender-Neutral,1575,1619
Indian Institute of Technology Roorkee,"Physics (5 Years, Bachelor of Science and Master of Science (Dual Degree))",AI,EWS,Female-only (including Supernumerary),3729,3729
Indian Institute of Technology Roorkee,"Physics (5 Years, Bachelor of Science and Master of Science (Dual Degree))",AI,OBC-NCL,Gender-Neutral,2560,3831
Indian Institute of Technology Roorkee,"Physics (5 Years, Bachelor of Science and Master of Science (Dual Degree))",AI,OBC-NCL,Female-only (including Supernumerary),8317,8466
Indian Institute of Technology Roorkee,"Physics (5 Years, Bachelor of Science and Master of Science (Dual Degree))",AI,SC,Gender-Neutral,1898,2217
Indian Institute of Technology Roorkee,"Physics (5 Years, Bachelor of Science and Master of Science (Dual Degree))",AI,SC,Female-only (including Supernumerary),3836,3836
Indian Institute of Technology Roorkee,"Physics (5 Years, Bachelor of Science and Master of Science (Dual Degree))",AI,ST,Gender-Neutral,1426,1426
Indian Institute of Technology Roorkee,"Production and Industrial Engineering (4 Years, Bachelor of Technology)",AI,OPEN,Gender-Neutral,4457,5166
Indian Institute of Technology Roorkee,"Production and Industrial Engineering (4 Years, Bachelor of Technology)",AI,OPEN,Female-only (including Supernumerary),11018,11912
Indian Institute of Technology Roorkee,"Production and Industrial Engineering (4 Years, Bachelor of Technology)",AI,EWS,Gender-Neutral,891,1048
Indian Institute of Technology Roorkee,"Production and Industrial Engineering (4 Years, Bachelor of Technology)",AI,EWS,Female-only (including Supernumerary),2505,2505
Indian Institute of Technology Roorkee,"Production and Industrial Engineering (4 Years, Bachelor of Technology)",AI,OBC-NCL,Gender-Neutral,2191,2867
Indian Institute of Technology Roorkee,"Production and Industrial Engineering (4 Years, Bachelor of Technology)",AI,OBC-NCL,Female-only (including Supernumerary),5993,6543
Indian Institute of Technology Roorkee,"Production and Industrial Engineering (4 Years, Bachelor of Technology)",AI,SC,Gender-Neutral,1264,1728
Indian Institute of Technology Roorkee,"Production and Industrial Engineering (4 Years, Bachelor of Technology)",AI,SC,Female-only (including Supernumerary),3168,3317
Indian Institute of Technology Roorkee,"Production and Industrial Engineering (4 Years, Bachelor of Technology)",AI,ST,Gender-Neutral,864,904
Indian Institute of Technology Roorkee,"Production and Industrial Engineering (4 Years, Bachelor of Technology)",AI,ST,Female-only (including Supernumerary),1588,1588
Indian Institute of Technology (ISM) Dhanbad,"Applied Geology (5 Years, Integrated Master of Technology)",AI,OPEN,Gender-Neutral,13369,14988
Indian Institute of Technology (ISM) Dhanbad,"Applied Geology (5 Years, Integrated Master of Technology)",AI,OPEN,Female-only (including Supernumerary),23317,23317
Indian Institute of Technology (ISM) Dhanbad,"Applied Geology (5 Years, Integrated Master of Technology)",AI,EWS,Gender-Neutral,2221,2368
Indian Institute of Technology (ISM) Dhanbad,"Applied Geology (5 Years, Integrated Master of Technology)",AI,EWS,Female-only (including Supernumerary),4153,4153
Indian Institute of Technology (ISM) Dhanbad,"Applied Geology (5 Years, Integrated Master of Technology)",AI,OBC-NCL,Gender-Neutral,3996,5668
Indian Institute of Technology (ISM) Dhanbad,"Applied Geology (5 Years, Integrated Master of Technology)",AI,SC,Gender-Neutral,3070,3113
Indian Institute of Technology (ISM) Dhanbad,"Applied Geology (5 Years, Integrated Master of Technology)",AI,SC,Female-only (including Supernumerary),4671,4671
Indian Institute of Technology (ISM) Dhanbad,"Applied Geology (5 Years, Integrated Master of Technology)",AI,ST,Gender-Neutral,1458,1458
Indian Institute of Technology (ISM) Dhanbad,"Applied Geophysics (5 Years, Integrated Master of Technology)",AI,OPEN,Gender-Neutral,13695,14663
Indian Institute of Technology (ISM) Dhanbad,"Applied Geophysics (5 Years, Integrated Master of Technology)",AI,OPEN,Female-only (including Supernumerary),20817,20817
Indian Institute of Technology (ISM) Dhanbad,"Applied Geophysics (5 Years, Integrated Master of Technology)",AI,EWS,Gender-Neutral,2130,2351
Indian Institute of Technology (ISM) Dhanbad,"Applied Geophysics (5 Years, Integrated Master of Technology)",AI,EWS,Female-only (including Supernumerary),4263,4263
Indian Institute of Technology (ISM) Dhanbad,"Applied Geophysics (5 Years, Integrated Master of Technology)",AI,OBC-NCL,Gender-Neutral,5674,5719
Indian Institute of Technology (ISM) Dhanbad,"Applied Geophysics (5 Years, Integrated Master of Technology)",AI,SC,Gender-Neutral,2794,2996
Indian Institute of Technology (ISM) Dhanbad,"Applied Geophysics (5 Years, Integrated Master of Technology)",AI,SC,Female-only (including Supernumerary),4789,4789
Indian Institute of Technology (ISM) Dhanbad,"Applied Geophysics (5 Years, Integrated Master of Technology)",AI,ST,Gender-Neutral,1451,1451
Indian Institute of Technology (ISM) Dhanbad,"Chemical Engineering (4 Years, Bachelor of Technology)",AI,OPEN,Gender-Neutral,7567,10226
Indian Institute of Technology (ISM) Dhanbad,"Chemical Engineering (4 Years, Bachelor of Technology)",AI,OPEN,Female-only (including Supernumerary),15568,18461
Indian Institute of Technology (ISM) Dhanbad,"Chemical Engineering (4 Years, Bachelor of Technology)",AI,EWS,Gender-Neutral,1515,1593
Indian Institute of Technology (ISM) Dhanbad,"Chemical Engineering (4 Years, Bachelor of Technology)",AI,EWS,Female-only (including Supernumerary),2796,2796
Indian Institute of Technology (ISM) Dhanbad,"Chemical Engineering (4 Years, Bachelor of Technology)",AI,OBC-NCL,Gender-Neutral,3961,4295
Indian Institute of Technology (ISM) Dhanbad,"Chemical Engineering (4 Years, Bachelor of Technology)",AI,OBC-NCL,Female-only (including Supernumerary),7539,8066
Indian Institute of Technology (ISM) Dhanbad,"Chemical Engineering (4 Years, Bachelor of Technology)",AI,SC,Gender-Neutral,2118,2365
Indian Institute of Technology (ISM) Dhanbad,"Chemical Engineering (4 Years, Bachelor of Technology)",AI,SC,Female-only (including Supernumerary),3770,3770
Indian Institute of Technology (ISM) Dhanbad,"Chemical Engineering (4 Years, Bachelor of Technology)",AI,ST,Gender-Neutral,973,1092
Indian Institute of Technology (ISM) Dhanbad,"Chemical Engineering (4 Years, Bachelor of Technology)",AI,ST,Female-only (including Supernumerary),1513,1513
Indian Institute of Technology (ISM) Dhanbad,"Civil Engineering (4 Years, Bachelor of Technology)",AI,OPEN,Gender-Neutral,9432,11671
Indian Institute of Technology (ISM) Dhanbad,"Civil Engineering (4 Years, Bachelor of Technology)",AI,OPEN,Female-only (including Supernumerary),18095,20298
Indian Institute of Technology (ISM) Dhanbad,"Civil Engineering (4 Years, Bachelor of Technology)",AI,EWS,Gender-Neutral,1606,1851
Indian Institute of Technology (ISM) Dhanbad,"Civil Engineering (4 Years, Bachelor of Technology)",AI,EWS,Female-only (including Supernumerary),3308,3308
Indian Institute of Technology (ISM) Dhanbad,"Civil Engineering (4 Years, Bachelor of Technology)",AI,OBC-NCL,Gender-Neutral,3690,4523
Indian Institute of Technology (ISM) Dhanbad,"Civil Engineering (4 Years, Bachelor of Technology)",AI,OBC-NCL,Female-only (including Supernumerary),7843,8519
Indian Institute of Technology (ISM) Dhanbad,"Civil Engineering (4 Years, Bachelor of Technology)",AI,SC,Gender-Neutral,2030,2354
Indian Institute of Technology (ISM) Dhanbad,"Civil Engineering (4 Years, Bachelor of Technology)",AI,SC,Female-only (including Supernumerary),2857,4115
Indian Institute of Technology (ISM) Dhanbad,"Civil Engineering (4 Years, Bachelor of Technology)",AI,ST,Gender-Neutral,765,912
Indian Institute of Technology (ISM) Dhanbad,"Civil Engineering (4 Years, Bachelor of Technology)",AI,ST,Female-only (including Supernumerary),1548,1548
Indian Institute of Technology (ISM) Dhanbad,"Computer Science and Engineering (4 Years, Bachelor of Technology)",AI,OPEN,Gender-Neutral,1817,3610
Indian Institute of Technology (ISM) Dhanbad,"Computer Science and Engineering (4 Years, Bachelor of Technology)",AI,OPEN,Female-only (including Supernumerary),5560,8100
Indian Institute of Technology (ISM) Dhanbad,"Computer Science and Engineering (4 Years, Bachelor of Technology)",AI,OPEN (PwD),Gender-Neutral,85,125
Indian Institute of Technology (ISM) Dhanbad,"Computer Science and Engineering (4 Years, Bachelor of Technology)",AI,OPEN (PwD),Female-only (including Supernumerary),92P,92P
Indian Institute of Technology (ISM) Dhanbad,"Computer Science and Engineering (4 Years, Bachelor of Technology)",AI,EWS,Gender-Neutral,376,445
Indian Institute of Technology (ISM) Dhanbad,"Computer Science and Engineering (4 Years, Bachelor of Technology)",AI,EWS,Female-only (including Supernumerary),1085,1342
Indian Institute of Technology (ISM) Dhanbad,"Computer Science and Engineering (4 Years, Bachelor of Technology)",AI,EWS (PwD),Gender-Neutral,13P,13P
Indian Institute of Technology (ISM) Dhanbad,"Computer Science and Engineering (4 Years, Bachelor of Technology)",AI,OBC-NCL,Gender-Neutral,758,1263
Indian Institute of Technology (ISM) Dhanbad,"Computer Science and Engineering (4 Years, Bachelor of Technology)",AI,OBC-NCL,Female-only (including Supernumerary),1829,2776
Indian Institute of Technology (ISM) Dhanbad,"Computer Science and Engineering (4 Years, Bachelor of Technology)",AI,OBC-NCL (PwD),Gender-Neutral,47,39P
Indian Institute of Technology (ISM) Dhanbad,"Computer Science and Engineering (4 Years, Bachelor of Technology)",AI,OBC-NCL (PwD),Female-only (including Supernumerary),138P,138P
Indian Institute of Technology (ISM) Dhanbad,"Computer Science and Engineering (4 Years, Bachelor of Technology)",AI,SC,Gender-Neutral,427,699
Indian Institute of Technology (ISM) Dhanbad,"Computer Science and Engineering (4 Years, Bachelor of Technology)",AI,SC,Female-only (including Supernumerary),754,1480
Indian Institute of Technology (ISM) Dhanbad,"Computer Science and Engineering (4 Years, Bachelor of Technology)",AI,ST,Gender-Neutral,197,304
Indian Institute of Technology (ISM) Dhanbad,"Computer Science and Engineering (4 Years, Bachelor of Technology)",AI,ST,Female-only (including Supernumerary),394,439
Indian Institute of Technology (ISM) Dhanbad,"Electrical Engineering (4 Years, Bachelor of Technology)",AI,OPEN,Gender-Neutral,4868,6751
Indian Institute of Technology (ISM) Dhanbad,"Electrical Engineering (4 Years, Bachelor of Technology)",AI,OPEN,Female-only (including Supernumerary),12387,14475
Indian Institute of Technology (ISM) Dhanbad,"Electrical Engineering (4 Years, Bachelor of Technology)",AI,EWS,Gender-Neutral,970,1121
Indian Institute of Technology (ISM) Dhanbad,"Electrical Engineering (4 Years, Bachelor of Technology)",AI,EWS,Female-only (including Supernumerary),2150,2276
Indian Institute of Technology (ISM) Dhanbad,"Electrical Engineering (4 Years, Bachelor of Technology)",AI,OBC-NCL,Gender-Neutral,2127,2721
Indian Institute of Technology (ISM) Dhanbad,"Electrical Engineering (4 Years, Bachelor of Technology)",AI,OBC-NCL,Female-only (including Supernumerary),4661,6044
Indian Institute of Technology (ISM) Dhanbad,"Electrical Engineering (4 Years, Bachelor of Technology)",AI,SC,Gender-Neutral,1062,1518
Indian Institute of Technology (ISM) Dhanbad,"Electrical Engineering (4 Years, Bachelor of Technology)",AI,SC,Female-only (including Supernumerary),2366,2851
Indian Institute of Technology (ISM) Dhanbad,"Electrical Engineering (4 Years, Bachelor of Technology)",AI,ST,Gender-Neutral,550,801
Indian Institute of Technology (ISM) Dhanbad,"Electrical Engineering (4 Years, Bachelor of Technology)",AI,ST,Female-only (including Supernumerary),1308,1459
Indian Institute of Technology (ISM) Dhanbad,"Electronics and Communication Engineering (4 Years, Bachelor of Technology)",AI,OPEN,Gender-Neutral,3727,5346
Indian Institute of Technology (ISM) Dhanbad,"Electronics and Communication Engineering (4 Years, Bachelor of Technology)",AI,OPEN,Female-only (including Supernumerary),8283,11713
Indian Institute of Technology (ISM) Dhanbad,"Electronics and Communication Engineering (4 Years, Bachelor of Technology)",AI,OPEN (PwD),Gender-Neutral,77P,323P
Indian Institute of Technology (ISM) Dhanbad,"Electronics and Communication Engineering (4 Years, Bachelor of Technology)",AI,EWS,Gender-Neutral,635,821
Indian Institute of Technology (ISM) Dhanbad,"Electronics and Communication Engineering (4 Years, Bachelor of Technology)",AI,EWS,Female-only (including Supernumerary),1719,1855
Indian Institute of Technology (ISM) Dhanbad,"Electronics and Communication Engineering (4 Years, Bachelor of Technology)",AI,OBC-NCL,Gender-Neutral,1257,2073
Indian Institute of Technology (ISM) Dhanbad,"Electronics and Communication Engineering (4 Years, Bachelor of Technology)",AI,OBC-NCL,Female-only (including Supernumerary),3161,3981
Indian Institute of Technology (ISM) Dhanbad,"Electronics and Communication Engineering (4 Years, Bachelor of Technology)",AI,SC,Gender-Neutral,707,1199
Indian Institute of Technology (ISM) Dhanbad,"Electronics and Communication Engineering (4 Years, Bachelor of Technology)",AI,SC,Female-only (including Supernumerary),2091,2421
Indian Institute of Technology (ISM) Dhanbad,"Electronics and Communication Engineering (4 Years, Bachelor of Technology)",AI,ST,Gender-Neutral,486,673
Indian Institute of Technology (ISM) Dhanbad,"Electronics and Communication Engineering (4 Years, Bachelor of Technology)",AI,ST,Female-only (including Supernumerary),758,1020
Indian Institute of Technology (ISM) Dhanbad,"Engineering Physics (4 Years, Bachelor of Technology)",AI,OPEN,Gender-Neutral,7764,9717
Indian Institute of Technology (ISM) Dhanbad,"Engineering Physics (4 Years, Bachelor of Technology)",AI,OPEN,Female-only (including Supernumerary),15674,16923
Indian Institute of Technology (ISM) Dhanbad,"Engineering Physics (4 Years, Bachelor of Technology)",AI,EWS,Gender-Neutral,1518,1557
Indian Institute of Technology (ISM) Dhanbad,"Engineering Physics (4 Years, Bachelor of Technology)",AI,EWS,Female-only (including Supernumerary),3510,3510
Indian Institute of Technology (ISM) Dhanbad,"Engineering Physics (4 Years, Bachelor of Technology)",AI,OBC-NCL,Gender-Neutral,4049,4206
Indian Institute of Technology (ISM) Dhanbad,"Engineering Physics (4 Years, Bachelor of Technology)",AI,OBC-NCL,Female-only (including Supernumerary),8343,9050
Indian Institute of Technology (ISM) Dhanbad,"Engineering Physics (4 Years, Bachelor of Technology)",AI,SC,Gender-Neutral,2077,2389
Indian Institute of Technology (ISM) Dhanbad,"Engineering Physics (4 Years, Bachelor of Technology)",AI,SC,Female-only (including Supernumerary),4420,4420
Indian Institute of Technology (ISM) Dhanbad,"Engineering Physics (4 Years, Bachelor of Technology)",AI,ST,Gender-Neutral,1270,1360
Indian Institute of Technology (ISM) Dhanbad,"Environmental Engineering (4 Years, Bachelor of Technology)",AI,OPEN,Gender-Neutral,9606,14389
Indian Institute of Technology (ISM) Dhanbad,"Environmental Engineering (4 Years, Bachelor of Technology)",AI,OPEN,Female-only (including Supernumerary),21683,22006
Indian Institute of Technology (ISM) Dhanbad,"Environmental Engineering (4 Years, Bachelor of Technology)",AI,OPEN (PwD),Gender-Neutral,352P,352P
Indian Institute of Technology (ISM) Dhanbad,"Environmental Engineering (4 Years, Bachelor of Technology)",AI,EWS,Gender-Neutral,2088,2265
Indian Institute of Technology (ISM) Dhanbad,"Environmental Engineering (4 Years, Bachelor of Technology)",AI,EWS,Female-only (including Supernumerary),3584,3584
Indian Institute of Technology (ISM) Dhanbad,"Environmental Engineering (4 Years, Bachelor of Technology)",AI,OBC-NCL,Gender-Neutral,3755,5635
Indian Institute of Technology (ISM) Dhanbad,"Environmental Engineering (4 Years, Bachelor of Technology)",AI,SC,Gender-Neutral,2569,3006
Indian Institute of Technology (ISM) Dhanbad,"Environmental Engineering (4 Years, Bachelor of Technology)",AI,SC,Female-only (including Supernumerary),4628,4628
Indian Institute of Technology (ISM) Dhanbad,"Environmental Engineering (4 Years, Bachelor of Technology)",AI,ST,Gender-Neutral,1351,1441
Indian Institute of Technology (ISM) Dhanbad,"Environmental Engineering (4 Years, Bachelor of Technology)",AI,ST,Female-only (including Supernumerary),390P,390P
Indian Institute of Technology (ISM) Dhanbad,"Mathematics and Computing (4 Years, Bachelor of Technology)",AI,OPEN,Gender-Neutral,3730,4381
Indian Institute of Technology (ISM) Dhanbad,"Mathematics and Computing (4 Years, Bachelor of Technology)",AI,OPEN,Female-only (including Supernumerary),9026,10215
Indian Institute of Technology (ISM) Dhanbad,"Mathematics and Computing (4 Years, Bachelor of Technology)",AI,OPEN (PwD),Gender-Neutral,73P,73P
Indian Institute of Technology (ISM) Dhanbad,"Mathematics and Computing (4 Years, Bachelor of Technology)",AI,EWS,Gender-Neutral,482,623
Indian Institute of Technology (ISM) Dhanbad,"Mathematics and Computing (4 Years, Bachelor of Technology)",AI,EWS,Female-only (including Supernumerary),1361,1361
Indian Institute of Technology (ISM) Dhanbad,"Mathematics and Computing (4 Years, Bachelor of Technology)",AI,OBC-NCL,Gender-Neutral,1280,1663
Indian Institute of Technology (ISM) Dhanbad,"Mathematics and Computing (4 Years, Bachelor of Technology)",AI,OBC-NCL,Female-only (including Supernumerary),2985,4154
Indian Institute of Technology (ISM) Dhanbad,"Mathematics and Computing (4 Years, Bachelor of Technology)",AI,OBC-NCL (PwD),Gender-Neutral,153P,153P
Indian Institute of Technology (ISM) Dhanbad,"Mathematics and Computing (4 Years, Bachelor of Technology)",AI,SC,Gender-Neutral,759,976
Indian Institute of Technology (ISM) Dhanbad,"Mathematics and Computing (4 Years, Bachelor of Technology)",AI,SC,Female-only (including Supernumerary),1992,1992
Indian Institute of Technology (ISM) Dhanbad,"Mathematics and Computing (4 Years, Bachelor of Technology)",AI,ST,Gender-Neutral,340,531
Indian Institute of Technology (ISM) Dhanbad,"Mathematics and Computing (4 Years, Bachelor of Technology)",AI,ST,Female-only (including Supernumerary),642,642
Indian Institute of Technology (ISM) Dhanbad,"Mechanical Engineering (4 Years, Bachelor of Technology)",AI,OPEN,Gender-Neutral,6758,9009
Indian Institute of Technology (ISM) Dhanbad,"Mechanical Engineering (4 Years, Bachelor of Technology)",AI,OPEN,Female-only (including Supernumerary),15146,18806
Indian Institute of Technology (ISM) Dhanbad,"Mechanical Engineering (4 Years, Bachelor of Technology)",AI,EWS,Gender-Neutral,1313,1450
Indian Institute of Technology (ISM) Dhanbad,"Mechanical Engineering (4 Years, Bachelor of Technology)",AI,EWS,Female-only (including Supernumerary),2977,3036
Indian Institute of Technology (ISM) Dhanbad,"Mechanical Engineering (4 Years, Bachelor of Technology)",AI,OBC-NCL,Gender-Neutral,3004,3687
Indian Institute of Technology (ISM) Dhanbad,"Mechanical Engineering (4 Years, Bachelor of Technology)",AI,OBC-NCL,Female-only (including Supernumerary),6948,7578
Indian Institute of Technology (ISM) Dhanbad,"Mechanical Engineering (4 Years, Bachelor of Technology)",AI,SC,Gender-Neutral,1711,2079
Indian Institute of Technology (ISM) Dhanbad,"Mechanical Engineering (4 Years, Bachelor of Technology)",AI,SC,Female-only (including Supernumerary),3410,3695
Indian Institute of Technology (ISM) Dhanbad,"Mechanical Engineering (4 Years, Bachelor of Technology)",AI,ST,Gender-Neutral,674,1064
Indian Institute of Technology (ISM) Dhanbad,"Mechanical Engineering (4 Years, Bachelor of Technology)",AI,ST,Female-only (including Supernumerary),1322,1639
Indian Institute of Technology (ISM) Dhanbad,"Mineral and Metallurgical Engineering (4 Years, Bachelor of Technology)",AI,OPEN,Gender-Neutral,10350,13157
Indian Institute of Technology (ISM) Dhanbad,"Mineral and Metallurgical Engineering (4 Years, Bachelor of Technology)",AI,OPEN,Female-only (including Supernumerary),19099,21708
Indian Institute of Technology (ISM) Dhanbad,"Mineral and Metallurgical Engineering (4 Years, Bachelor of Technology)",AI,EWS,Gender-Neutral,1992,2186
Indian Institute of Technology (ISM) Dhanbad,"Mineral and Metallurgical Engineering (4 Years, Bachelor of Technology)",AI,EWS,Female-only (including Supernumerary),3429,3429
Indian Institute of Technology (ISM) Dhanbad,"Mineral and Metallurgical Engineering (4 Years, Bachelor of Technology)",AI,OBC-NCL,Gender-Neutral,4736,5312
Indian Institute of Technology (ISM) Dhanbad,"Mineral and Metallurgical Engineering (4 Years, Bachelor of Technology)",AI,SC,Gender-Neutral,2410,2559
Indian Institute of Technology (ISM) Dhanbad,"Mineral and Metallurgical Engineering (4 Years, Bachelor of Technology)",AI,SC,Female-only (including Supernumerary),4110,4110
Indian Institute of Technology (ISM) Dhanbad,"Mineral and Metallurgical Engineering (4 Years, Bachelor of Technology)",AI,ST,Gender-Neutral,1243,1340
Indian Institute of Technology (ISM) Dhanbad,"Mineral and Metallurgical Engineering (4 Years, Bachelor of Technology)",AI,ST,Female-only (including Supernumerary),489P,489P
Indian Institute of Technology (ISM) Dhanbad,"Mining Engineering (4 Years, Bachelor of Technology)",AI,OPEN,Gender-Neutral,8439,13888
Indian Institute of Technology (ISM) Dhanbad,"Mining Engineering (4 Years, Bachelor of Technology)",AI,OPEN,Female-only (including Supernumerary),19181,24071
Indian Institute of Technology (ISM) Dhanbad,"Mining Engineering (4 Years, Bachelor of Technology)",AI,EWS,Gender-Neutral,1895,2140
Indian Institute of Technology (ISM) Dhanbad,"Mining Engineering (4 Years, Bachelor of Technology)",AI,EWS,Female-only (including Supernumerary),3938,3969
Indian Institute of Technology (ISM) Dhanbad,"Mining Engineering (4 Years, Bachelor of Technology)",AI,OBC-NCL,Gender-Neutral,3474,5314
Indian Institute of Technology (ISM) Dhanbad,"Mining Engineering (4 Years, Bachelor of Technology)",AI,OBC-NCL,Female-only (including Supernumerary),8429,9262
Indian Institute of Technology (ISM) Dhanbad,"Mining Engineering (4 Years, Bachelor of Technology)",AI,SC,Gender-Neutral,1787,2822
Indian Institute of Technology (ISM) Dhanbad,"Mining Engineering (4 Years, Bachelor of Technology)",AI,SC,Female-only (including Supernumerary),3779,4552
Indian Institute of Technology (ISM) Dhanbad,"Mining Engineering (4 Years, Bachelor of Technology)",AI,ST,Gender-Neutral,1082,1171
Indian Institute of Technology (ISM) Dhanbad,"Mining Engineering (4 Years, Bachelor of Technology)",AI,ST,Female-only (including Supernumerary),552P,687P
Indian Institute of Technology (ISM) Dhanbad,"Mining Machinery Engineering (4 Years, Bachelor of Technology)",AI,OPEN,Gender-Neutral,12252,14440
Indian Institute of Technology (ISM) Dhanbad,"Mining Machinery Engineering (4 Years, Bachelor of Technology)",AI,OPEN,Female-only (including Supernumerary),21592,24273
Indian Institute of Technology (ISM) Dhanbad,"Mining Machinery Engineering (4 Years, Bachelor of Technology)",AI,EWS,Gender-Neutral,2047,2216
Indian Institute of Technology (ISM) Dhanbad,"Mining Machinery Engineering (4 Years, Bachelor of Technology)",AI,EWS,Female-only (including Supernumerary),3961,3961
Indian Institute of Technology (ISM) Dhanbad,"Mining Machinery Engineering (4 Years, Bachelor of Technology)",AI,OBC-NCL,Gender-Neutral,4644,5574
Indian Institute of Technology (ISM) Dhanbad,"Mining Machinery Engineering (4 Years, Bachelor of Technology)",AI,SC,Gender-Neutral,2534,2991
Indian Institute of Technology (ISM) Dhanbad,"Mining Machinery Engineering (4 Years, Bachelor of Technology)",AI,SC,Female-only (including Supernumerary),4730,4792
Indian Institute of Technology (ISM) Dhanbad,"Mining Machinery Engineering (4 Years, Bachelor of Technology)",AI,ST,Gender-Neutral,1174,1338
Indian Institute of Technology (ISM) Dhanbad,"Mining Machinery Engineering (4 Years, Bachelor of Technology)",AI,ST,Female-only (including Supernumerary),540P,540P
Indian Institute of Technology (ISM) Dhanbad,"Petroleum Engineering (4 Years, Bachelor of Technology)",AI,OPEN,Gender-Neutral,7795,11724
Indian Institute of Technology (ISM) Dhanbad,"Petroleum Engineering (4 Years, Bachelor of Technology)",AI,OPEN,Female-only (including Supernumerary),16543,20134
Indian Institute of Technology (ISM) Dhanbad,"Petroleum Engineering (4 Years, Bachelor of Technology)",AI,OPEN (PwD),Gender-Neutral,107P,107P
Indian Institute of Technology (ISM) Dhanbad,"Petroleum Engineering (4 Years, Bachelor of Technology)",AI,EWS,Gender-Neutral,1617,1811
Indian Institute of Technology (ISM) Dhanbad,"Petroleum Engineering (4 Years, Bachelor of Technology)",AI,EWS,Female-only (including Supernumerary),3342,3763
Indian Institute of Technology (ISM) Dhanbad,"Petroleum Engineering (4 Years, Bachelor of Technology)",AI,OBC-NCL,Gender-Neutral,2771,4494
Indian Institute of Technology (ISM) Dhanbad,"Petroleum Engineering (4 Years, Bachelor of Technology)",AI,OBC-NCL,Female-only (including Supernumerary),7219,8736
Indian Institute of Technology (ISM) Dhanbad,"Petroleum Engineering (4 Years, Bachelor of Technology)",AI,SC,Gender-Neutral,1976,2501
Indian Institute of Technology (ISM) Dhanbad,"Petroleum Engineering (4 Years, Bachelor of Technology)",AI,SC,Female-only (including Supernumerary),4001,4266
Indian Institute of Technology (ISM) Dhanbad,"Petroleum Engineering (4 Years, Bachelor of Technology)",AI,ST,Gender-Neutral,716,1112
Indian Institute of Technology (ISM) Dhanbad,"Petroleum Engineering (4 Years, Bachelor of Technology)",AI,ST,Female-only (including Supernumerary),1543,1543
Indian Institute of Technology Ropar,"Artificial Intelligence and Data Engineering (4 Years, Bachelor of Technology)",AI,OPEN,Gender-Neutral,2254,2576
Indian Institute of Technology Ropar,"Artificial Intelligence and Data Engineering (4 Years, Bachelor of Technology)",AI,OPEN,Female-only (including Supernumerary),6054,6141
Indian Institute of Technology Ropar,"Artificial Intelligence and Data Engineering (4 Years, Bachelor of Technology)",AI,OPEN (PwD),Gender-Neutral,122,122
Indian Institute of Technology Ropar,"Artificial Intelligence and Data Engineering (4 Years, Bachelor of Technology)",AI,EWS,Gender-Neutral,499,528
Indian Institute of Technology Ropar,"Artificial Intelligence and Data Engineering (4 Years, Bachelor of Technology)",AI,OBC-NCL,Gender-Neutral,1116,1237
Indian Institute of Technology Ropar,"Artificial Intelligence and Data Engineering (4 Years, Bachelor of Technology)",AI,OBC-NCL,Female-only (including Supernumerary),2989,2989
Indian Institute of Technology Ropar,"Artificial Intelligence and Data Engineering (4 Years, Bachelor of Technology)",AI,SC,Gender-Neutral,738,781
Indian Institute of Technology Ropar,"Artificial Intelligence and Data Engineering (4 Years, Bachelor of Technology)",AI,SC,Female-only (including Supernumerary),1888,1888
Indian Institute of Technology Ropar,"Artificial Intelligence and Data Engineering (4 Years, Bachelor of Technology)",AI,ST,Gender-Neutral,440,449
Indian Institute of Technology Ropar,"Chemical Engineering (4 Years, Bachelor of Technology)",AI,OPEN,Gender-Neutral,8597,9615
Indian Institute of Technology Ropar,"Chemical Engineering (4 Years, Bachelor of Technology)",AI,OPEN,Female-only (including Supernumerary),14701,15740
Indian Institute of Technology Ropar,"Chemical Engineering (4 Years, Bachelor of Technology)",AI,EWS,Gender-Neutral,1527,1631
Indian Institute of Technology Ropar,"Chemical Engineering (4 Years, Bachelor of Technology)",AI,EWS,Female-only (including Supernumerary),2873,2873
Indian Institute of Technology Ropar,"Chemical Engineering (4 Years, Bachelor of Technology)",AI,OBC-NCL,Gender-Neutral,3486,3952
Indian Institute of Technology Ropar,"Chemical Engineering (4 Years, Bachelor of Technology)",AI,OBC-NCL,Female-only (including Supernumerary),7313,8020
Indian Institute of Technology Ropar,"Chemical Engineering (4 Years, Bachelor of Technology)",AI,SC,Gender-Neutral,1955,2227
Indian Institute of Technology Ropar,"Chemical Engineering (4 Years, Bachelor of Technology)",AI,SC,Female-only (including Supernumerary),3910,3910
Indian Institute of Technology Ropar,"Chemical Engineering (4 Years, Bachelor of Technology)",AI,ST,Gender-Neutral,1127,1146
Indian Institute of Technology Ropar,"Chemical Engineering (4 Years, Bachelor of Technology)",AI,ST,Female-only (including Supernumerary),1703,1703
Indian Institute of Technology Ropar,"Civil Engineering (4 Years, Bachelor of Technology)",AI,OPEN,Gender-Neutral,9223,10771
Indian Institute of Technology Ropar,"Civil Engineering (4 Years, Bachelor of Technology)",AI,OPEN,Female-only (including Supernumerary),17886,18966
Indian Institute of Technology Ropar,"Civil Engineering (4 Years, Bachelor of Technology)",AI,EWS,Gender-Neutral,1775,1902
Indian Institute of Technology Ropar,"Civil Engineering (4 Years, Bachelor of Technology)",AI,EWS,Female-only (including Supernumerary),3714,3714
Indian Institute of Technology Ropar,"Civil Engineering (4 Years, Bachelor of Technology)",AI,OBC-NCL,Gender-Neutral,4125,4369
Indian Institute of Technology Ropar,"Civil Engineering (4 Years, Bachelor of Technology)",AI,OBC-NCL,Female-only (including Supernumerary),8232,8622
Indian Institute of Technology Ropar,"Civil Engineering (4 Years, Bachelor of Technology)",AI,SC,Gender-Neutral,2278,2368
Indian Institute of Technology Ropar,"Civil Engineering (4 Years, Bachelor of Technology)",AI,SC,Female-only (including Supernumerary),3778,3778
Indian Institute of Technology Ropar,"Civil Engineering (4 Years, Bachelor of Technology)",AI,ST,Gender-Neutral,706,744
Indian Institute of Technology Ropar,"Civil Engineering (4 Years, Bachelor of Technology)",AI,ST,Female-only (including Supernumerary),1532,1532
Indian Institute of Technology Ropar,"Computer Science and Engineering (4 Years, Bachelor of Technology)",AI,OPEN,Gender-Neutral,1158,2262
Indian Institute of Technology Ropar,"Computer Science and Engineering (4 Years, Bachelor of Technology)",AI,OPEN,Female-only (including Supernumerary),3461,5385
Indian Institute of Technology Ropar,"Computer Science and Engineering (4 Years, Bachelor of Technology)",AI,OPEN (PwD),Gender-Neutral,126,136
Indian Institute of Technology Ropar,"Computer Science and Engineering (4 Years, Bachelor of Technology)",AI,EWS,Gender-Neutral,234,285
Indian Institute of Technology Ropar,"Computer Science and Engineering (4 Years, Bachelor of Technology)",AI,EWS,Female-only (including Supernumerary),818,1108
Indian Institute of Technology Ropar,"Computer Science and Engineering (4 Years, Bachelor of Technology)",AI,EWS (PwD),Gender-Neutral,43P,43P
Indian Institute of Technology Ropar,"Computer Science and Engineering (4 Years, Bachelor of Technology)",AI,OBC-NCL,Gender-Neutral,450,1061
Indian Institute of Technology Ropar,"Computer Science and Engineering (4 Years, Bachelor of Technology)",AI,OBC-NCL,Female-only (including Supernumerary),1492,2227
Indian Institute of Technology Ropar,"Computer Science and Engineering (4 Years, Bachelor of Technology)",AI,OBC-NCL (PwD),Gender-Neutral,63,63
Indian Institute of Technology Ropar,"Computer Science and Engineering (4 Years, Bachelor of Technology)",AI,SC,Gender-Neutral,388,548
Indian Institute of Technology Ropar,"Computer Science and Engineering (4 Years, Bachelor of Technology)",AI,SC,Female-only (including Supernumerary),1389,1641
Indian Institute of Technology Ropar,"Computer Science and Engineering (4 Years, Bachelor of Technology)",AI,ST,Gender-Neutral,242,419
Indian Institute of Technology Ropar,"Computer Science and Engineering (4 Years, Bachelor of Technology)",AI,ST,Female-only (including Supernumerary),773,773
Indian Institute of Technology Ropar,"Electrical Engineering (4 Years, Bachelor of Technology)",AI,OPEN,Gender-Neutral,3406,5249
Indian Institute of Technology Ropar,"Electrical Engineering (4 Years, Bachelor of Technology)",AI,OPEN,Female-only (including Supernumerary),6205,11944
Indian Institute of Technology Ropar,"Electrical Engineering (4 Years, Bachelor of Technology)",AI,EWS,Gender-Neutral,795,860
Indian Institute of Technology Ropar,"Electrical Engineering (4 Years, Bachelor of Technology)",AI,EWS,Female-only (including Supernumerary),1601,2016
Indian Institute of Technology Ropar,"Electrical Engineering (4 Years, Bachelor of Technology)",AI,OBC-NCL,Gender-Neutral,1936,2590
Indian Institute of Technology Ropar,"Electrical Engineering (4 Years, Bachelor of Technology)",AI,OBC-NCL,Female-only (including Supernumerary),4632,6437
Indian Institute of Technology Ropar,"Electrical Engineering (4 Years, Bachelor of Technology)",AI,SC,Gender-Neutral,1099,1593
Indian Institute of Technology Ropar,"Electrical Engineering (4 Years, Bachelor of Technology)",AI,SC,Female-only (including Supernumerary),2172,2382
Indian Institute of Technology Ropar,"Electrical Engineering (4 Years, Bachelor of Technology)",AI,ST,Gender-Neutral,554,764
Indian Institute of Technology Ropar,"Electrical Engineering (4 Years, Bachelor of Technology)",AI,ST,Female-only (including Supernumerary),1427,1427
Indian Institute of Technology Ropar,"Engineering Physics (4 Years, Bachelor of Technology)",AI,OPEN,Gender-Neutral,6982,8826
Indian Institute of Technology Ropar,"Engineering Physics (4 Years, Bachelor of Technology)",AI,OPEN,Female-only (including Supernumerary),16348,18747
Indian Institute of Technology Ropar,"Engineering Physics (4 Years, Bachelor of Technology)",AI,EWS,Gender-Neutral,1543,1790
Indian Institute of Technology Ropar,"Engineering Physics (4 Years, Bachelor of Technology)",AI,OBC-NCL,Gender-Neutral,3886,4156
Indian Institute of Technology Ropar,"Engineering Physics (4 Years, Bachelor of Technology)",AI,OBC-NCL,Female-only (including Supernumerary),8540,8540
Indian Institute of Technology Ropar,"Engineering Physics (4 Years, Bachelor of Technology)",AI,SC,Gender-Neutral,2143,2573
Indian Institute of Technology Ropar,"Engineering Physics (4 Years, Bachelor of Technology)",AI,SC,Female-only (including Supernumerary),4303,4303
Indian Institute of Technology Ropar,"Engineering Physics (4 Years, Bachelor of Technology)",AI,ST,Gender-Neutral,1368,1391
Indian Institute of Technology Ropar,"Mathematics and Computing (4 Years, Bachelor of Technology)",AI,OPEN,Gender-Neutral,1755,3378
Indian Institute of Technology Ropar,"Mathematics and Computing (4 Years, Bachelor of Technology)",AI,OPEN,Female-only (including Supernumerary),5423,8734
Indian Institute of Technology Ropar,"Mathematics and Computing (4 Years, Bachelor of Technology)",AI,EWS,Gender-Neutral,411,552
Indian Institute of Technology Ropar,"Mathematics and Computing (4 Years, Bachelor of Technology)",AI,EWS,Female-only (including Supernumerary),1587,1587
Indian Institute of Technology Ropar,"Mathematics and Computing (4 Years, Bachelor of Technology)",AI,OBC-NCL,Gender-Neutral,1267,1674
Indian Institute of Technology Ropar,"Mathematics and Computing (4 Years, Bachelor of Technology)",AI,OBC-NCL,Female-only (including Supernumerary),2514,2514
Indian Institute of Technology Ropar,"Mathematics and Computing (4 Years, Bachelor of Technology)",AI,SC,Gender-Neutral,807,930
Indian Institute of Technology Ropar,"Mathematics and Computing (4 Years, Bachelor of Technology)",AI,SC,Female-only (including Supernumerary),1451,1451
Indian Institute of Technology Ropar,"Mathematics and Computing (4 Years, Bachelor of Technology)",AI,ST,Gender-Neutral,599,620
Indian Institute of Technology Ropar,"Mathematics and Computing (4 Years, Bachelor of Technology)",AI,ST,Female-only (including Supernumerary),1316,1316
Indian Institute of Technology Ropar,"Mechanical Engineering (4 Years, Bachelor of Technology)",AI,OPEN,Gender-Neutral,6602,8005
Indian Institute of Technology Ropar,"Mechanical Engineering (4 Years, Bachelor of Technology)",AI,OPEN,Female-only (including Supernumerary),14919,16411
Indian Institute of Technology Ropar,"Mechanical Engineering (4 Years, Bachelor of Technology)",AI,EWS,Gender-Neutral,1241,1426
Indian Institute of Technology Ropar,"Mechanical Engineering (4 Years, Bachelor of Technology)",AI,EWS,Female-only (including Supernumerary),3095,3095
Indian Institute of Technology Ropar,"Mechanical Engineering (4 Years, Bachelor of Technology)",AI,OBC-NCL,Gender-Neutral,3113,3734
Indian Institute of Technology Ropar,"Mechanical Engineering (4 Years, Bachelor of Technology)",AI,OBC-NCL,Female-only (including Supernumerary),7008,7762
Indian Institute of Technology Ropar,"Mechanical Engineering (4 Years, Bachelor of Technology)",AI,SC,Gender-Neutral,1825,2125
Indian Institute of Technology Ropar,"Mechanical Engineering (4 Years, Bachelor of Technology)",AI,SC,Female-only (including Supernumerary),3154,3800
Indian Institute of Technology Ropar,"Mechanical Engineering (4 Years, Bachelor of Technology)",AI,ST,Gender-Neutral,763,889
Indian Institute of Technology Ropar,"Mechanical Engineering (4 Years, Bachelor of Technology)",AI,ST,Female-only (including Supernumerary),71P,71P
Indian Institute of Technology Ropar,"Metallurgical and Materials Engineering (4 Years, Bachelor of Technology)",AI,OPEN,Gender-Neutral,10452,11377
Indian Institute of Technology Ropar,"Metallurgical and Materials Engineering (4 Years, Bachelor of Technology)",AI,OPEN,Female-only (including Supernumerary),19986,20595
Indian Institute of Technology Ropar,"Metallurgical and Materials Engineering (4 Years, Bachelor of Technology)",AI,EWS,Gender-Neutral,2134,2191
Indian Institute of Technology Ropar,"Metallurgical and Materials Engineering (4 Years, Bachelor of Technology)",AI,OBC-NCL,Gender-Neutral,4611,4968
Indian Institute of Technology Ropar,"Metallurgical and Materials Engineering (4 Years, Bachelor of Technology)",AI,OBC-NCL,Female-only (including Supernumerary),8970,8990
Indian Institute of Technology Ropar,"Metallurgical and Materials Engineering (4 Years, Bachelor of Technology)",AI,SC,Gender-Neutral,2652,2662
Indian Institute of Technology Ropar,"Metallurgical and Materials Engineering (4 Years, Bachelor of Technology)",AI,SC,Female-only (including Supernumerary),4385,4385
Indian Institute of Technology Ropar,"Metallurgical and Materials Engineering (4 Years, Bachelor of Technology)",AI,ST,Gender-Neutral,1300,1300
Indian Institute of Technology Ropar,"Metallurgical and Materials Engineering (4 Years, Bachelor of Technology)",AI,ST,Female-only (including Supernumerary),895P,895P
Indian Institute of Technology (BHU) Varanasi,"Architecture (5 Years, Bachelor of Architecture)",AI,OPEN,Gender-Neutral,19885,21448
Indian Institute of Technology (BHU) Varanasi,"Architecture (5 Years, Bachelor of Architecture)",AI,OPEN,Female-only (including Supernumerary),25278,25278
Indian Institute of Technology (BHU) Varanasi,"Architecture (5 Years, Bachelor of Architecture)",AI,EWS,Gender-Neutral,3311,3439
Indian Institute of Technology (BHU) Varanasi,"Architecture (5 Years, Bachelor of Architecture)",AI,OBC-NCL,Gender-Neutral,7644,8033
Indian Institute of Technology (BHU) Varanasi,"Architecture (5 Years, Bachelor of Architecture)",AI,SC,Gender-Neutral,3540,4321
Indian Institute of Technology (BHU) Varanasi,"Architecture (5 Years, Bachelor of Architecture)",AI,SC,Female-only (including Supernumerary),4991,4991
Indian Institute of Technology (BHU) Varanasi,"Architecture (5 Years, Bachelor of Architecture)",AI,ST,Gender-Neutral,616P,764P
Indian Institute of Technology (BHU) Varanasi,"Biochemical Engineering with M.Tech. in Biochemical Engineering and Biotechnology (5 Years, Bachelor and Master of Technology (Dual Degree))",AI,OPEN,Gender-Neutral,10717,12152
Indian Institute of Technology (BHU) Varanasi,"Biochemical Engineering with M.Tech. in Biochemical Engineering and Biotechnology (5 Years, Bachelor and Master of Technology (Dual Degree))",AI,OPEN,Female-only (including Supernumerary),18670,18700
Indian Institute of Technology (BHU) Varanasi,"Biochemical Engineering with M.Tech. in Biochemical Engineering and Biotechnology (5 Years, Bachelor and Master of Technology (Dual Degree))",AI,EWS,Gender-Neutral,1976,2090
Indian Institute of Technology (BHU) Varanasi,"Biochemical Engineering with M.Tech. in Biochemical Engineering and Biotechnology (5 Years, Bachelor and Master of Technology (Dual Degree))",AI,OBC-NCL,Gender-Neutral,4585,5443
Indian Institute of Technology (BHU) Varanasi,"Biochemical Engineering with M.Tech. in Biochemical Engineering and Biotechnology (5 Years, Bachelor and Master of Technology (Dual Degree))",AI,SC,Gender-Neutral,2686,2954
Indian Institute of Technology (BHU) Varanasi,"Biochemical Engineering with M.Tech. in Biochemical Engineering and Biotechnology (5 Years, Bachelor and Master of Technology (Dual Degree))",AI,SC,Female-only (including Supernumerary),4522,4522
Indian Institute of Technology (BHU) Varanasi,"Biochemical Engineering with M.Tech. in Biochemical Engineering and Biotechnology (5 Years, Bachelor and Master of Technology (Dual Degree))",AI,ST,Gender-Neutral,1238,1350
Indian Institute of Technology (BHU) Varanasi,"Bioengineering with M.Tech in Biomedical Technology (5 Years, Bachelor and Master of Technology (Dual Degree))",AI,OPEN,Gender-Neutral,8945,12872
Indian Institute of Technology (BHU) Varanasi,"Bioengineering with M.Tech in Biomedical Technology (5 Years, Bachelor and Master of Technology (Dual Degree))",AI,OPEN,Female-only (including Supernumerary),17189,18488
Indian Institute of Technology (BHU) Varanasi,"Bioengineering with M.Tech in Biomedical Technology (5 Years, Bachelor and Master of Technology (Dual Degree))",AI,EWS,Gender-Neutral,2061,2081
Indian Institute of Technology (BHU) Varanasi,"Bioengineering with M.Tech in Biomedical Technology (5 Years, Bachelor and Master of Technology (Dual Degree))",AI,OBC-NCL,Gender-Neutral,4763,5323
Indian Institute of Technology (BHU) Varanasi,"Bioengineering with M.Tech in Biomedical Technology (5 Years, Bachelor and Master of Technology (Dual Degree))",AI,OBC-NCL,Female-only (including Supernumerary),8573,8573
Indian Institute of Technology (BHU) Varanasi,"Bioengineering with M.Tech in Biomedical Technology (5 Years, Bachelor and Master of Technology (Dual Degree))",AI,SC,Gender-Neutral,2635,3010
Indian Institute of Technology (BHU) Varanasi,"Bioengineering with M.Tech in Biomedical Technology (5 Years, Bachelor and Master of Technology (Dual Degree))",AI,SC,Female-only (including Supernumerary),4053,4053
Indian Institute of Technology (BHU) Varanasi,"Bioengineering with M.Tech in Biomedical Technology (5 Years, Bachelor and Master of Technology (Dual Degree))",AI,ST,Gender-Neutral,1461,1461
Indian Institute of Technology (BHU) Varanasi,"Ceramic Engineering (4 Years, Bachelor of Technology)",AI,OPEN,Gender-Neutral,8419,11532
Indian Institute of Technology (BHU) Varanasi,"Ceramic Engineering (4 Years, Bachelor of Technology)",AI,OPEN,Female-only (including Supernumerary),17671,20409
Indian Institute of Technology (BHU) Varanasi,"Ceramic Engineering (4 Years, Bachelor of Technology)",AI,EWS,Gender-Neutral,1634,1919
Indian Institute of Technology (BHU) Varanasi,"Ceramic Engineering (4 Years, Bachelor of Technology)",AI,EWS,Female-only (including Supernumerary),3629,3629
Indian Institute of Technology (BHU) Varanasi,"Ceramic Engineering (4 Years, Bachelor of Technology)",AI,OBC-NCL,Gender-Neutral,3543,4854
Indian Institute of Technology (BHU) Varanasi,"Ceramic Engineering (4 Years, Bachelor of Technology)",AI,OBC-NCL,Female-only (including Supernumerary),9260,9260
Indian Institute of Technology (BHU) Varanasi,"Ceramic Engineering (4 Years, Bachelor of Technology)",AI,SC,Gender-Neutral,2245,2924
Indian Institute of Technology (BHU) Varanasi,"Ceramic Engineering (4 Years, Bachelor of Technology)",AI,SC,Female-only (including Supernumerary),4619,4675
Indian Institute of Technology (BHU) Varanasi,"Ceramic Engineering (4 Years, Bachelor of Technology)",AI,ST,Gender-Neutral,1297,1430
Indian Institute of Technology (BHU) Varanasi,"Ceramic Engineering (4 Years, Bachelor of Technology)",AI,ST,Female-only (including Supernumerary),788P,788P
Indian Institute of Technology (BHU) Varanasi,"Ceramic Engineering (5 Years, Bachelor and Master of Technology (Dual Degree))",AI,OPEN,Gender-Neutral,10413,12524
Indian Institute of Technology (BHU) Varanasi,"Ceramic Engineering (5 Years, Bachelor and Master of Technology (Dual Degree))",AI,OPEN,Female-only (including Supernumerary),22208,22838
Indian Institute of Technology (BHU) Varanasi,"Ceramic Engineering (5 Years, Bachelor and Master of Technology (Dual Degree))",AI,EWS,Gender-Neutral,1990,2055
Indian Institute of Technology (BHU) Varanasi,"Ceramic Engineering (5 Years, Bachelor and Master of Technology (Dual Degree))",AI,OBC-NCL,Gender-Neutral,4991,5501
Indian Institute of Technology (BHU) Varanasi,"Ceramic Engineering (5 Years, Bachelor and Master of Technology (Dual Degree))",AI,SC,Gender-Neutral,2997,3005
Indian Institute of Technology (BHU) Varanasi,"Ceramic Engineering (5 Years, Bachelor and Master of Technology (Dual Degree))",AI,SC,Female-only (including Supernumerary),4851,4851
Indian Institute of Technology (BHU) Varanasi,"Ceramic Engineering (5 Years, Bachelor and Master of Technology (Dual Degree))",AI,ST,Gender-Neutral,1456,1456
Indian Institute of Technology (BHU) Varanasi,"Chemical Engineering (4 Years, Bachelor of Technology)",AI,OPEN,Gender-Neutral,4845,7489
Indian Institute of Technology (BHU) Varanasi,"Chemical Engineering (4 Years, Bachelor of Technology)",AI,OPEN,Female-only (including Supernumerary),12307,15385
Indian Institute of Technology (BHU) Varanasi,"Chemical Engineering (4 Years, Bachelor of Technology)",AI,EWS,Gender-Neutral,1045,1283
Indian Institute of Technology (BHU) Varanasi,"Chemical Engineering (4 Years, Bachelor of Technology)",AI,EWS,Female-only (including Supernumerary),2608,2615
Indian Institute of Technology (BHU) Varanasi,"Chemical Engineering (4 Years, Bachelor of Technology)",AI,OBC-NCL,Gender-Neutral,2618,3387
Indian Institute of Technology (BHU) Varanasi,"Chemical Engineering (4 Years, Bachelor of Technology)",AI,OBC-NCL,Female-only (including Supernumerary),6033,7204
Indian Institute of Technology (BHU) Varanasi,"Chemical Engineering (4 Years, Bachelor of Technology)",AI,SC,Gender-Neutral,1637,2068
Indian Institute of Technology (BHU) Varanasi,"Chemical Engineering (4 Years, Bachelor of Technology)",AI,SC,Female-only (including Supernumerary),3129,3755
Indian Institute of Technology (BHU) Varanasi,"Chemical Engineering (4 Years, Bachelor of Technology)",AI,ST,Gender-Neutral,828,939
Indian Institute of Technology (BHU) Varanasi,"Chemical Engineering (4 Years, Bachelor of Technology)",AI,ST,Female-only (including Supernumerary),1802,44P
Indian Institute of Technology (BHU) Varanasi,"Civil Engineering (4 Years, Bachelor of Technology)",AI,OPEN,Gender-Neutral,7205,8613
Indian Institute of Technology (BHU) Varanasi,"Civil Engineering (4 Years, Bachelor of Technology)",AI,OPEN,Female-only (including Supernumerary),15552,18192
Indian Institute of Technology (BHU) Varanasi,"Civil Engineering (4 Years, Bachelor of Technology)",AI,EWS,Gender-Neutral,1168,1405
Indian Institute of Technology (BHU) Varanasi,"Civil Engineering (4 Years, Bachelor of Technology)",AI,EWS,Female-only (including Supernumerary),2725,2829
Indian Institute of Technology (BHU) Varanasi,"Civil Engineering (4 Years, Bachelor of Technology)",AI,OBC-NCL,Gender-Neutral,3186,3819
Indian Institute of Technology (BHU) Varanasi,"Civil Engineering (4 Years, Bachelor of Technology)",AI,OBC-NCL,Female-only (including Supernumerary),7465,7995
Indian Institute of Technology (BHU) Varanasi,"Civil Engineering (4 Years, Bachelor of Technology)",AI,SC,Gender-Neutral,1654,2021
Indian Institute of Technology (BHU) Varanasi,"Civil Engineering (4 Years, Bachelor of Technology)",AI,SC,Female-only (including Supernumerary),3128,3721
Indian Institute of Technology (BHU) Varanasi,"Civil Engineering (4 Years, Bachelor of Technology)",AI,ST,Gender-Neutral,491,633
Indian Institute of Technology (BHU) Varanasi,"Civil Engineering (4 Years, Bachelor of Technology)",AI,ST,Female-only (including Supernumerary),1355,1472
Indian Institute of Technology (BHU) Varanasi,"Civil Engineering (5 Years, Bachelor and Master of Technology (Dual Degree))",AI,OPEN,Gender-Neutral,8533,10339
Indian Institute of Technology (BHU) Varanasi,"Civil Engineering (5 Years, Bachelor and Master of Technology (Dual Degree))",AI,OPEN,Female-only (including Supernumerary),18749,18761
Indian Institute of Technology (BHU) Varanasi,"Civil Engineering (5 Years, Bachelor and Master of Technology (Dual Degree))",AI,EWS,Gender-Neutral,1646,1683
Indian Institute of Technology (BHU) Varanasi,"Civil Engineering (5 Years, Bachelor and Master of Technology (Dual Degree))",AI,EWS,Female-only (including Supernumerary),3587,3587
Indian Institute of Technology (BHU) Varanasi,"Civil Engineering (5 Years, Bachelor and Master of Technology (Dual Degree))",AI,OBC-NCL,Gender-Neutral,3545,4123
Indian Institute of Technology (BHU) Varanasi,"Civil Engineering (5 Years, Bachelor and Master of Technology (Dual Degree))",AI,OBC-NCL,Female-only (including Supernumerary),7141,8759
Indian Institute of Technology (BHU) Varanasi,"Civil Engineering (5 Years, Bachelor and Master of Technology (Dual Degree))",AI,SC,Gender-Neutral,1956,2064
Indian Institute of Technology (BHU) Varanasi,"Civil Engineering (5 Years, Bachelor and Master of Technology (Dual Degree))",AI,SC,Female-only (including Supernumerary),3888,3888
Indian Institute of Technology (BHU) Varanasi,"Civil Engineering (5 Years, Bachelor and Master of Technology (Dual Degree))",AI,ST,Gender-Neutral,712,800
Indian Institute of Technology (BHU) Varanasi,"Computer Science and Engineering (4 Years, Bachelor of Technology)",AI,OPEN,Gender-Neutral,619,1043
Indian Institute of Technology (BHU) Varanasi,"Computer Science and Engineering (4 Years, Bachelor of Technology)",AI,OPEN,Female-only (including Supernumerary),2562,4130
Indian Institute of Technology (BHU) Varanasi,"Computer Science and Engineering (4 Years, Bachelor of Technology)",AI,OPEN (PwD),Gender-Neutral,27,40
Indian Institute of Technology (BHU) Varanasi,"Computer Science and Engineering (4 Years, Bachelor of Technology)",AI,EWS,Gender-Neutral,142,186
Indian Institute of Technology (BHU) Varanasi,"Computer Science and Engineering (4 Years, Bachelor of Technology)",AI,EWS,Female-only (including Supernumerary),507,517
Indian Institute of Technology (BHU) Varanasi,"Computer Science and Engineering (4 Years, Bachelor of Technology)",AI,OBC-NCL,Gender-Neutral,226,478
Indian Institute of Technology (BHU) Varanasi,"Computer Science and Engineering (4 Years, Bachelor of Technology)",AI,OBC-NCL,Female-only (including Supernumerary),880,1487
Indian Institute of Technology (BHU) Varanasi,"Computer Science and Engineering (4 Years, Bachelor of Technology)",AI,OBC-NCL (PwD),Gender-Neutral,14,14
Indian Institute of Technology (BHU) Varanasi,"Computer Science and Engineering (4 Years, Bachelor of Technology)",AI,SC,Gender-Neutral,192,262
Indian Institute of Technology (BHU) Varanasi,"Computer Science and Engineering (4 Years, Bachelor of Technology)",AI,SC,Female-only (including Supernumerary),527,799
Indian Institute of Technology (BHU) Varanasi,"Computer Science and Engineering (4 Years, Bachelor of Technology)",AI,SC (PwD),Gender-Neutral,19P,19P
Indian Institute of Technology (BHU) Varanasi,"Computer Science and Engineering (4 Years, Bachelor of Technology)",AI,ST,Gender-Neutral,77,163
Indian Institute of Technology (BHU) Varanasi,"Computer Science and Engineering (4 Years, Bachelor of Technology)",AI,ST,Female-only (including Supernumerary),254,254
Indian Institute of Technology (BHU) Varanasi,"Computer Science and Engineering (5 Years, Bachelor and Master of Technology (Dual Degree))",AI,OPEN,Gender-Neutral,1069,1457
Indian Institute of Technology (BHU) Varanasi,"Computer Science and Engineering (5 Years, Bachelor and Master of Technology (Dual Degree))",AI,OPEN,Female-only (including Supernumerary),4165,4593
Indian Institute of Technology (BHU) Varanasi,"Computer Science and Engineering (5 Years, Bachelor and Master of Technology (Dual Degree))",AI,EWS,Gender-Neutral,246,247
Indian Institute of Technology (BHU) Varanasi,"Computer Science and Engineering (5 Years, Bachelor and Master of Technology (Dual Degree))",AI,EWS,Female-only (including Supernumerary),1073,1073
Indian Institute of Technology (BHU) Varanasi,"Computer Science and Engineering (5 Years, Bachelor and Master of Technology (Dual Degree))",AI,OBC-NCL,Gender-Neutral,553,727
Indian Institute of Technology (BHU) Varanasi,"Computer Science and Engineering (5 Years, Bachelor and Master of Technology (Dual Degree))",AI,OBC-NCL,Female-only (including Supernumerary),1592,2055
Indian Institute of Technology (BHU) Varanasi,"Computer Science and Engineering (5 Years, Bachelor and Master of Technology (Dual Degree))",AI,OBC-NCL (PwD),Gender-Neutral,45,45
Indian Institute of Technology (BHU) Varanasi,"Computer Science and Engineering (5 Years, Bachelor and Master of Technology (Dual Degree))",AI,SC,Gender-Neutral,300,340
Indian Institute of Technology (BHU) Varanasi,"Computer Science and Engineering (5 Years, Bachelor and Master of Technology (Dual Degree))",AI,SC,Female-only (including Supernumerary),851,851
Indian Institute of Technology (BHU) Varanasi,"Computer Science and Engineering (5 Years, Bachelor and Master of Technology (Dual Degree))",AI,ST,Gender-Neutral,210,279
Indian Institute of Technology (BHU) Varanasi,"Computer Science and Engineering (5 Years, Bachelor and Master of Technology (Dual Degree))",AI,ST,Female-only (including Supernumerary),278,278
Indian Institute of Technology (BHU) Varanasi,"Electrical Engineering (4 Years, Bachelor of Technology)",AI,OPEN,Gender-Neutral,2678,3517
Indian Institute of Technology (BHU) Varanasi,"Electrical Engineering (4 Years, Bachelor of Technology)",AI,OPEN,Female-only (including Supernumerary),6391,8297
Indian Institute of Technology (BHU) Varanasi,"Electrical Engineering (4 Years, Bachelor of Technology)",AI,OPEN (PwD),Gender-Neutral,121P,256P
Indian Institute of Technology (BHU) Varanasi,"Electrical Engineering (4 Years, Bachelor of Technology)",AI,EWS,Gender-Neutral,472,564
Indian Institute of Technology (BHU) Varanasi,"Electrical Engineering (4 Years, Bachelor of Technology)",AI,EWS,Female-only (including Supernumerary),1155,1411
Indian Institute of Technology (BHU) Varanasi,"Electrical Engineering (4 Years, Bachelor of Technology)",AI,OBC-NCL,Gender-Neutral,1026,1496
Indian Institute of Technology (BHU) Varanasi,"Electrical Engineering (4 Years, Bachelor of Technology)",AI,OBC-NCL,Female-only (including Supernumerary),3285,3871
Indian Institute of Technology (BHU) Varanasi,"Electrical Engineering (4 Years, Bachelor of Technology)",AI,OBC-NCL (PwD),Gender-Neutral,123P,149P
Indian Institute of Technology (BHU) Varanasi,"Electrical Engineering (4 Years, Bachelor of Technology)",AI,SC,Gender-Neutral,642,916
Indian Institute of Technology (BHU) Varanasi,"Electrical Engineering (4 Years, Bachelor of Technology)",AI,SC,Female-only (including Supernumerary),1013,2050
Indian Institute of Technology (BHU) Varanasi,"Electrical Engineering (4 Years, Bachelor of Technology)",AI,ST,Gender-Neutral,353,497
Indian Institute of Technology (BHU) Varanasi,"Electrical Engineering (4 Years, Bachelor of Technology)",AI,ST,Female-only (including Supernumerary),754,920
Indian Institute of Technology (BHU) Varanasi,"Electrical Engineering with M.Tech. in Power Electronics (5 Years, Bachelor and Master of Technology (Dual Degree))",AI,OPEN,Gender-Neutral,3665,4473
Indian Institute of Technology (BHU) Varanasi,"Electrical Engineering with M.Tech. in Power Electronics (5 Years, Bachelor and Master of Technology (Dual Degree))",AI,OPEN,Female-only (including Supernumerary),9126,9598
Indian Institute of Technology (BHU) Varanasi,"Electrical Engineering with M.Tech. in Power Electronics (5 Years, Bachelor and Master of Technology (Dual Degree))",AI,EWS,Gender-Neutral,604,637
Indian Institute of Technology (BHU) Varanasi,"Electrical Engineering with M.Tech. in Power Electronics (5 Years, Bachelor and Master of Technology (Dual Degree))",AI,EWS,Female-only (including Supernumerary),2153,2153
Indian Institute of Technology (BHU) Varanasi,"Electrical Engineering with M.Tech. in Power Electronics (5 Years, Bachelor and Master of Technology (Dual Degree))",AI,OBC-NCL,Gender-Neutral,1607,1851
Indian Institute of Technology (BHU) Varanasi,"Electrical Engineering with M.Tech. in Power Electronics (5 Years, Bachelor and Master of Technology (Dual Degree))",AI,OBC-NCL,Female-only (including Supernumerary),4355,4433
Indian Institute of Technology (BHU) Varanasi,"Electrical Engineering with M.Tech. in Power Electronics (5 Years, Bachelor and Master of Technology (Dual Degree))",AI,SC,Gender-Neutral,988,1221
Indian Institute of Technology (BHU) Varanasi,"Electrical Engineering with M.Tech. in Power Electronics (5 Years, Bachelor and Master of Technology (Dual Degree))",AI,SC,Female-only (including Supernumerary),2086,2086
Indian Institute of Technology (BHU) Varanasi,"Electrical Engineering with M.Tech. in Power Electronics (5 Years, Bachelor and Master of Technology (Dual Degree))",AI,ST,Gender-Neutral,468,468
Indian Institute of Technology (BHU) Varanasi,"Electrical Engineering with M.Tech. in Power Electronics (5 Years, Bachelor and Master of Technology (Dual Degree))",AI,ST,Female-only (including Supernumerary),1307,1307
Indian Institute of Technology (BHU) Varanasi,"Electronics Engineering (4 Years, Bachelor of Technology)",AI,OPEN,Gender-Neutral,2110,2667
Indian Institute of Technology (BHU) Varanasi,"Electronics Engineering (4 Years, Bachelor of Technology)",AI,OPEN,Female-only (including Supernumerary),5767,6781
Indian Institute of Technology (BHU) Varanasi,"Electronics Engineering (4 Years, Bachelor of Technology)",AI,OPEN (PwD),Gender-Neutral,150,163
Indian Institute of Technology (BHU) Varanasi,"Electronics Engineering (4 Years, Bachelor of Technology)",AI,OPEN (PwD),Female-only (including Supernumerary),179,179
Indian Institute of Technology (BHU) Varanasi,"Electronics Engineering (4 Years, Bachelor of Technology)",AI,EWS,Gender-Neutral,383,462
Indian Institute of Technology (BHU) Varanasi,"Electronics Engineering (4 Years, Bachelor of Technology)",AI,EWS,Female-only (including Supernumerary),1119,1262
Indian Institute of Technology (BHU) Varanasi,"Electronics Engineering (4 Years, Bachelor of Technology)",AI,EWS (PwD),Gender-Neutral,18P,18P
Indian Institute of Technology (BHU) Varanasi,"Electronics Engineering (4 Years, Bachelor of Technology)",AI,OBC-NCL,Gender-Neutral,1027,1320
Indian Institute of Technology (BHU) Varanasi,"Electronics Engineering (4 Years, Bachelor of Technology)",AI,OBC-NCL,Female-only (including Supernumerary),2395,3241
Indian Institute of Technology (BHU) Varanasi,"Electronics Engineering (4 Years, Bachelor of Technology)",AI,SC,Gender-Neutral,524,808
Indian Institute of Technology (BHU) Varanasi,"Electronics Engineering (4 Years, Bachelor of Technology)",AI,SC,Female-only (including Supernumerary),1552,2012
Indian Institute of Technology (BHU) Varanasi,"Electronics Engineering (4 Years, Bachelor of Technology)",AI,ST,Gender-Neutral,324,421
Indian Institute of Technology (BHU) Varanasi,"Electronics Engineering (4 Years, Bachelor of Technology)",AI,ST,Female-only (including Supernumerary),917,981
Indian Institute of Technology (BHU) Varanasi,"Engineering Physics (5 Years, Bachelor and Master of Technology (Dual Degree))",AI,OPEN,Gender-Neutral,5637,7649
Indian Institute of Technology (BHU) Varanasi,"Engineering Physics (5 Years, Bachelor and Master of Technology (Dual Degree))",AI,OPEN,Female-only (including Supernumerary),16241,16996
Indian Institute of Technology (BHU) Varanasi,"Engineering Physics (5 Years, Bachelor and Master of Technology (Dual Degree))",AI,EWS,Gender-Neutral,1692,1777
Indian Institute of Technology (BHU) Varanasi,"Engineering Physics (5 Years, Bachelor and Master of Technology (Dual Degree))",AI,EWS,Female-only (including Supernumerary),4012,4012
Indian Institute of Technology (BHU) Varanasi,"Engineering Physics (5 Years, Bachelor and Master of Technology (Dual Degree))",AI,OBC-NCL,Gender-Neutral,3447,3874
Indian Institute of Technology (BHU) Varanasi,"Engineering Physics (5 Years, Bachelor and Master of Technology (Dual Degree))",AI,OBC-NCL,Female-only (including Supernumerary),8040,8040
Indian Institute of Technology (BHU) Varanasi,"Engineering Physics (5 Years, Bachelor and Master of Technology (Dual Degree))",AI,SC,Gender-Neutral,1342,2138
Indian Institute of Technology (BHU) Varanasi,"Engineering Physics (5 Years, Bachelor and Master of Technology (Dual Degree))",AI,SC,Female-only (including Supernumerary),4467,4467
Indian Institute of Technology (BHU) Varanasi,"Engineering Physics (5 Years, Bachelor and Master of Technology (Dual Degree))",AI,ST,Gender-Neutral,1256,1271
Indian Institute of Technology (BHU) Varanasi,"Industrial Chemistry (5 Years, Bachelor and Master of Technology (Dual Degree))",AI,OPEN,Gender-Neutral,10813,12241
Indian Institute of Technology (BHU) Varanasi,"Industrial Chemistry (5 Years, Bachelor and Master of Technology (Dual Degree))",AI,OPEN,Female-only (including Supernumerary),18621,22285
Indian Institute of Technology (BHU) Varanasi,"Industrial Chemistry (5 Years, Bachelor and Master of Technology (Dual Degree))",AI,EWS,Gender-Neutral,1951,2077
Indian Institute of Technology (BHU) Varanasi,"Industrial Chemistry (5 Years, Bachelor and Master of Technology (Dual Degree))",AI,OBC-NCL,Gender-Neutral,4645,5474
Indian Institute of Technology (BHU) Varanasi,"Industrial Chemistry (5 Years, Bachelor and Master of Technology (Dual Degree))",AI,OBC-NCL,Female-only (including Supernumerary),8455,8455
Indian Institute of Technology (BHU) Varanasi,"Industrial Chemistry (5 Years, Bachelor and Master of Technology (Dual Degree))",AI,SC,Gender-Neutral,2581,2983
Indian Institute of Technology (BHU) Varanasi,"Industrial Chemistry (5 Years, Bachelor and Master of Technology (Dual Degree))",AI,SC,Female-only (including Supernumerary),4487,4487
Indian Institute of Technology (BHU) Varanasi,"Industrial Chemistry (5 Years, Bachelor and Master of Technology (Dual Degree))",AI,ST,Gender-Neutral,1380,1465
Indian Institute of Technology (BHU) Varanasi,"Materials Science and Technology (5 Years, Bachelor and Master of Technology (Dual Degree))",AI,OPEN,Gender-Neutral,8540,11530
Indian Institute of Technology (BHU) Varanasi,"Materials Science and Technology (5 Years, Bachelor and Master of Technology (Dual Degree))",AI,OPEN,Female-only (including Supernumerary),19448,19700
Indian Institute of Technology (BHU) Varanasi,"Materials Science and Technology (5 Years, Bachelor and Master of Technology (Dual Degree))",AI,EWS,Gender-Neutral,1827,1889
Indian Institute of Technology (BHU) Varanasi,"Materials Science and Technology (5 Years, Bachelor and Master of Technology (Dual Degree))",AI,EWS,Female-only (including Supernumerary),3310,3310
Indian Institute of Technology (BHU) Varanasi,"Materials Science and Technology (5 Years, Bachelor and Master of Technology (Dual Degree))",AI,OBC-NCL,Gender-Neutral,4791,5276
Indian Institute of Technology (BHU) Varanasi,"Materials Science and Technology (5 Years, Bachelor and Master of Technology (Dual Degree))",AI,SC,Gender-Neutral,2637,2797
Indian Institute of Technology (BHU) Varanasi,"Materials Science and Technology (5 Years, Bachelor and Master of Technology (Dual Degree))",AI,SC,Female-only (including Supernumerary),4376,4439
Indian Institute of Technology (BHU) Varanasi,"Materials Science and Technology (5 Years, Bachelor and Master of Technology (Dual Degree))",AI,ST,Gender-Neutral,1448,1448
Indian Institute of Technology (BHU) Varanasi,"Mathematics and Computing (5 Years, Bachelor and Master of Technology (Dual Degree))",AI,OPEN,Gender-Neutral,1538,2129
Indian Institute of Technology (BHU) Varanasi,"Mathematics and Computing (5 Years, Bachelor and Master of Technology (Dual Degree))",AI,OPEN,Female-only (including Supernumerary),4954,5970
Indian Institute of Technology (BHU) Varanasi,"Mathematics and Computing (5 Years, Bachelor and Master of Technology (Dual Degree))",AI,OPEN (PwD),Gender-Neutral,121,121
Indian Institute of Technology (BHU) Varanasi,"Mathematics and Computing (5 Years, Bachelor and Master of Technology (Dual Degree))",AI,EWS,Gender-Neutral,310,346
Indian Institute of Technology (BHU) Varanasi,"Mathematics and Computing (5 Years, Bachelor and Master of Technology (Dual Degree))",AI,EWS,Female-only (including Supernumerary),1105,1105
Indian Institute of Technology (BHU) Varanasi,"Mathematics and Computing (5 Years, Bachelor and Master of Technology (Dual Degree))",AI,OBC-NCL,Gender-Neutral,780,993
Indian Institute of Technology (BHU) Varanasi,"Mathematics and Computing (5 Years, Bachelor and Master of Technology (Dual Degree))",AI,OBC-NCL,Female-only (including Supernumerary),2578,2726
Indian Institute of Technology (BHU) Varanasi,"Mathematics and Computing (5 Years, Bachelor and Master of Technology (Dual Degree))",AI,SC,Gender-Neutral,501,672
Indian Institute of Technology (BHU) Varanasi,"Mathematics and Computing (5 Years, Bachelor and Master of Technology (Dual Degree))",AI,SC,Female-only (including Supernumerary),675,675
Indian Institute of Technology (BHU) Varanasi,"Mathematics and Computing (5 Years, Bachelor and Master of Technology (Dual Degree))",AI,ST,Gender-Neutral,316,385
Indian Institute of Technology (BHU) Varanasi,"Mathematics and Computing (5 Years, Bachelor and Master of Technology (Dual Degree))",AI,ST,Female-only (including Supernumerary),831,831
Indian Institute of Technology (BHU) Varanasi,"Mechanical Engineering (4 Years, Bachelor of Technology)",AI,OPEN,Gender-Neutral,4029,6046
Indian Institute of Technology (BHU) Varanasi,"Mechanical Engineering (4 Years, Bachelor of Technology)",AI,OPEN,Female-only (including Supernumerary),11549,14395
Indian Institute of Technology (BHU) Varanasi,"Mechanical Engineering (4 Years, Bachelor of Technology)",AI,OPEN (PwD),Gender-Neutral,243P,243P
Indian Institute of Technology (BHU) Varanasi,"Mechanical Engineering (4 Years, Bachelor of Technology)",AI,EWS,Gender-Neutral,786,1064
Indian Institute of Technology (BHU) Varanasi,"Mechanical Engineering (4 Years, Bachelor of Technology)",AI,EWS,Female-only (including Supernumerary),2275,2556
Indian Institute of Technology (BHU) Varanasi,"Mechanical Engineering (4 Years, Bachelor of Technology)",AI,OBC-NCL,Gender-Neutral,2060,2816
Indian Institute of Technology (BHU) Varanasi,"Mechanical Engineering (4 Years, Bachelor of Technology)",AI,OBC-NCL,Female-only (including Supernumerary),5376,6402
Indian Institute of Technology (BHU) Varanasi,"Mechanical Engineering (4 Years, Bachelor of Technology)",AI,SC,Gender-Neutral,1126,1646
Indian Institute of Technology (BHU) Varanasi,"Mechanical Engineering (4 Years, Bachelor of Technology)",AI,SC,Female-only (including Supernumerary),2870,3603
Indian Institute of Technology (BHU) Varanasi,"Mechanical Engineering (4 Years, Bachelor of Technology)",AI,ST,Gender-Neutral,600,756
Indian Institute of Technology (BHU) Varanasi,"Mechanical Engineering (4 Years, Bachelor of Technology)",AI,ST,Female-only (including Supernumerary),1409,1585
Indian Institute of Technology (BHU) Varanasi,"Mechanical Engineering (5 Years, Bachelor and Master of Technology (Dual Degree))",AI,OPEN,Gender-Neutral,6264,7244
Indian Institute of Technology (BHU) Varanasi,"Mechanical Engineering (5 Years, Bachelor and Master of Technology (Dual Degree))",AI,OPEN,Female-only (including Supernumerary),14319,14984
Indian Institute of Technology (BHU) Varanasi,"Mechanical Engineering (5 Years, Bachelor and Master of Technology (Dual Degree))",AI,EWS,Gender-Neutral,1244,1248
Indian Institute of Technology (BHU) Varanasi,"Mechanical Engineering (5 Years, Bachelor and Master of Technology (Dual Degree))",AI,EWS,Female-only (including Supernumerary),2594,2594
Indian Institute of Technology (BHU) Varanasi,"Mechanical Engineering (5 Years, Bachelor and Master of Technology (Dual Degree))",AI,OBC-NCL,Gender-Neutral,2746,3138
Indian Institute of Technology (BHU) Varanasi,"Mechanical Engineering (5 Years, Bachelor and Master of Technology (Dual Degree))",AI,OBC-NCL,Female-only (including Supernumerary),6603,6772
Indian Institute of Technology (BHU) Varanasi,"Mechanical Engineering (5 Years, Bachelor and Master of Technology (Dual Degree))",AI,SC,Gender-Neutral,1588,1781
Indian Institute of Technology (BHU) Varanasi,"Mechanical Engineering (5 Years, Bachelor and Master of Technology (Dual Degree))",AI,ST,Gender-Neutral,970,1006
Indian Institute of Technology (BHU) Varanasi,"Mechanical Engineering (5 Years, Bachelor and Master of Technology (Dual Degree))",AI,ST,Female-only (including Supernumerary),267P,267P
Indian Institute of Technology (BHU) Varanasi,"Metallurgical Engineering (4 Years, Bachelor of Technology)",AI,OPEN,Gender-Neutral,7680,10030
Indian Institute of Technology (BHU) Varanasi,"Metallurgical Engineering (4 Years, Bachelor of Technology)",AI,OPEN,Female-only (including Supernumerary),16385,18873
Indian Institute of Technology (BHU) Varanasi,"Metallurgical Engineering (4 Years, Bachelor of Technology)",AI,EWS,Gender-Neutral,1473,1666
Indian Institute of Technology (BHU) Varanasi,"Metallurgical Engineering (4 Years, Bachelor of Technology)",AI,EWS,Female-only (including Supernumerary),3003,3151
Indian Institute of Technology (BHU) Varanasi,"Metallurgical Engineering (4 Years, Bachelor of Technology)",AI,OBC-NCL,Gender-Neutral,3739,4436
Indian Institute of Technology (BHU) Varanasi,"Metallurgical Engineering (4 Years, Bachelor of Technology)",AI,OBC-NCL,Female-only (including Supernumerary),8302,8528
Indian Institute of Technology (BHU) Varanasi,"Metallurgical Engineering (4 Years, Bachelor of Technology)",AI,SC,Gender-Neutral,2177,2390
Indian Institute of Technology (BHU) Varanasi,"Metallurgical Engineering (4 Years, Bachelor of Technology)",AI,SC,Female-only (including Supernumerary),3929,4295
Indian Institute of Technology (BHU) Varanasi,"Metallurgical Engineering (4 Years, Bachelor of Technology)",AI,ST,Gender-Neutral,1115,1296
Indian Institute of Technology (BHU) Varanasi,"Metallurgical Engineering (4 Years, Bachelor of Technology)",AI,ST,Female-only (including Supernumerary),358P,386P
Indian Institute of Technology (BHU) Varanasi,"Metallurgical Engineering (5 Years, Bachelor and Master of Technology (Dual Degree))",AI,OPEN,Gender-Neutral,10573,11097
Indian Institute of Technology (BHU) Varanasi,"Metallurgical Engineering (5 Years, Bachelor and Master of Technology (Dual Degree))",AI,OPEN,Female-only (including Supernumerary),16837,20653
Indian Institute of Technology (BHU) Varanasi,"Metallurgical Engineering (5 Years, Bachelor and Master of Technology (Dual Degree))",AI,EWS,Gender-Neutral,1840,1892
Indian Institute of Technology (BHU) Varanasi,"Metallurgical Engineering (5 Years, Bachelor and Master of Technology (Dual Degree))",AI,EWS,Female-only (including Supernumerary),3491,3491
Indian Institute of Technology (BHU) Varanasi,"Metallurgical Engineering (5 Years, Bachelor and Master of Technology (Dual Degree))",AI,OBC-NCL,Gender-Neutral,4471,4737
Indian Institute of Technology (BHU) Varanasi,"Metallurgical Engineering (5 Years, Bachelor and Master of Technology (Dual Degree))",AI,OBC-NCL,Female-only (including Supernumerary),8536,8536
Indian Institute of Technology (BHU) Varanasi,"Metallurgical Engineering (5 Years, Bachelor and Master of Technology (Dual Degree))",AI,SC,Gender-Neutral,2721,2740
Indian Institute of Technology (BHU) Varanasi,"Metallurgical Engineering (5 Years, Bachelor and Master of Technology (Dual Degree))",AI,SC,Female-only (including Supernumerary),4086,4086
Indian Institute of Technology (BHU) Varanasi,"Metallurgical Engineering (5 Years, Bachelor and Master of Technology (Dual Degree))",AI,ST,Gender-Neutral,1352,1356
Indian Institute of Technology (BHU) Varanasi,"Mining Engineering (4 Years, Bachelor of Technology)",AI,OPEN,Gender-Neutral,10101,12336
Indian Institute of Technology (BHU) Varanasi,"Mining Engineering (4 Years, Bachelor of Technology)",AI,OPEN,Female-only (including Supernumerary),19613,22821
Indian Institute of Technology (BHU) Varanasi,"Mining Engineering (4 Years, Bachelor of Technology)",AI,EWS,Gender-Neutral,1745,1998
Indian Institute of Technology (BHU) Varanasi,"Mining Engineering (4 Years, Bachelor of Technology)",AI,EWS,Female-only (including Supernumerary),3550,3574
Indian Institute of Technology (BHU) Varanasi,"Mining Engineering (4 Years, Bachelor of Technology)",AI,OBC-NCL,Gender-Neutral,4081,4976
Indian Institute of Technology (BHU) Varanasi,"Mining Engineering (4 Years, Bachelor of Technology)",AI,OBC-NCL,Female-only (including Supernumerary),8101,9144
Indian Institute of Technology (BHU) Varanasi,"Mining Engineering (4 Years, Bachelor of Technology)",AI,SC,Gender-Neutral,2435,2871
Indian Institute of Technology (BHU) Varanasi,"Mining Engineering (4 Years, Bachelor of Technology)",AI,SC,Female-only (including Supernumerary),4563,4767
Indian Institute of Technology (BHU) Varanasi,"Mining Engineering (4 Years, Bachelor of Technology)",AI,ST,Gender-Neutral,1186,1293
Indian Institute of Technology (BHU) Varanasi,"Mining Engineering (4 Years, Bachelor of Technology)",AI,ST,Female-only (including Supernumerary),496P,728P
Indian Institute of Technology (BHU) Varanasi,"Mining Engineering (5 Years, Bachelor and Master of Technology (Dual Degree))",AI,OPEN,Gender-Neutral,11109,13562
Indian Institute of Technology (BHU) Varanasi,"Mining Engineering (5 Years, Bachelor and Master of Technology (Dual Degree))",AI,OPEN,Female-only (including Supernumerary),23057,23182
Indian Institute of Technology (BHU) Varanasi,"Mining Engineering (5 Years, Bachelor and Master of Technology (Dual Degree))",AI,EWS,Gender-Neutral,2229,2250
Indian Institute of Technology (BHU) Varanasi,"Mining Engineering (5 Years, Bachelor and Master of Technology (Dual Degree))",AI,OBC-NCL,Gender-Neutral,5004,5338
Indian Institute of Technology (BHU) Varanasi,"Mining Engineering (5 Years, Bachelor and Master of Technology (Dual Degree))",AI,SC,Gender-Neutral,2850,3044
Indian Institute of Technology (BHU) Varanasi,"Mining Engineering (5 Years, Bachelor and Master of Technology (Dual Degree))",AI,SC,Female-only (including Supernumerary),4853,4853
Indian Institute of Technology (BHU) Varanasi,"Mining Engineering (5 Years, Bachelor and Master of Technology (Dual Degree))",AI,ST,Gender-Neutral,1140,1140
Indian Institute of Technology (BHU) Varanasi,"Mining Engineering (5 Years, Bachelor and Master of Technology (Dual Degree))",AI,ST,Female-only (including Supernumerary),905P,905P
Indian Institute of Technology (BHU) Varanasi,"Pharmaceutical Engineering & Technology (4 Years, Bachelor of Technology)",AI,OPEN,Gender-Neutral,10385,12794
Indian Institute of Technology (BHU) Varanasi,"Pharmaceutical Engineering & Technology (4 Years, Bachelor of Technology)",AI,OPEN,Female-only (including Supernumerary),18955,21356
Indian Institute of Technology (BHU) Varanasi,"Pharmaceutical Engineering & Technology (4 Years, Bachelor of Technology)",AI,EWS,Gender-Neutral,1900,2044
Indian Institute of Technology (BHU) Varanasi,"Pharmaceutical Engineering & Technology (4 Years, Bachelor of Technology)",AI,EWS,Female-only (including Supernumerary),3647,3700
Indian Institute of Technology (BHU) Varanasi,"Pharmaceutical Engineering & Technology (4 Years, Bachelor of Technology)",AI,OBC-NCL,Gender-Neutral,4175,5392
Indian Institute of Technology (BHU) Varanasi,"Pharmaceutical Engineering & Technology (4 Years, Bachelor of Technology)",AI,OBC-NCL,Female-only (including Supernumerary),8658,9257
Indian Institute of Technology (BHU) Varanasi,"Pharmaceutical Engineering & Technology (4 Years, Bachelor of Technology)",AI,SC,Gender-Neutral,2748,3071
Indian Institute of Technology (BHU) Varanasi,"Pharmaceutical Engineering & Technology (4 Years, Bachelor of Technology)",AI,SC,Female-only (including Supernumerary),4590,4816
Indian Institute of Technology (BHU) Varanasi,"Pharmaceutical Engineering & Technology (4 Years, Bachelor of Technology)",AI,ST,Gender-Neutral,1241,1449
Indian Institute of Technology (BHU) Varanasi,"Pharmaceutical Engineering & Technology (4 Years, Bachelor of Technology)",AI,ST,Female-only (including Supernumerary),500P,500P
Indian Institute of Technology (BHU) Varanasi,"Pharmaceutical Engineering & Technology (5 Years, Bachelor and Master of Technology (Dual Degree))",AI,OPEN,Gender-Neutral,13232,13626
Indian Institute of Technology (BHU) Varanasi,"Pharmaceutical Engineering & Technology (5 Years, Bachelor and Master of Technology (Dual Degree))",AI,OPEN,Female-only (including Supernumerary),21585,22641
Indian Institute of Technology (BHU) Varanasi,"Pharmaceutical Engineering & Technology (5 Years, Bachelor and Master of Technology (Dual Degree))",AI,EWS,Gender-Neutral,2089,2100
Indian Institute of Technology (BHU) Varanasi,"Pharmaceutical Engineering & Technology (5 Years, Bachelor and Master of Technology (Dual Degree))",AI,OBC-NCL,Gender-Neutral,5454,5509
Indian Institute of Technology (BHU) Varanasi,"Pharmaceutical Engineering & Technology (5 Years, Bachelor and Master of Technology (Dual Degree))",AI,SC,Gender-Neutral,3118,3135
Indian Institute of Technology (BHU) Varanasi,"Pharmaceutical Engineering & Technology (5 Years, Bachelor and Master of Technology (Dual Degree))",AI,SC,Female-only (including Supernumerary),4524,4524
Indian Institute of Technology (BHU) Varanasi,"Pharmaceutical Engineering & Technology (5 Years, Bachelor and Master of Technology (Dual Degree))",AI,ST,Gender-Neutral,1476,1478
Indian Institute of Technology Guwahati,"Biosciences and Bioengineering (4 Years, Bachelor of Technology)",AI,OPEN,Gender-Neutral,6812,8400
Indian Institute of Technology Guwahati,"Biosciences and Bioengineering (4 Years, Bachelor of Technology)",AI,OPEN,Female-only (including Supernumerary),14009,16814
Indian Institute of Technology Guwahati,"Biosciences and Bioengineering (4 Years, Bachelor of Technology)",AI,EWS,Gender-Neutral,1224,1486
Indian Institute of Technology Guwahati,"Biosciences and Bioengineering (4 Years, Bachelor of Technology)",AI,EWS,Female-only (including Supernumerary),3055,3292
Indian Institute of Technology Guwahati,"Biosciences and Bioengineering (4 Years, Bachelor of Technology)",AI,OBC-NCL,Gender-Neutral,3576,4033
Indian Institute of Technology Guwahati,"Biosciences and Bioengineering (4 Years, Bachelor of Technology)",AI,OBC-NCL,Female-only (including Supernumerary),7488,8178
Indian Institute of Technology Guwahati,"Biosciences and Bioengineering (4 Years, Bachelor of Technology)",AI,SC,Gender-Neutral,2139,2588
Indian Institute of Technology Guwahati,"Biosciences and Bioengineering (4 Years, Bachelor of Technology)",AI,SC,Female-only (including Supernumerary),3345,3913
Indian Institute of Technology Guwahati,"Biosciences and Bioengineering (4 Years, Bachelor of Technology)",AI,ST,Gender-Neutral,1198,1312
Indian Institute of Technology Guwahati,"Biosciences and Bioengineering (4 Years, Bachelor of Technology)",AI,ST,Female-only (including Supernumerary),1766,1766
Indian Institute of Technology Guwahati,"Chemical Engineering (4 Years, Bachelor of Technology)",AI,OPEN,Gender-Neutral,4515,5253
Indian Institute of Technology Guwahati,"Chemical Engineering (4 Years, Bachelor of Technology)",AI,OPEN,Female-only (including Supernumerary),11547,12064
Indian Institute of Technology Guwahati,"Chemical Engineering (4 Years, Bachelor of Technology)",AI,EWS,Gender-Neutral,817,936
Indian Institute of Technology Guwahati,"Chemical Engineering (4 Years, Bachelor of Technology)",AI,EWS,Female-only (including Supernumerary),2203,2270
Indian Institute of Technology Guwahati,"Chemical Engineering (4 Years, Bachelor of Technology)",AI,OBC-NCL,Gender-Neutral,2374,2581
Indian Institute of Technology Guwahati,"Chemical Engineering (4 Years, Bachelor of Technology)",AI,OBC-NCL,Female-only (including Supernumerary),5489,5757
Indian Institute of Technology Guwahati,"Chemical Engineering (4 Years, Bachelor of Technology)",AI,SC,Gender-Neutral,1224,1375
Indian Institute of Technology Guwahati,"Chemical Engineering (4 Years, Bachelor of Technology)",AI,SC,Female-only (including Supernumerary),2450,2736
Indian Institute of Technology Guwahati,"Chemical Engineering (4 Years, Bachelor of Technology)",AI,ST,Gender-Neutral,743,811
Indian Institute of Technology Guwahati,"Chemical Engineering (4 Years, Bachelor of Technology)",AI,ST,Female-only (including Supernumerary),1317,1398
Indian Institute of Technology Guwahati,"Chemical Science and Technology (4 Years, Bachelor of Technology)",AI,OPEN,Gender-Neutral,5331,6549
Indian Institute of Technology Guwahati,"Chemical Science and Technology (4 Years, Bachelor of Technology)",AI,OPEN,Female-only (including Supernumerary),11731,13653
Indian Institute of Technology Guwahati,"Chemical Science and Technology (4 Years, Bachelor of Technology)",AI,EWS,Gender-Neutral,1082,1198
Indian Institute of Technology Guwahati,"Chemical Science and Technology (4 Years, Bachelor of Technology)",AI,EWS,Female-only (including Supernumerary),2349,2349
Indian Institute of Technology Guwahati,"Chemical Science and Technology (4 Years, Bachelor of Technology)",AI,OBC-NCL,Gender-Neutral,2271,3307
Indian Institute of Technology Guwahati,"Chemical Science and Technology (4 Years, Bachelor of Technology)",AI,OBC-NCL,Female-only (including Supernumerary),6121,6685
Indian Institute of Technology Guwahati,"Chemical Science and Technology (4 Years, Bachelor of Technology)",AI,SC,Gender-Neutral,1554,1868
Indian Institute of Technology Guwahati,"Chemical Science and Technology (4 Years, Bachelor of Technology)",AI,SC,Female-only (including Supernumerary),3483,3516
Indian Institute of Technology Guwahati,"Chemical Science and Technology (4 Years, Bachelor of Technology)",AI,ST,Gender-Neutral,869,993
Indian Institute of Technology Guwahati,"Chemical Science and Technology (4 Years, Bachelor of Technology)",AI,ST,Female-only (including Supernumerary),916,916
Indian Institute of Technology Guwahati,"Civil Engineering (4 Years, Bachelor of Technology)",AI,OPEN,Gender-Neutral,5869,7142
Indian Institute of Technology Guwahati,"Civil Engineering (4 Years, Bachelor of Technology)",AI,OPEN,Female-only (including Supernumerary),14725,15917
Indian Institute of Technology Guwahati,"Civil Engineering (4 Years, Bachelor of Technology)",AI,EWS,Gender-Neutral,1178,1245
Indian Institute of Technology Guwahati,"Civil Engineering (4 Years, Bachelor of Technology)",AI,EWS,Female-only (including Supernumerary),2478,2545
Indian Institute of Technology Guwahati,"Civil Engineering (4 Years, Bachelor of Technology)",AI,OBC-NCL,Gender-Neutral,2946,3249
Indian Institute of Technology Guwahati,"Civil Engineering (4 Years, Bachelor of Technology)",AI,OBC-NCL,Female-only (including Supernumerary),6011,6888
Indian Institute of Technology Guwahati,"Civil Engineering (4 Years, Bachelor of Technology)",AI,SC,Gender-Neutral,1509,1681
Indian Institute of Technology Guwahati,"Civil Engineering (4 Years, Bachelor of Technology)",AI,SC,Female-only (including Supernumerary),3091,3290
Indian Institute of Technology Guwahati,"Civil Engineering (4 Years, Bachelor of Technology)",AI,ST,Gender-Neutral,361,608
Indian Institute of Technology Guwahati,"Civil Engineering (4 Years, Bachelor of Technology)",AI,ST,Female-only (including Supernumerary),670,1246
Indian Institute of Technology Guwahati,"Computer Science and Engineering (4 Years, Bachelor of Technology)",AI,OPEN,Gender-Neutral,466,612
Indian Institute of Technology Guwahati,"Computer Science and Engineering (4 Years, Bachelor of Technology)",AI,OPEN,Female-only (including Supernumerary),1788,2095
Indian Institute of Technology Guwahati,"Computer Science and Engineering (4 Years, Bachelor of Technology)",AI,OPEN (PwD),Gender-Neutral,26,26
Indian Institute of Technology Guwahati,"Computer Science and Engineering (4 Years, Bachelor of Technology)",AI,OPEN (PwD),Female-only (including Supernumerary),119,119
Indian Institute of Technology Guwahati,"Computer Science and Engineering (4 Years, Bachelor of Technology)",AI,EWS,Gender-Neutral,87,115
Indian Institute of Technology Guwahati,"Computer Science and Engineering (4 Years, Bachelor of Technology)",AI,EWS,Female-only (including Supernumerary),419,419
Indian Institute of Technology Guwahati,"Computer Science and Engineering (4 Years, Bachelor of Technology)",AI,EWS (PwD),Gender-Neutral,6,6
Indian Institute of Technology Guwahati,"Computer Science and Engineering (4 Years, Bachelor of Technology)",AI,EWS (PwD),Female-only (including Supernumerary),31,31
Indian Institute of Technology Guwahati,"Computer Science and Engineering (4 Years, Bachelor of Technology)",AI,OBC-NCL,Gender-Neutral,212,339
Indian Institute of Technology Guwahati,"Computer Science and Engineering (4 Years, Bachelor of Technology)",AI,OBC-NCL,Female-only (including Supernumerary),862,948
Indian Institute of Technology Guwahati,"Computer Science and Engineering (4 Years, Bachelor of Technology)",AI,OBC-NCL (PwD),Gender-Neutral,13,13
Indian Institute of Technology Guwahati,"Computer Science and Engineering (4 Years, Bachelor of Technology)",AI,SC,Gender-Neutral,134,181
Indian Institute of Technology Guwahati,"Computer Science and Engineering (4 Years, Bachelor of Technology)",AI,SC,Female-only (including Supernumerary),474,620
Indian Institute of Technology Guwahati,"Computer Science and Engineering (4 Years, Bachelor of Technology)",AI,SC (PwD),Gender-Neutral,4P,4P
Indian Institute of Technology Guwahati,"Computer Science and Engineering (4 Years, Bachelor of Technology)",AI,ST,Gender-Neutral,74,100
Indian Institute of Technology Guwahati,"Computer Science and Engineering (4 Years, Bachelor of Technology)",AI,ST,Female-only (including Supernumerary),231,263
Indian Institute of Technology Guwahati,"Data Science and Artificial Intelligence (4 Years, Bachelor of Technology)",AI,OPEN,Gender-Neutral,829,981
Indian Institute of Technology Guwahati,"Data Science and Artificial Intelligence (4 Years, Bachelor of Technology)",AI,OPEN,Female-only (including Supernumerary),2228,2748
Indian Institute of Technology Guwahati,"Data Science and Artificial Intelligence (4 Years, Bachelor of Technology)",AI,EWS,Gender-Neutral,134,140
Indian Institute of Technology Guwahati,"Data Science and Artificial Intelligence (4 Years, Bachelor of Technology)",AI,EWS,Female-only (including Supernumerary),493,493
Indian Institute of Technology Guwahati,"Data Science and Artificial Intelligence (4 Years, Bachelor of Technology)",AI,OBC-NCL,Gender-Neutral,360,479
Indian Institute of Technology Guwahati,"Data Science and Artificial Intelligence (4 Years, Bachelor of Technology)",AI,OBC-NCL,Female-only (including Supernumerary),1151,1186
Indian Institute of Technology Guwahati,"Data Science and Artificial Intelligence (4 Years, Bachelor of Technology)",AI,SC,Gender-Neutral,228,293
Indian Institute of Technology Guwahati,"Data Science and Artificial Intelligence (4 Years, Bachelor of Technology)",AI,SC,Female-only (including Supernumerary),847,847
Indian Institute of Technology Guwahati,"Data Science and Artificial Intelligence (4 Years, Bachelor of Technology)",AI,ST,Gender-Neutral,140,160
Indian Institute of Technology Guwahati,"Data Science and Artificial Intelligence (4 Years, Bachelor of Technology)",AI,ST,Female-only (including Supernumerary),379,379
Indian Institute of Technology Guwahati,"Electronics and Communication Engineering (4 Years, Bachelor of Technology)",AI,OPEN,Gender-Neutral,1447,1615
Indian Institute of Technology Guwahati,"Electronics and Communication Engineering (4 Years, Bachelor of Technology)",AI,OPEN,Female-only (including Supernumerary),3688,4501
Indian Institute of Technology Guwahati,"Electronics and Communication Engineering (4 Years, Bachelor of Technology)",AI,OPEN (PwD),Gender-Neutral,74,92
Indian Institute of Technology Guwahati,"Electronics and Communication Engineering (4 Years, Bachelor of Technology)",AI,OPEN (PwD),Female-only (including Supernumerary),283P,283P
Indian Institute of Technology Guwahati,"Electronics and Communication Engineering (4 Years, Bachelor of Technology)",AI,EWS,Gender-Neutral,243,292
Indian Institute of Technology Guwahati,"Electronics and Communication Engineering (4 Years, Bachelor of Technology)",AI,EWS,Female-only (including Supernumerary),901,915
Indian Institute of Technology Guwahati,"Electronics and Communication Engineering (4 Years, Bachelor of Technology)",AI,EWS (PwD),Gender-Neutral,6P,6P
Indian Institute of Technology Guwahati,"Electronics and Communication Engineering (4 Years, Bachelor of Technology)",AI,OBC-NCL,Gender-Neutral,614,855
Indian Institute of Technology Guwahati,"Electronics and Communication Engineering (4 Years, Bachelor of Technology)",AI,OBC-NCL,Female-only (including Supernumerary),2114,2462
Indian Institute of Technology Guwahati,"Electronics and Communication Engineering (4 Years, Bachelor of Technology)",AI,OBC-NCL (PwD),Gender-Neutral,22P,22P
Indian Institute of Technology Guwahati,"Electronics and Communication Engineering (4 Years, Bachelor of Technology)",AI,SC,Gender-Neutral,351,485
Indian Institute of Technology Guwahati,"Electronics and Communication Engineering (4 Years, Bachelor of Technology)",AI,SC,Female-only (including Supernumerary),1230,1422
Indian Institute of Technology Guwahati,"Electronics and Communication Engineering (4 Years, Bachelor of Technology)",AI,SC (PwD),Gender-Neutral,13P,13P
Indian Institute of Technology Guwahati,"Electronics and Communication Engineering (4 Years, Bachelor of Technology)",AI,ST,Gender-Neutral,204,282
Indian Institute of Technology Guwahati,"Electronics and Communication Engineering (4 Years, Bachelor of Technology)",AI,ST,Female-only (including Supernumerary),556,556
Indian Institute of Technology Guwahati,"Electronics and Electrical Engineering (4 Years, Bachelor of Technology)",AI,OPEN,Gender-Neutral,1686,2126
Indian Institute of Technology Guwahati,"Electronics and Electrical Engineering (4 Years, Bachelor of Technology)",AI,OPEN,Female-only (including Supernumerary),4504,5827
Indian Institute of Technology Guwahati,"Electronics and Electrical Engineering (4 Years, Bachelor of Technology)",AI,OPEN (PwD),Gender-Neutral,157,157
Indian Institute of Technology Guwahati,"Electronics and Electrical Engineering (4 Years, Bachelor of Technology)",AI,EWS,Gender-Neutral,344,375
Indian Institute of Technology Guwahati,"Electronics and Electrical Engineering (4 Years, Bachelor of Technology)",AI,EWS,Female-only (including Supernumerary),1131,1131
Indian Institute of Technology Guwahati,"Electronics and Electrical Engineering (4 Years, Bachelor of Technology)",AI,OBC-NCL,Gender-Neutral,861,1020
Indian Institute of Technology Guwahati,"Electronics and Electrical Engineering (4 Years, Bachelor of Technology)",AI,OBC-NCL,Female-only (including Supernumerary),2364,3045
Indian Institute of Technology Guwahati,"Electronics and Electrical Engineering (4 Years, Bachelor of Technology)",AI,OBC-NCL (PwD),Gender-Neutral,81P,81P
Indian Institute of Technology Guwahati,"Electronics and Electrical Engineering (4 Years, Bachelor of Technology)",AI,SC,Gender-Neutral,556,585
Indian Institute of Technology Guwahati,"Electronics and Electrical Engineering (4 Years, Bachelor of Technology)",AI,SC,Female-only (including Supernumerary),1423,1429
Indian Institute of Technology Guwahati,"Electronics and Electrical Engineering (4 Years, Bachelor of Technology)",AI,ST,Gender-Neutral,108,328
Indian Institute of Technology Guwahati,"Electronics and Electrical Engineering (4 Years, Bachelor of Technology)",AI,ST,Female-only (including Supernumerary),663,663
Indian Institute of Technology Guwahati,"Energy Engineering (4 Years, Bachelor of Technology)",AI,OPEN,Gender-Neutral,4960,5482
Indian Institute of Technology Guwahati,"Energy Engineering (4 Years, Bachelor of Technology)",AI,OPEN,Female-only (including Supernumerary),9754,11615
Indian Institute of Technology Guwahati,"Energy Engineering (4 Years, Bachelor of Technology)",AI,EWS,Gender-Neutral,1046,1076
Indian Institute of Technology Guwahati,"Energy Engineering (4 Years, Bachelor of Technology)",AI,OBC-NCL,Gender-Neutral,2328,2802
Indian Institute of Technology Guwahati,"Energy Engineering (4 Years, Bachelor of Technology)",AI,OBC-NCL,Female-only (including Supernumerary),6588,6588
Indian Institute of Technology Guwahati,"Energy Engineering (4 Years, Bachelor of Technology)",AI,SC,Gender-Neutral,1495,1682
Indian Institute of Technology Guwahati,"Energy Engineering (4 Years, Bachelor of Technology)",AI,SC,Female-only (including Supernumerary),2698,2698
Indian Institute of Technology Guwahati,"Energy Engineering (4 Years, Bachelor of Technology)",AI,ST,Gender-Neutral,720,720
Indian Institute of Technology Guwahati,"Engineering Physics (4 Years, Bachelor of Technology)",AI,OPEN,Gender-Neutral,3815,5493
Indian Institute of Technology Guwahati,"Engineering Physics (4 Years, Bachelor of Technology)",AI,OPEN,Female-only (including Supernumerary),10217,14111
Indian Institute of Technology Guwahati,"Engineering Physics (4 Years, Bachelor of Technology)",AI,EWS,Gender-Neutral,1007,1267
Indian Institute of Technology Guwahati,"Engineering Physics (4 Years, Bachelor of Technology)",AI,EWS,Female-only (including Supernumerary),2192,2192
Indian Institute of Technology Guwahati,"Engineering Physics (4 Years, Bachelor of Technology)",AI,OBC-NCL,Gender-Neutral,2648,2993
Indian Institute of Technology Guwahati,"Engineering Physics (4 Years, Bachelor of Technology)",AI,OBC-NCL,Female-only (including Supernumerary),4962,7221
Indian Institute of Technology Guwahati,"Engineering Physics (4 Years, Bachelor of Technology)",AI,SC,Gender-Neutral,1642,1965
Indian Institute of Technology Guwahati,"Engineering Physics (4 Years, Bachelor of Technology)",AI,SC,Female-only (including Supernumerary),3264,3315
Indian Institute of Technology Guwahati,"Engineering Physics (4 Years, Bachelor of Technology)",AI,ST,Gender-Neutral,1130,1165
Indian Institute of Technology Guwahati,"Engineering Physics (4 Years, Bachelor of Technology)",AI,ST,Female-only (including Supernumerary),1719,1719
Indian Institute of Technology Guwahati,"Mathematics and Computing (4 Years, Bachelor of Technology)",AI,OPEN,Gender-Neutral,621,1010
Indian Institute of Technology Guwahati,"Mathematics and Computing (4 Years, Bachelor of Technology)",AI,OPEN,Female-only (including Supernumerary),2578,3214
Indian Institute of Technology Guwahati,"Mathematics and Computing (4 Years, Bachelor of Technology)",AI,OPEN (PwD),Gender-Neutral,67,67
Indian Institute of Technology Guwahati,"Mathematics and Computing (4 Years, Bachelor of Technology)",AI,EWS,Gender-Neutral,128,176
Indian Institute of Technology Guwahati,"Mathematics and Computing (4 Years, Bachelor of Technology)",AI,EWS,Female-only (including Supernumerary),649,743
Indian Institute of Technology Guwahati,"Mathematics and Computing (4 Years, Bachelor of Technology)",AI,OBC-NCL,Gender-Neutral,372,582
Indian Institute of Technology Guwahati,"Mathematics and Computing (4 Years, Bachelor of Technology)",AI,OBC-NCL,Female-only (including Supernumerary),1179,1649
Indian Institute of Technology Guwahati,"Mathematics and Computing (4 Years, Bachelor of Technology)",AI,OBC-NCL (PwD),Gender-Neutral,49P,49P
Indian Institute of Technology Guwahati,"Mathematics and Computing (4 Years, Bachelor of Technology)",AI,SC,Gender-Neutral,272,393
Indian Institute of Technology Guwahati,"Mathematics and Computing (4 Years, Bachelor of Technology)",AI,SC,Female-only (including Supernumerary),952,1164
Indian Institute of Technology Guwahati,"Mathematics and Computing (4 Years, Bachelor of Technology)",AI,ST,Gender-Neutral,195,227
Indian Institute of Technology Guwahati,"Mathematics and Computing (4 Years, Bachelor of Technology)",AI,ST,Female-only (including Supernumerary),533,533
Indian Institute of Technology Guwahati,"Mechanical Engineering (4 Years, Bachelor of Technology)",AI,OPEN,Gender-Neutral,3130,4292
Indian Institute of Technology Guwahati,"Mechanical Engineering (4 Years, Bachelor of Technology)",AI,OPEN,Female-only (including Supernumerary),7018,11405
Indian Institute of Technology Guwahati,"Mechanical Engineering (4 Years, Bachelor of Technology)",AI,OPEN (PwD),Gender-Neutral,261P,261P
Indian Institute of Technology Guwahati,"Mechanical Engineering (4 Years, Bachelor of Technology)",AI,EWS,Gender-Neutral,639,768
Indian Institute of Technology Guwahati,"Mechanical Engineering (4 Years, Bachelor of Technology)",AI,EWS,Female-only (including Supernumerary),1794,2116
Indian Institute of Technology Guwahati,"Mechanical Engineering (4 Years, Bachelor of Technology)",AI,OBC-NCL,Gender-Neutral,1778,2128
Indian Institute of Technology Guwahati,"Mechanical Engineering (4 Years, Bachelor of Technology)",AI,OBC-NCL,Female-only (including Supernumerary),4122,5125
Indian Institute of Technology Guwahati,"Mechanical Engineering (4 Years, Bachelor of Technology)",AI,SC,Gender-Neutral,613,1094
Indian Institute of Technology Guwahati,"Mechanical Engineering (4 Years, Bachelor of Technology)",AI,SC,Female-only (including Supernumerary),2299,2687
Indian Institute of Technology Guwahati,"Mechanical Engineering (4 Years, Bachelor of Technology)",AI,ST,Gender-Neutral,453,579
Indian Institute of Technology Guwahati,"Mechanical Engineering (4 Years, Bachelor of Technology)",AI,ST,Female-only (including Supernumerary),947,1436
Indian Institute of Technology Bhilai,"Computer Science and Engineering (4 Years, Bachelor of Technology)",AI,OPEN,Gender-Neutral,3471,5932
Indian Institute of Technology Bhilai,"Computer Science and Engineering (4 Years, Bachelor of Technology)",AI,OPEN,Female-only (including Supernumerary),10240,11544
Indian Institute of Technology Bhilai,"Computer Science and Engineering (4 Years, Bachelor of Technology)",AI,OPEN (PwD),Gender-Neutral,124P,124P
Indian Institute of Technology Bhilai,"Computer Science and Engineering (4 Years, Bachelor of Technology)",AI,EWS,Gender-Neutral,745,945
Indian Institute of Technology Bhilai,"Computer Science and Engineering (4 Years, Bachelor of Technology)",AI,EWS,Female-only (including Supernumerary),2023,2023
Indian Institute of Technology Bhilai,"Computer Science and Engineering (4 Years, Bachelor of Technology)",AI,OBC-NCL,Gender-Neutral,2173,2470
Indian Institute of Technology Bhilai,"Computer Science and Engineering (4 Years, Bachelor of Technology)",AI,OBC-NCL,Female-only (including Supernumerary),3453,5333
Indian Institute of Technology Bhilai,"Computer Science and Engineering (4 Years, Bachelor of Technology)",AI,SC,Gender-Neutral,879,1021
Indian Institute of Technology Bhilai,"Computer Science and Engineering (4 Years, Bachelor of Technology)",AI,SC,Female-only (including Supernumerary),2083,2194
Indian Institute of Technology Bhilai,"Computer Science and Engineering (4 Years, Bachelor of Technology)",AI,ST,Gender-Neutral,209,612
Indian Institute of Technology Bhilai,"Data Science and Artificial Intelligence (4 Years, Bachelor of Technology)",AI,OPEN,Gender-Neutral,4567,6738
Indian Institute of Technology Bhilai,"Data Science and Artificial Intelligence (4 Years, Bachelor of Technology)",AI,OPEN,Female-only (including Supernumerary),12695,13424
Indian Institute of Technology Bhilai,"Data Science and Artificial Intelligence (4 Years, Bachelor of Technology)",AI,OPEN (PwD),Gender-Neutral,126P,126P
Indian Institute of Technology Bhilai,"Data Science and Artificial Intelligence (4 Years, Bachelor of Technology)",AI,EWS,Gender-Neutral,1009,1086
Indian Institute of Technology Bhilai,"Data Science and Artificial Intelligence (4 Years, Bachelor of Technology)",AI,EWS,Female-only (including Supernumerary),2172,2172
Indian Institute of Technology Bhilai,"Data Science and Artificial Intelligence (4 Years, Bachelor of Technology)",AI,OBC-NCL,Gender-Neutral,2482,2712
Indian Institute of Technology Bhilai,"Data Science and Artificial Intelligence (4 Years, Bachelor of Technology)",AI,OBC-NCL,Female-only (including Supernumerary),5797,5994
Indian Institute of Technology Bhilai,"Data Science and Artificial Intelligence (4 Years, Bachelor of Technology)",AI,SC,Gender-Neutral,1191,1332
Indian Institute of Technology Bhilai,"Data Science and Artificial Intelligence (4 Years, Bachelor of Technology)",AI,SC,Female-only (including Supernumerary),2443,2443
Indian Institute of Technology Bhilai,"Data Science and Artificial Intelligence (4 Years, Bachelor of Technology)",AI,ST,Gender-Neutral,613,687
Indian Institute of Technology Bhilai,"Electrical Engineering (4 Years, Bachelor of Technology)",AI,OPEN,Gender-Neutral,6981,9561
Indian Institute of Technology Bhilai,"Electrical Engineering (4 Years, Bachelor of Technology)",AI,OPEN,Female-only (including Supernumerary),16904,17561
Indian Institute of Technology Bhilai,"Electrical Engineering (4 Years, Bachelor of Technology)",AI,EWS,Gender-Neutral,1452,1528
Indian Institute of Technology Bhilai,"Electrical Engineering (4 Years, Bachelor of Technology)",AI,EWS,Female-only (including Supernumerary),2529,2529
Indian Institute of Technology Bhilai,"Electrical Engineering (4 Years, Bachelor of Technology)",AI,OBC-NCL,Gender-Neutral,3003,3998
Indian Institute of Technology Bhilai,"Electrical Engineering (4 Years, Bachelor of Technology)",AI,OBC-NCL,Female-only (including Supernumerary),7109,7435
Indian Institute of Technology Bhilai,"Electrical Engineering (4 Years, Bachelor of Technology)",AI,SC,Gender-Neutral,1803,2112
Indian Institute of Technology Bhilai,"Electrical Engineering (4 Years, Bachelor of Technology)",AI,SC,Female-only (including Supernumerary),3134,3408
Indian Institute of Technology Bhilai,"Electrical Engineering (4 Years, Bachelor of Technology)",AI,ST,Gender-Neutral,826,1068
Indian Institute of Technology Bhilai,"Electrical Engineering (4 Years, Bachelor of Technology)",AI,ST,Female-only (including Supernumerary),1521,1521
Indian Institute of Technology Bhilai,"Electronics and Communication Engineering (4 Years, Bachelor of Technology)",AI,OPEN,Gender-Neutral,7067,8725
Indian Institute of Technology Bhilai,"Electronics and Communication Engineering (4 Years, Bachelor of Technology)",AI,OPEN,Female-only (including Supernumerary),15017,15657
Indian Institute of Technology Bhilai,"Electronics and Communication Engineering (4 Years, Bachelor of Technology)",AI,OPEN (PwD),Gender-Neutral,343P,343P
Indian Institute of Technology Bhilai,"Electronics and Communication Engineering (4 Years, Bachelor of Technology)",AI,EWS,Gender-Neutral,1261,1279
Indian Institute of Technology Bhilai,"Electronics and Communication Engineering (4 Years, Bachelor of Technology)",AI,EWS,Female-only (including Supernumerary),2335,2335
Indian Institute of Technology Bhilai,"Electronics and Communication Engineering (4 Years, Bachelor of Technology)",AI,OBC-NCL,Gender-Neutral,2811,3450
Indian Institute of Technology Bhilai,"Electronics and Communication Engineering (4 Years, Bachelor of Technology)",AI,OBC-NCL,Female-only (including Supernumerary),6070,7148
Indian Institute of Technology Bhilai,"Electronics and Communication Engineering (4 Years, Bachelor of Technology)",AI,SC,Gender-Neutral,1814,1889
Indian Institute of Technology Bhilai,"Electronics and Communication Engineering (4 Years, Bachelor of Technology)",AI,SC,Female-only (including Supernumerary),2952,2952
Indian Institute of Technology Bhilai,"Electronics and Communication Engineering (4 Years, Bachelor of Technology)",AI,ST,Gender-Neutral,777,850
Indian Institute of Technology Bhilai,"Electronics and Communication Engineering (4 Years, Bachelor of Technology)",AI,ST,Female-only (including Supernumerary),1506,1506
Indian Institute of Technology Bhilai,"Materials Science and Metallurgical Engineering (4 Years, Bachelor of Technology)",AI,OPEN,Gender-Neutral,14069,14622
Indian Institute of Technology Bhilai,"Materials Science and Metallurgical Engineering (4 Years, Bachelor of Technology)",AI,OPEN,Female-only (including Supernumerary),23330,23440
Indian Institute of Technology Bhilai,"Materials Science and Metallurgical Engineering (4 Years, Bachelor of Technology)",AI,EWS,Gender-Neutral,2217,2245
Indian Institute of Technology Bhilai,"Materials Science and Metallurgical Engineering (4 Years, Bachelor of Technology)",AI,OBC-NCL,Gender-Neutral,5647,5702
Indian Institute of Technology Bhilai,"Materials Science and Metallurgical Engineering (4 Years, Bachelor of Technology)",AI,SC,Gender-Neutral,2826,3057
Indian Institute of Technology Bhilai,"Materials Science and Metallurgical Engineering (4 Years, Bachelor of Technology)",AI,SC,Female-only (including Supernumerary),4504,4504
Indian Institute of Technology Bhilai,"Materials Science and Metallurgical Engineering (4 Years, Bachelor of Technology)",AI,ST,Gender-Neutral,1379,1379
Indian Institute of Technology Bhilai,"Mechanical Engineering (4 Years, Bachelor of Technology)",AI,OPEN,Gender-Neutral,10330,11628
Indian Institute of Technology Bhilai,"Mechanical Engineering (4 Years, Bachelor of Technology)",AI,OPEN,Female-only (including Supernumerary),19505,22364
Indian Institute of Technology Bhilai,"Mechanical Engineering (4 Years, Bachelor of Technology)",AI,EWS,Gender-Neutral,1720,1883
Indian Institute of Technology Bhilai,"Mechanical Engineering (4 Years, Bachelor of Technology)",AI,EWS,Female-only (including Supernumerary),3468,3468
Indian Institute of Technology Bhilai,"Mechanical Engineering (4 Years, Bachelor of Technology)",AI,OBC-NCL,Gender-Neutral,4449,4757
Indian Institute of Technology Bhilai,"Mechanical Engineering (4 Years, Bachelor of Technology)",AI,OBC-NCL,Female-only (including Supernumerary),8617,8967
Indian Institute of Technology Bhilai,"Mechanical Engineering (4 Years, Bachelor of Technology)",AI,SC,Gender-Neutral,2330,2558
Indian Institute of Technology Bhilai,"Mechanical Engineering (4 Years, Bachelor of Technology)",AI,SC,Female-only (including Supernumerary),4142,4142
Indian Institute of Technology Bhilai,"Mechanical Engineering (4 Years, Bachelor of Technology)",AI,ST,Gender-Neutral,1152,1183
Indian Institute of Technology Bhilai,"Mechanical Engineering (4 Years, Bachelor of Technology)",AI,ST,Female-only (including Supernumerary),306P,306P
Indian Institute of Technology Bhilai,"Mechatronics Engineering (4 Years, Bachelor of Technology)",AI,OPEN,Gender-Neutral,6516,9811
Indian Institute of Technology Bhilai,"Mechatronics Engineering (4 Years, Bachelor of Technology)",AI,OPEN,Female-only (including Supernumerary),15399,15399
Indian Institute of Technology Bhilai,"Mechatronics Engineering (4 Years, Bachelor of Technology)",AI,EWS,Gender-Neutral,1739,1739
Indian Institute of Technology Bhilai,"Mechatronics Engineering (4 Years, Bachelor of Technology)",AI,EWS,Female-only (including Supernumerary),3236,3236
Indian Institute of Technology Bhilai,"Mechatronics Engineering (4 Years, Bachelor of Technology)",AI,OBC-NCL,Gender-Neutral,3016,4511
Indian Institute of Technology Bhilai,"Mechatronics Engineering (4 Years, Bachelor of Technology)",AI,OBC-NCL,Female-only (including Supernumerary),7479,7479
Indian Institute of Technology Bhilai,"Mechatronics Engineering (4 Years, Bachelor of Technology)",AI,SC,Gender-Neutral,1872,2189
Indian Institute of Technology Bhilai,"Mechatronics Engineering (4 Years, Bachelor of Technology)",AI,ST,Gender-Neutral,1204,1327
Indian Institute of Technology Bhilai,"Mechatronics Engineering (4 Years, Bachelor of Technology)",AI,ST,Female-only (including Supernumerary),622P,622P
Indian Institute of Technology Goa,"Computer Science and Engineering (4 Years, Bachelor of Technology)",AI,OPEN,Gender-Neutral,3758,4700
Indian Institute of Technology Goa,"Computer Science and Engineering (4 Years, Bachelor of Technology)",AI,OPEN,Female-only (including Supernumerary),8906,10895
Indian Institute of Technology Goa,"Computer Science and Engineering (4 Years, Bachelor of Technology)",AI,EWS,Gender-Neutral,647,727
Indian Institute of Technology Goa,"Computer Science and Engineering (4 Years, Bachelor of Technology)",AI,EWS,Female-only (including Supernumerary),2155,2155
Indian Institute of Technology Goa,"Computer Science and Engineering (4 Years, Bachelor of Technology)",AI,OBC-NCL,Gender-Neutral,1756,2002
Indian Institute of Technology Goa,"Computer Science and Engineering (4 Years, Bachelor of Technology)",AI,OBC-NCL,Female-only (including Supernumerary),4318,5336
Indian Institute of Technology Goa,"Computer Science and Engineering (4 Years, Bachelor of Technology)",AI,OBC-NCL (PwD),Gender-Neutral,120P,120P
Indian Institute of Technology Goa,"Computer Science and Engineering (4 Years, Bachelor of Technology)",AI,SC,Gender-Neutral,732,1024
Indian Institute of Technology Goa,"Computer Science and Engineering (4 Years, Bachelor of Technology)",AI,SC,Female-only (including Supernumerary),968,968
Indian Institute of Technology Goa,"Computer Science and Engineering (4 Years, Bachelor of Technology)",AI,ST,Gender-Neutral,399,519
Indian Institute of Technology Goa,"Computer Science and Engineering (4 Years, Bachelor of Technology)",AI,ST,Female-only (including Supernumerary),1272,1272
Indian Institute of Technology Goa,"Electrical Engineering (4 Years, Bachelor of Technology)",AI,OPEN,Gender-Neutral,6319,8052
Indian Institute of Technology Goa,"Electrical Engineering (4 Years, Bachelor of Technology)",AI,OPEN,Female-only (including Supernumerary),15014,16435
Indian Institute of Technology Goa,"Electrical Engineering (4 Years, Bachelor of Technology)",AI,EWS,Gender-Neutral,1286,1406
Indian Institute of Technology Goa,"Electrical Engineering (4 Years, Bachelor of Technology)",AI,EWS,Female-only (including Supernumerary),2588,2588
Indian Institute of Technology Goa,"Electrical Engineering (4 Years, Bachelor of Technology)",AI,OBC-NCL,Gender-Neutral,2992,3443
Indian Institute of Technology Goa,"Electrical Engineering (4 Years, Bachelor of Technology)",AI,OBC-NCL,Female-only (including Supernumerary),6649,7240
Indian Institute of Technology Goa,"Electrical Engineering (4 Years, Bachelor of Technology)",AI,SC,Gender-Neutral,1771,1884
Indian Institute of Technology Goa,"Electrical Engineering (4 Years, Bachelor of Technology)",AI,SC,Female-only (including Supernumerary),2935,2935
Indian Institute of Technology Goa,"Electrical Engineering (4 Years, Bachelor of Technology)",AI,ST,Gender-Neutral,926,961
Indian Institute of Technology Goa,"Electrical Engineering (4 Years, Bachelor of Technology)",AI,ST,Female-only (including Supernumerary),1660,1660
Indian Institute of Technology Goa,"Mathematics and Computing (4 Years, Bachelor of Technology)",AI,OPEN,Gender-Neutral,4713,6197
Indian Institute of Technology Goa,"Mathematics and Computing (4 Years, Bachelor of Technology)",AI,OPEN,Female-only (including Supernumerary),11151,13030
Indian Institute of Technology Goa,"Mathematics and Computing (4 Years, Bachelor of Technology)",AI,EWS,Gender-Neutral,918,980
Indian Institute of Technology Goa,"Mathematics and Computing (4 Years, Bachelor of Technology)",AI,OBC-NCL,Gender-Neutral,2103,2593
Indian Institute of Technology Goa,"Mathematics and Computing (4 Years, Bachelor of Technology)",AI,OBC-NCL,Female-only (including Supernumerary),4746,5327
Indian Institute of Technology Goa,"Mathematics and Computing (4 Years, Bachelor of Technology)",AI,SC,Gender-Neutral,1318,1557
Indian Institute of Technology Goa,"Mathematics and Computing (4 Years, Bachelor of Technology)",AI,ST,Gender-Neutral,787,814
Indian Institute of Technology Goa,"Mechanical Engineering (4 Years, Bachelor of Technology)",AI,OPEN,Gender-Neutral,9043,10869
Indian Institute of Technology Goa,"Mechanical Engineering (4 Years, Bachelor of Technology)",AI,OPEN,Female-only (including Supernumerary),17042,19611
Indian Institute of Technology Goa,"Mechanical Engineering (4 Years, Bachelor of Technology)",AI,EWS,Gender-Neutral,1682,1758
Indian Institute of Technology Goa,"Mechanical Engineering (4 Years, Bachelor of Technology)",AI,EWS,Female-only (including Supernumerary),3178,3178
Indian Institute of Technology Goa,"Mechanical Engineering (4 Years, Bachelor of Technology)",AI,OBC-NCL,Gender-Neutral,4105,4553
Indian Institute of Technology Goa,"Mechanical Engineering (4 Years, Bachelor of Technology)",AI,OBC-NCL,Female-only (including Supernumerary),8653,9014
Indian Institute of Technology Goa,"Mechanical Engineering (4 Years, Bachelor of Technology)",AI,SC,Gender-Neutral,2175,2350
Indian Institute of Technology Goa,"Mechanical Engineering (4 Years, Bachelor of Technology)",AI,SC,Female-only (including Supernumerary),4006,4019
Indian Institute of Technology Goa,"Mechanical Engineering (4 Years, Bachelor of Technology)",AI,ST,Gender-Neutral,1065,1110
Indian Institute of Technology Goa,"Mechanical Engineering (4 Years, Bachelor of Technology)",AI,ST,Female-only (including Supernumerary),544P,544P
Indian Institute of Technology Palakkad,"Civil Engineering (4 Years, Bachelor of Technology)",AI,OPEN,Gender-Neutral,12348,14327
Indian Institute of Technology Palakkad,"Civil Engineering (4 Years, Bachelor of Technology)",AI,OPEN,Female-only (including Supernumerary),19444,21989
Indian Institute of Technology Palakkad,"Civil Engineering (4 Years, Bachelor of Technology)",AI,EWS,Gender-Neutral,2163,2311
Indian Institute of Technology Palakkad,"Civil Engineering (4 Years, Bachelor of Technology)",AI,EWS,Female-only (including Supernumerary),3827,3827
Indian Institute of Technology Palakkad,"Civil Engineering (4 Years, Bachelor of Technology)",AI,OBC-NCL,Gender-Neutral,4276,5355
Indian Institute of Technology Palakkad,"Civil Engineering (4 Years, Bachelor of Technology)",AI,OBC-NCL,Female-only (including Supernumerary),8619,9281
Indian Institute of Technology Palakkad,"Civil Engineering (4 Years, Bachelor of Technology)",AI,SC,Gender-Neutral,2629,2825
Indian Institute of Technology Palakkad,"Civil Engineering (4 Years, Bachelor of Technology)",AI,SC,Female-only (including Supernumerary),4172,4172
Indian Institute of Technology Palakkad,"Civil Engineering (4 Years, Bachelor of Technology)",AI,ST,Gender-Neutral,1153,1153
Indian Institute of Technology Palakkad,"Civil Engineering (4 Years, Bachelor of Technology)",AI,ST,Female-only (including Supernumerary),141P,141P
Indian Institute of Technology Palakkad,"Computer Science and Engineering (4 Years, Bachelor of Technology)",AI,OPEN,Gender-Neutral,4513,5556
Indian Institute of Technology Palakkad,"Computer Science and Engineering (4 Years, Bachelor of Technology)",AI,OPEN,Female-only (including Supernumerary),8303,9127
Indian Institute of Technology Palakkad,"Computer Science and Engineering (4 Years, Bachelor of Technology)",AI,OPEN (PwD),Female-only (including Supernumerary),371P,371P
Indian Institute of Technology Palakkad,"Computer Science and Engineering (4 Years, Bachelor of Technology)",AI,EWS,Gender-Neutral,741,801
Indian Institute of Technology Palakkad,"Computer Science and Engineering (4 Years, Bachelor of Technology)",AI,EWS,Female-only (including Supernumerary),1841,1841
Indian Institute of Technology Palakkad,"Computer Science and Engineering (4 Years, Bachelor of Technology)",AI,OBC-NCL,Gender-Neutral,1567,2038
Indian Institute of Technology Palakkad,"Computer Science and Engineering (4 Years, Bachelor of Technology)",AI,OBC-NCL,Female-only (including Supernumerary),3591,3962
Indian Institute of Technology Palakkad,"Computer Science and Engineering (4 Years, Bachelor of Technology)",AI,OBC-NCL (PwD),Gender-Neutral,41P,41P
Indian Institute of Technology Palakkad,"Computer Science and Engineering (4 Years, Bachelor of Technology)",AI,SC,Gender-Neutral,475,1097
Indian Institute of Technology Palakkad,"Computer Science and Engineering (4 Years, Bachelor of Technology)",AI,SC,Female-only (including Supernumerary),1821,1821
Indian Institute of Technology Palakkad,"Computer Science and Engineering (4 Years, Bachelor of Technology)",AI,ST,Gender-Neutral,537,564
Indian Institute of Technology Palakkad,"Computer Science and Engineering (4 Years, Bachelor of Technology)",AI,ST,Female-only (including Supernumerary),834,834
Indian Institute of Technology Palakkad,"Data Science and Engineering (4 Years, Bachelor of Technology)",AI,OPEN,Gender-Neutral,5877,6965
Indian Institute of Technology Palakkad,"Data Science and Engineering (4 Years, Bachelor of Technology)",AI,OPEN,Female-only (including Supernumerary),12138,13283
Indian Institute of Technology Palakkad,"Data Science and Engineering (4 Years, Bachelor of Technology)",AI,OPEN (PwD),Gender-Neutral,214P,214P
Indian Institute of Technology Palakkad,"Data Science and Engineering (4 Years, Bachelor of Technology)",AI,EWS,Gender-Neutral,1054,1148
Indian Institute of Technology Palakkad,"Data Science and Engineering (4 Years, Bachelor of Technology)",AI,EWS,Female-only (including Supernumerary),2033,2033
Indian Institute of Technology Palakkad,"Data Science and Engineering (4 Years, Bachelor of Technology)",AI,OBC-NCL,Gender-Neutral,2412,2788
Indian Institute of Technology Palakkad,"Data Science and Engineering (4 Years, Bachelor of Technology)",AI,OBC-NCL,Female-only (including Supernumerary),4822,5639
Indian Institute of Technology Palakkad,"Data Science and Engineering (4 Years, Bachelor of Technology)",AI,SC,Gender-Neutral,1371,1602
Indian Institute of Technology Palakkad,"Data Science and Engineering (4 Years, Bachelor of Technology)",AI,SC,Female-only (including Supernumerary),2742,2742
Indian Institute of Technology Palakkad,"Data Science and Engineering (4 Years, Bachelor of Technology)",AI,ST,Gender-Neutral,718,722
Indian Institute of Technology Palakkad,"Data Science and Engineering (4 Years, Bachelor of Technology)",AI,ST,Female-only (including Supernumerary),1275,1275
Indian Institute of Technology Palakkad,"Electrical Engineering (4 Years, Bachelor of Technology)",AI,OPEN,Gender-Neutral,7307,9234
Indian Institute of Technology Palakkad,"Electrical Engineering (4 Years, Bachelor of Technology)",AI,OPEN,Female-only (including Supernumerary),12222,14972
Indian Institute of Technology Palakkad,"Electrical Engineering (4 Years, Bachelor of Technology)",AI,EWS,Gender-Neutral,1207,1268
Indian Institute of Technology Palakkad,"Electrical Engineering (4 Years, Bachelor of Technology)",AI,EWS,Female-only (including Supernumerary),2247,2247
Indian Institute of Technology Palakkad,"Electrical Engineering (4 Years, Bachelor of Technology)",AI,OBC-NCL,Gender-Neutral,3180,3608
Indian Institute of Technology Palakkad,"Electrical Engineering (4 Years, Bachelor of Technology)",AI,OBC-NCL,Female-only (including Supernumerary),6969,7181
Indian Institute of Technology Palakkad,"Electrical Engineering (4 Years, Bachelor of Technology)",AI,SC,Gender-Neutral,1886,2040
Indian Institute of Technology Palakkad,"Electrical Engineering (4 Years, Bachelor of Technology)",AI,SC,Female-only (including Supernumerary),2488,2488
Indian Institute of Technology Palakkad,"Electrical Engineering (4 Years, Bachelor of Technology)",AI,ST,Gender-Neutral,896,965
Indian Institute of Technology Palakkad,"Electrical Engineering (4 Years, Bachelor of Technology)",AI,ST,Female-only (including Supernumerary),1552,1552
Indian Institute of Technology Palakkad,"Mechanical Engineering (4 Years, Bachelor of Technology)",AI,OPEN,Gender-Neutral,10016,11302
Indian Institute of Technology Palakkad,"Mechanical Engineering (4 Years, Bachelor of Technology)",AI,OPEN,Female-only (including Supernumerary),15990,20869
Indian Institute of Technology Palakkad,"Mechanical Engineering (4 Years, Bachelor of Technology)",AI,EWS,Gender-Neutral,1604,1710
Indian Institute of Technology Palakkad,"Mechanical Engineering (4 Years, Bachelor of Technology)",AI,EWS,Female-only (including Supernumerary),3701,3701
Indian Institute of Technology Palakkad,"Mechanical Engineering (4 Years, Bachelor of Technology)",AI,OBC-NCL,Gender-Neutral,3458,4545
Indian Institute of Technology Palakkad,"Mechanical Engineering (4 Years, Bachelor of Technology)",AI,OBC-NCL,Female-only (including Supernumerary),7669,8130
Indian Institute of Technology Palakkad,"Mechanical Engineering (4 Years, Bachelor of Technology)",AI,SC,Gender-Neutral,2018,2396
Indian Institute of Technology Palakkad,"Mechanical Engineering (4 Years, Bachelor of Technology)",AI,SC,Female-only (including Supernumerary),3546,3546
Indian Institute of Technology Palakkad,"Mechanical Engineering (4 Years, Bachelor of Technology)",AI,ST,Gender-Neutral,1119,1187
Indian Institute of Technology Palakkad,"Mechanical Engineering (4 Years, Bachelor of Technology)",AI,ST,Female-only (including Supernumerary),1786,1786
Indian Institute of Technology Tirupati,"Chemical Engineering (4 Years, Bachelor of Technology)",AI,OPEN,Gender-Neutral,9547,12791
Indian Institute of Technology Tirupati,"Chemical Engineering (4 Years, Bachelor of Technology)",AI,OPEN,Female-only (including Supernumerary),16106,19963
Indian Institute of Technology Tirupati,"Chemical Engineering (4 Years, Bachelor of Technology)",AI,EWS,Gender-Neutral,1916,1953
Indian Institute of Technology Tirupati,"Chemical Engineering (4 Years, Bachelor of Technology)",AI,EWS,Female-only (including Supernumerary),3426,3426
Indian Institute of Technology Tirupati,"Chemical Engineering (4 Years, Bachelor of Technology)",AI,OBC-NCL,Gender-Neutral,4690,5177
Indian Institute of Technology Tirupati,"Chemical Engineering (4 Years, Bachelor of Technology)",AI,OBC-NCL,Female-only (including Supernumerary),6944,7516
Indian Institute of Technology Tirupati,"Chemical Engineering (4 Years, Bachelor of Technology)",AI,SC,Gender-Neutral,2406,2694
Indian Institute of Technology Tirupati,"Chemical Engineering (4 Years, Bachelor of Technology)",AI,SC,Female-only (including Supernumerary),4007,4007
Indian Institute of Technology Tirupati,"Chemical Engineering (4 Years, Bachelor of Technology)",AI,ST,Gender-Neutral,1245,1263
Indian Institute of Technology Tirupati,"Chemical Engineering (4 Years, Bachelor of Technology)",AI,ST,Female-only (including Supernumerary),1789,1789
Indian Institute of Technology Tirupati,"Civil Engineering (4 Years, Bachelor of Technology)",AI,OPEN,Gender-Neutral,11383,14312
Indian Institute of Technology Tirupati,"Civil Engineering (4 Years, Bachelor of Technology)",AI,OPEN,Female-only (including Supernumerary),21110,21534
Indian Institute of Technology Tirupati,"Civil Engineering (4 Years, Bachelor of Technology)",AI,EWS,Gender-Neutral,2041,2201
Indian Institute of Technology Tirupati,"Civil Engineering (4 Years, Bachelor of Technology)",AI,EWS,Female-only (including Supernumerary),3528,3528
Indian Institute of Technology Tirupati,"Civil Engineering (4 Years, Bachelor of Technology)",AI,OBC-NCL,Gender-Neutral,4477,5303
Indian Institute of Technology Tirupati,"Civil Engineering (4 Years, Bachelor of Technology)",AI,OBC-NCL,Female-only (including Supernumerary),7602,8332
Indian Institute of Technology Tirupati,"Civil Engineering (4 Years, Bachelor of Technology)",AI,SC,Gender-Neutral,2565,2620
Indian Institute of Technology Tirupati,"Civil Engineering (4 Years, Bachelor of Technology)",AI,SC,Female-only (including Supernumerary),3875,3875
Indian Institute of Technology Tirupati,"Civil Engineering (4 Years, Bachelor of Technology)",AI,ST,Gender-Neutral,994,994
Indian Institute of Technology Tirupati,"Civil Engineering (4 Years, Bachelor of Technology)",AI,ST,Female-only (including Supernumerary),236P,236P
Indian Institute of Technology Tirupati,"Computer Science and Engineering (4 Years, Bachelor of Technology)",AI,OPEN,Gender-Neutral,1915,4522
Indian Institute of Technology Tirupati,"Computer Science and Engineering (4 Years, Bachelor of Technology)",AI,OPEN,Female-only (including Supernumerary),5737,6324
Indian Institute of Technology Tirupati,"Computer Science and Engineering (4 Years, Bachelor of Technology)",AI,OPEN (PwD),Gender-Neutral,14P,37P
Indian Institute of Technology Tirupati,"Computer Science and Engineering (4 Years, Bachelor of Technology)",AI,EWS,Gender-Neutral,512,672
Indian Institute of Technology Tirupati,"Computer Science and Engineering (4 Years, Bachelor of Technology)",AI,EWS,Female-only (including Supernumerary),913,913
Indian Institute of Technology Tirupati,"Computer Science and Engineering (4 Years, Bachelor of Technology)",AI,OBC-NCL,Gender-Neutral,1242,1644
Indian Institute of Technology Tirupati,"Computer Science and Engineering (4 Years, Bachelor of Technology)",AI,OBC-NCL,Female-only (including Supernumerary),2907,3291
Indian Institute of Technology Tirupati,"Computer Science and Engineering (4 Years, Bachelor of Technology)",AI,OBC-NCL (PwD),Gender-Neutral,51P,51P
Indian Institute of Technology Tirupati,"Computer Science and Engineering (4 Years, Bachelor of Technology)",AI,SC,Gender-Neutral,343,1057
Indian Institute of Technology Tirupati,"Computer Science and Engineering (4 Years, Bachelor of Technology)",AI,SC,Female-only (including Supernumerary),1419,1419
Indian Institute of Technology Tirupati,"Computer Science and Engineering (4 Years, Bachelor of Technology)",AI,SC (PwD),Gender-Neutral,24P,24P
Indian Institute of Technology Tirupati,"Computer Science and Engineering (4 Years, Bachelor of Technology)",AI,ST,Gender-Neutral,129,492
Indian Institute of Technology Tirupati,"Computer Science and Engineering (4 Years, Bachelor of Technology)",AI,ST,Female-only (including Supernumerary),750,750
Indian Institute of Technology Tirupati,"Electrical Engineering (4 Years, Bachelor of Technology)",AI,OPEN,Gender-Neutral,6236,7787
Indian Institute of Technology Tirupati,"Electrical Engineering (4 Years, Bachelor of Technology)",AI,OPEN,Female-only (including Supernumerary),7711,12402
Indian Institute of Technology Tirupati,"Electrical Engineering (4 Years, Bachelor of Technology)",AI,EWS,Gender-Neutral,993,1291
Indian Institute of Technology Tirupati,"Electrical Engineering (4 Years, Bachelor of Technology)",AI,EWS,Female-only (including Supernumerary),2441,2441
Indian Institute of Technology Tirupati,"Electrical Engineering (4 Years, Bachelor of Technology)",AI,OBC-NCL,Gender-Neutral,2177,3389
Indian Institute of Technology Tirupati,"Electrical Engineering (4 Years, Bachelor of Technology)",AI,OBC-NCL,Female-only (including Supernumerary),4823,6912
Indian Institute of Technology Tirupati,"Electrical Engineering (4 Years, Bachelor of Technology)",AI,SC,Gender-Neutral,1508,1848
Indian Institute of Technology Tirupati,"Electrical Engineering (4 Years, Bachelor of Technology)",AI,SC,Female-only (including Supernumerary),2499,2809
Indian Institute of Technology Tirupati,"Electrical Engineering (4 Years, Bachelor of Technology)",AI,ST,Gender-Neutral,845,951
Indian Institute of Technology Tirupati,"Electrical Engineering (4 Years, Bachelor of Technology)",AI,ST,Female-only (including Supernumerary),1364,1364
Indian Institute of Technology Tirupati,"Engineering Physics (4 Years, Bachelor of Technology)",AI,OPEN,Gender-Neutral,9589,11453
Indian Institute of Technology Tirupati,"Engineering Physics (4 Years, Bachelor of Technology)",AI,OPEN,Female-only (including Supernumerary),17187,17187
Indian Institute of Technology Tirupati,"Engineering Physics (4 Years, Bachelor of Technology)",AI,EWS,Gender-Neutral,1978,1978
Indian Institute of Technology Tirupati,"Engineering Physics (4 Years, Bachelor of Technology)",AI,OBC-NCL,Gender-Neutral,4535,4808
Indian Institute of Technology Tirupati,"Engineering Physics (4 Years, Bachelor of Technology)",AI,OBC-NCL,Female-only (including Supernumerary),9033,9033
Indian Institute of Technology Tirupati,"Engineering Physics (4 Years, Bachelor of Technology)",AI,SC,Gender-Neutral,3026,3026
Indian Institute of Technology Tirupati,"Engineering Physics (4 Years, Bachelor of Technology)",AI,ST,Gender-Neutral,1190,1190
Indian Institute of Technology Tirupati,"Mechanical Engineering (4 Years, Bachelor of Technology)",AI,OPEN,Gender-Neutral,9340,10530
Indian Institute of Technology Tirupati,"Mechanical Engineering (4 Years, Bachelor of Technology)",AI,OPEN,Female-only (including Supernumerary),14565,17672
Indian Institute of Technology Tirupati,"Mechanical Engineering (4 Years, Bachelor of Technology)",AI,EWS,Gender-Neutral,1404,1677
Indian Institute of Technology Tirupati,"Mechanical Engineering (4 Years, Bachelor of Technology)",AI,EWS,Female-only (including Supernumerary),3045,3045
Indian Institute of Technology Tirupati,"Mechanical Engineering (4 Years, Bachelor of Technology)",AI,OBC-NCL,Gender-Neutral,3807,4232
Indian Institute of Technology Tirupati,"Mechanical Engineering (4 Years, Bachelor of Technology)",AI,OBC-NCL,Female-only (including Supernumerary),7373,7833
Indian Institute of Technology Tirupati,"Mechanical Engineering (4 Years, Bachelor of Technology)",AI,SC,Gender-Neutral,2322,2543
Indian Institute of Technology Tirupati,"Mechanical Engineering (4 Years, Bachelor of Technology)",AI,SC,Female-only (including Supernumerary),2923,3569
Indian Institute of Technology Tirupati,"Mechanical Engineering (4 Years, Bachelor of Technology)",AI,ST,Gender-Neutral,1000,1117
Indian Institute of Technology Jammu,"Chemical Engineering (4 Years, Bachelor of Technology)",AI,OPEN,Gender-Neutral,11517,14113
Indian Institute of Technology Jammu,"Chemical Engineering (4 Years, Bachelor of Technology)",AI,OPEN,Female-only (including Supernumerary),18930,21759
Indian Institute of Technology Jammu,"Chemical Engineering (4 Years, Bachelor of Technology)",AI,EWS,Gender-Neutral,2017,2104
Indian Institute of Technology Jammu,"Chemical Engineering (4 Years, Bachelor of Technology)",AI,EWS,Female-only (including Supernumerary),3588,3588
Indian Institute of Technology Jammu,"Chemical Engineering (4 Years, Bachelor of Technology)",AI,OBC-NCL,Gender-Neutral,5048,5613
Indian Institute of Technology Jammu,"Chemical Engineering (4 Years, Bachelor of Technology)",AI,SC,Gender-Neutral,2752,2974
Indian Institute of Technology Jammu,"Chemical Engineering (4 Years, Bachelor of Technology)",AI,SC,Female-only (including Supernumerary),4151,4151
Indian Institute of Technology Jammu,"Chemical Engineering (4 Years, Bachelor of Technology)",AI,ST,Gender-Neutral,1257,1291
Indian Institute of Technology Jammu,"Chemical Engineering (4 Years, Bachelor of Technology)",AI,ST,Female-only (including Supernumerary),787P,787P
Indian Institute of Technology Jammu,"Civil Engineering (4 Years, Bachelor of Technology)",AI,OPEN,Gender-Neutral,11454,14906
Indian Institute of Technology Jammu,"Civil Engineering (4 Years, Bachelor of Technology)",AI,OPEN,Female-only (including Supernumerary),23629,23902
Indian Institute of Technology Jammu,"Civil Engineering (4 Years, Bachelor of Technology)",AI,EWS,Gender-Neutral,2175,2295
Indian Institute of Technology Jammu,"Civil Engineering (4 Years, Bachelor of Technology)",AI,EWS,Female-only (including Supernumerary),4020,4020
Indian Institute of Technology Jammu,"Civil Engineering (4 Years, Bachelor of Technology)",AI,OBC-NCL,Gender-Neutral,5386,5640
Indian Institute of Technology Jammu,"Civil Engineering (4 Years, Bachelor of Technology)",AI,SC,Gender-Neutral,2744,2962
Indian Institute of Technology Jammu,"Civil Engineering (4 Years, Bachelor of Technology)",AI,SC,Female-only (including Supernumerary),4304,4304
Indian Institute of Technology Jammu,"Civil Engineering (4 Years, Bachelor of Technology)",AI,ST,Gender-Neutral,914,1073
Indian Institute of Technology Jammu,"Civil Engineering (4 Years, Bachelor of Technology)",AI,ST,Female-only (including Supernumerary),480P,480P
Indian Institute of Technology Jammu,"Computer Science and Engineering (4 Years, Bachelor of Technology)",AI,OPEN,Gender-Neutral,3412,5735
Indian Institute of Technology Jammu,"Computer Science and Engineering (4 Years, Bachelor of Technology)",AI,OPEN,Female-only (including Supernumerary),8353,11138
Indian Institute of Technology Jammu,"Computer Science and Engineering (4 Years, Bachelor of Technology)",AI,EWS,Gender-Neutral,735,862
Indian Institute of Technology Jammu,"Computer Science and Engineering (4 Years, Bachelor of Technology)",AI,EWS,Female-only (including Supernumerary),2119,2119
Indian Institute of Technology Jammu,"Computer Science and Engineering (4 Years, Bachelor of Technology)",AI,OBC-NCL,Gender-Neutral,1584,2341
Indian Institute of Technology Jammu,"Computer Science and Engineering (4 Years, Bachelor of Technology)",AI,OBC-NCL,Female-only (including Supernumerary),5389,5614
Indian Institute of Technology Jammu,"Computer Science and Engineering (4 Years, Bachelor of Technology)",AI,SC,Gender-Neutral,923,1093
Indian Institute of Technology Jammu,"Computer Science and Engineering (4 Years, Bachelor of Technology)",AI,SC,Female-only (including Supernumerary),2147,2147
Indian Institute of Technology Jammu,"Computer Science and Engineering (4 Years, Bachelor of Technology)",AI,ST,Gender-Neutral,525,635
Indian Institute of Technology Jammu,"Electrical Engineering (4 Years, Bachelor of Technology)",AI,OPEN,Gender-Neutral,7501,8789
Indian Institute of Technology Jammu,"Electrical Engineering (4 Years, Bachelor of Technology)",AI,OPEN,Female-only (including Supernumerary),15039,16560
Indian Institute of Technology Jammu,"Electrical Engineering (4 Years, Bachelor of Technology)",AI,EWS,Gender-Neutral,1294,1467
Indian Institute of Technology Jammu,"Electrical Engineering (4 Years, Bachelor of Technology)",AI,EWS,Female-only (including Supernumerary),2830,2830
Indian Institute of Technology Jammu,"Electrical Engineering (4 Years, Bachelor of Technology)",AI,OBC-NCL,Gender-Neutral,3333,3972
Indian Institute of Technology Jammu,"Electrical Engineering (4 Years, Bachelor of Technology)",AI,OBC-NCL,Female-only (including Supernumerary),7429,7775
Indian Institute of Technology Jammu,"Electrical Engineering (4 Years, Bachelor of Technology)",AI,SC,Gender-Neutral,1824,2111
Indian Institute of Technology Jammu,"Electrical Engineering (4 Years, Bachelor of Technology)",AI,SC,Female-only (including Supernumerary),3716,3716
Indian Institute of Technology Jammu,"Electrical Engineering (4 Years, Bachelor of Technology)",AI,ST,Gender-Neutral,1039,1087
Indian Institute of Technology Jammu,"Materials Engineering (4 Years, Bachelor of Technology)",AI,OPEN,Gender-Neutral,14790,15280
Indian Institute of Technology Jammu,"Materials Engineering (4 Years, Bachelor of Technology)",AI,OPEN,Female-only (including Supernumerary),23990,24251
Indian Institute of Technology Jammu,"Materials Engineering (4 Years, Bachelor of Technology)",AI,EWS,Gender-Neutral,2329,2391
Indian Institute of Technology Jammu,"Materials Engineering (4 Years, Bachelor of Technology)",AI,EWS,Female-only (including Supernumerary),4076,4076
Indian Institute of Technology Jammu,"Materials Engineering (4 Years, Bachelor of Technology)",AI,OBC-NCL,Gender-Neutral,5799,5921
Indian Institute of Technology Jammu,"Materials Engineering (4 Years, Bachelor of Technology)",AI,SC,Gender-Neutral,2674,3136
Indian Institute of Technology Jammu,"Materials Engineering (4 Years, Bachelor of Technology)",AI,SC,Female-only (including Supernumerary),4699,4699
Indian Institute of Technology Jammu,"Materials Engineering (4 Years, Bachelor of Technology)",AI,ST,Gender-Neutral,1390,1419
Indian Institute of Technology Jammu,"Materials Engineering (4 Years, Bachelor of Technology)",AI,ST,Female-only (including Supernumerary),928P,928P
Indian Institute of Technology Jammu,"Mathematics and Computing (4 Years, Bachelor of Technology)",AI,OPEN,Gender-Neutral,6019,7242
Indian Institute of Technology Jammu,"Mathematics and Computing (4 Years, Bachelor of Technology)",AI,OPEN,Female-only (including Supernumerary),12108,13588
Indian Institute of Technology Jammu,"Mathematics and Computing (4 Years, Bachelor of Technology)",AI,OPEN (PwD),Gender-Neutral,17P,17P
Indian Institute of Technology Jammu,"Mathematics and Computing (4 Years, Bachelor of Technology)",AI,EWS,Gender-Neutral,1095,1191
Indian Institute of Technology Jammu,"Mathematics and Computing (4 Years, Bachelor of Technology)",AI,OBC-NCL,Gender-Neutral,2610,3120
Indian Institute of Technology Jammu,"Mathematics and Computing (4 Years, Bachelor of Technology)",AI,OBC-NCL,Female-only (including Supernumerary),6963,7179
Indian Institute of Technology Jammu,"Mathematics and Computing (4 Years, Bachelor of Technology)",AI,SC,Gender-Neutral,1273,1566
Indian Institute of Technology Jammu,"Mathematics and Computing (4 Years, Bachelor of Technology)",AI,SC,Female-only (including Supernumerary),2239,2750
Indian Institute of Technology Jammu,"Mathematics and Computing (4 Years, Bachelor of Technology)",AI,ST,Gender-Neutral,892,972
Indian Institute of Technology Jammu,"Mechanical Engineering (4 Years, Bachelor of Technology)",AI,OPEN,Gender-Neutral,10220,12026
Indian Institute of Technology Jammu,"Mechanical Engineering (4 Years, Bachelor of Technology)",AI,OPEN,Female-only (including Supernumerary),19085,21578
Indian Institute of Technology Jammu,"Mechanical Engineering (4 Years, Bachelor of Technology)",AI,EWS,Gender-Neutral,1768,1925
Indian Institute of Technology Jammu,"Mechanical Engineering (4 Years, Bachelor of Technology)",AI,EWS,Female-only (including Supernumerary),3921,3921
Indian Institute of Technology Jammu,"Mechanical Engineering (4 Years, Bachelor of Technology)",AI,OBC-NCL,Gender-Neutral,4518,4862
Indian Institute of Technology Jammu,"Mechanical Engineering (4 Years, Bachelor of Technology)",AI,OBC-NCL,Female-only (including Supernumerary),9232,9239
Indian Institute of Technology Jammu,"Mechanical Engineering (4 Years, Bachelor of Technology)",AI,SC,Gender-Neutral,2470,2649
Indian Institute of Technology Jammu,"Mechanical Engineering (4 Years, Bachelor of Technology)",AI,SC,Female-only (including Supernumerary),3839,3839
Indian Institute of Technology Jammu,"Mechanical Engineering (4 Years, Bachelor of Technology)",AI,ST,Gender-Neutral,1155,1208
Indian Institute of Technology Jammu,"Mechanical Engineering (4 Years, Bachelor of Technology)",AI,ST,Female-only (including Supernumerary),381P,381P
Indian Institute of Technology Dharwad,"Chemical and Biochemical Engineering (4 Years, Bachelor of Technology)",AI,OPEN,Gender-Neutral,13707,14784
Indian Institute of Technology Dharwad,"Chemical and Biochemical Engineering (4 Years, Bachelor of Technology)",AI,OPEN,Female-only (including Supernumerary),19399,21392
Indian Institute of Technology Dharwad,"Chemical and Biochemical Engineering (4 Years, Bachelor of Technology)",AI,EWS,Gender-Neutral,2306,2314
Indian Institute of Technology Dharwad,"Chemical and Biochemical Engineering (4 Years, Bachelor of Technology)",AI,EWS,Female-only (including Supernumerary),3922,3922
Indian Institute of Technology Dharwad,"Chemical and Biochemical Engineering (4 Years, Bachelor of Technology)",AI,OBC-NCL,Gender-Neutral,5243,5382
Indian Institute of Technology Dharwad,"Chemical and Biochemical Engineering (4 Years, Bachelor of Technology)",AI,SC,Gender-Neutral,3058,3121
Indian Institute of Technology Dharwad,"Chemical and Biochemical Engineering (4 Years, Bachelor of Technology)",AI,SC,Female-only (including Supernumerary),4059,4059
Indian Institute of Technology Dharwad,"Chemical and Biochemical Engineering (4 Years, Bachelor of Technology)",AI,ST,Gender-Neutral,1301,1337
Indian Institute of Technology Dharwad,"Civil and Infrastructure Engineering (4 Years, Bachelor of Technology)",AI,OPEN,Gender-Neutral,14164,14819
Indian Institute of Technology Dharwad,"Civil and Infrastructure Engineering (4 Years, Bachelor of Technology)",AI,OPEN,Female-only (including Supernumerary),23005,23381
Indian Institute of Technology Dharwad,"Civil and Infrastructure Engineering (4 Years, Bachelor of Technology)",AI,EWS,Gender-Neutral,2267,2271
Indian Institute of Technology Dharwad,"Civil and Infrastructure Engineering (4 Years, Bachelor of Technology)",AI,EWS,Female-only (including Supernumerary),3917,3917
Indian Institute of Technology Dharwad,"Civil and Infrastructure Engineering (4 Years, Bachelor of Technology)",AI,OBC-NCL,Gender-Neutral,5268,5421
Indian Institute of Technology Dharwad,"Civil and Infrastructure Engineering (4 Years, Bachelor of Technology)",AI,SC,Gender-Neutral,2627,2669
Indian Institute of Technology Dharwad,"Civil and Infrastructure Engineering (4 Years, Bachelor of Technology)",AI,SC,Female-only (including Supernumerary),4410,4410
Indian Institute of Technology Dharwad,"Civil and Infrastructure Engineering (4 Years, Bachelor of Technology)",AI,ST,Gender-Neutral,1017,1147
Indian Institute of Technology Dharwad,"Computer Science and Engineering (4 Years, Bachelor of Technology)",AI,OPEN,Gender-Neutral,3482,5601
Indian Institute of Technology Dharwad,"Computer Science and Engineering (4 Years, Bachelor of Technology)",AI,OPEN,Female-only (including Supernumerary),4989,10958
Indian Institute of Technology Dharwad,"Computer Science and Engineering (4 Years, Bachelor of Technology)",AI,OPEN (PwD),Gender-Neutral,66P,66P
Indian Institute of Technology Dharwad,"Computer Science and Engineering (4 Years, Bachelor of Technology)",AI,EWS,Gender-Neutral,771,882
Indian Institute of Technology Dharwad,"Computer Science and Engineering (4 Years, Bachelor of Technology)",AI,EWS,Female-only (including Supernumerary),1652,1652
Indian Institute of Technology Dharwad,"Computer Science and Engineering (4 Years, Bachelor of Technology)",AI,OBC-NCL,Gender-Neutral,1732,2225
Indian Institute of Technology Dharwad,"Computer Science and Engineering (4 Years, Bachelor of Technology)",AI,OBC-NCL,Female-only (including Supernumerary),3342,4938
Indian Institute of Technology Dharwad,"Computer Science and Engineering (4 Years, Bachelor of Technology)",AI,OBC-NCL (PwD),Gender-Neutral,148P,148P
Indian Institute of Technology Dharwad,"Computer Science and Engineering (4 Years, Bachelor of Technology)",AI,SC,Gender-Neutral,975,1295
Indian Institute of Technology Dharwad,"Computer Science and Engineering (4 Years, Bachelor of Technology)",AI,SC,Female-only (including Supernumerary),1716,2129
Indian Institute of Technology Dharwad,"Computer Science and Engineering (4 Years, Bachelor of Technology)",AI,ST,Gender-Neutral,422,607
Indian Institute of Technology Dharwad,"Computer Science and Engineering (4 Years, Bachelor of Technology)",AI,ST,Female-only (including Supernumerary),1044,1044
Indian Institute of Technology Dharwad,"Electrical and Electronics Engineering (4 Years, Bachelor of Technology)",AI,OPEN,Gender-Neutral,7569,8881
Indian Institute of Technology Dharwad,"Electrical and Electronics Engineering (4 Years, Bachelor of Technology)",AI,OPEN,Female-only (including Supernumerary),15007,15299
Indian Institute of Technology Dharwad,"Electrical and Electronics Engineering (4 Years, Bachelor of Technology)",AI,EWS,Gender-Neutral,1345,1363
Indian Institute of Technology Dharwad,"Electrical and Electronics Engineering (4 Years, Bachelor of Technology)",AI,EWS,Female-only (including Supernumerary),2840,2840
Indian Institute of Technology Dharwad,"Electrical and Electronics Engineering (4 Years, Bachelor of Technology)",AI,OBC-NCL,Gender-Neutral,3298,3742
Indian Institute of Technology Dharwad,"Electrical and Electronics Engineering (4 Years, Bachelor of Technology)",AI,OBC-NCL,Female-only (including Supernumerary),7268,7297
Indian Institute of Technology Dharwad,"Electrical and Electronics Engineering (4 Years, Bachelor of Technology)",AI,SC,Gender-Neutral,1795,1982
Indian Institute of Technology Dharwad,"Electrical and Electronics Engineering (4 Years, Bachelor of Technology)",AI,SC,Female-only (including Supernumerary),2964,2964
Indian Institute of Technology Dharwad,"Electrical and Electronics Engineering (4 Years, Bachelor of Technology)",AI,ST,Gender-Neutral,872,906
Indian Institute of Technology Dharwad,"Electronics and Communication Engineering (4 Years, Bachelor of Technology)",AI,OPEN,Gender-Neutral,4752,8363
Indian Institute of Technology Dharwad,"Electronics and Communication Engineering (4 Years, Bachelor of Technology)",AI,OPEN,Female-only (including Supernumerary),10983,14052
Indian Institute of Technology Dharwad,"Electronics and Communication Engineering (4 Years, Bachelor of Technology)",AI,OPEN (PwD),Gender-Neutral,106P,106P
Indian Institute of Technology Dharwad,"Electronics and Communication Engineering (4 Years, Bachelor of Technology)",AI,EWS,Gender-Neutral,1069,1167
Indian Institute of Technology Dharwad,"Electronics and Communication Engineering (4 Years, Bachelor of Technology)",AI,EWS,Female-only (including Supernumerary),2122,2122
Indian Institute of Technology Dharwad,"Electronics and Communication Engineering (4 Years, Bachelor of Technology)",AI,OBC-NCL,Gender-Neutral,2762,3294
Indian Institute of Technology Dharwad,"Electronics and Communication Engineering (4 Years, Bachelor of Technology)",AI,OBC-NCL,Female-only (including Supernumerary),5820,6982
Indian Institute of Technology Dharwad,"Electronics and Communication Engineering (4 Years, Bachelor of Technology)",AI,SC,Gender-Neutral,1443,1712
Indian Institute of Technology Dharwad,"Electronics and Communication Engineering (4 Years, Bachelor of Technology)",AI,SC,Female-only (including Supernumerary),2734,2734
Indian Institute of Technology Dharwad,"Electronics and Communication Engineering (4 Years, Bachelor of Technology)",AI,ST,Gender-Neutral,732,803
Indian Institute of Technology Dharwad,"Electronics and Communication Engineering (4 Years, Bachelor of Technology)",AI,ST,Female-only (including Supernumerary),1347,1347
Indian Institute of Technology Dharwad,"Engineering Physics (4 Years, Bachelor of Technology)",AI,OPEN,Gender-Neutral,10132,11700
Indian Institute of Technology Dharwad,"Engineering Physics (4 Years, Bachelor of Technology)",AI,OPEN,Female-only (including Supernumerary),20242,20440
Indian Institute of Technology Dharwad,"Engineering Physics (4 Years, Bachelor of Technology)",AI,EWS,Gender-Neutral,1624,2123
Indian Institute of Technology Dharwad,"Engineering Physics (4 Years, Bachelor of Technology)",AI,EWS,Female-only (including Supernumerary),3749,3749
Indian Institute of Technology Dharwad,"Engineering Physics (4 Years, Bachelor of Technology)",AI,OBC-NCL,Gender-Neutral,5100,5234
Indian Institute of Technology Dharwad,"Engineering Physics (4 Years, Bachelor of Technology)",AI,SC,Gender-Neutral,2646,3051
Indian Institute of Technology Dharwad,"Engineering Physics (4 Years, Bachelor of Technology)",AI,SC,Female-only (including Supernumerary),4066,4066
Indian Institute of Technology Dharwad,"Engineering Physics (4 Years, Bachelor of Technology)",AI,ST,Gender-Neutral,1405,1442
Indian Institute of Technology Dharwad,"Interdisciplinary Sciences (5 Years, Bachelor of Science and Master of Science (Dual Degree))",AI,OPEN,Gender-Neutral,9258,16053
Indian Institute of Technology Dharwad,"Interdisciplinary Sciences (5 Years, Bachelor of Science and Master of Science (Dual Degree))",AI,OPEN,Female-only (including Supernumerary),23402,24443
Indian Institute of Technology Dharwad,"Interdisciplinary Sciences (5 Years, Bachelor of Science and Master of Science (Dual Degree))",AI,EWS,Gender-Neutral,2392,2461
Indian Institute of Technology Dharwad,"Interdisciplinary Sciences (5 Years, Bachelor of Science and Master of Science (Dual Degree))",AI,EWS,Female-only (including Supernumerary),4351,4351
Indian Institute of Technology Dharwad,"Interdisciplinary Sciences (5 Years, Bachelor of Science and Master of Science (Dual Degree))",AI,OBC-NCL,Gender-Neutral,5869,6099
Indian Institute of Technology Dharwad,"Interdisciplinary Sciences (5 Years, Bachelor of Science and Master of Science (Dual Degree))",AI,SC,Gender-Neutral,3092,3201
Indian Institute of Technology Dharwad,"Interdisciplinary Sciences (5 Years, Bachelor of Science and Master of Science (Dual Degree))",AI,SC,Female-only (including Supernumerary),4768,4827
Indian Institute of Technology Dharwad,"Interdisciplinary Sciences (5 Years, Bachelor of Science and Master of Science (Dual Degree))",AI,ST,Gender-Neutral,1503,1529
Indian Institute of Technology Dharwad,"Interdisciplinary Sciences (5 Years, Bachelor of Science and Master of Science (Dual Degree))",AI,ST,Female-only (including Supernumerary),1036P,1036P
Indian Institute of Technology Dharwad,"Mathematics and Computing (4 Years, Bachelor of Technology)",AI,OPEN,Gender-Neutral,4677,6946
Indian Institute of Technology Dharwad,"Mathematics and Computing (4 Years, Bachelor of Technology)",AI,OPEN,Female-only (including Supernumerary),11879,12205
Indian Institute of Technology Dharwad,"Mathematics and Computing (4 Years, Bachelor of Technology)",AI,EWS,Gender-Neutral,885,1059
Indian Institute of Technology Dharwad,"Mathematics and Computing (4 Years, Bachelor of Technology)",AI,EWS,Female-only (including Supernumerary),2046,2046
Indian Institute of Technology Dharwad,"Mathematics and Computing (4 Years, Bachelor of Technology)",AI,OBC-NCL,Gender-Neutral,2613,2689
Indian Institute of Technology Dharwad,"Mathematics and Computing (4 Years, Bachelor of Technology)",AI,OBC-NCL,Female-only (including Supernumerary),6616,6867
Indian Institute of Technology Dharwad,"Mathematics and Computing (4 Years, Bachelor of Technology)",AI,SC,Gender-Neutral,1090,1479
Indian Institute of Technology Dharwad,"Mathematics and Computing (4 Years, Bachelor of Technology)",AI,SC,Female-only (including Supernumerary),2799,2799
Indian Institute of Technology Dharwad,"Mathematics and Computing (4 Years, Bachelor of Technology)",AI,ST,Gender-Neutral,596,788
Indian Institute of Technology Dharwad,"Mechanical Engineering (4 Years, Bachelor of Technology)",AI,OPEN,Gender-Neutral,10317,12239
Indian Institute of Technology Dharwad,"Mechanical Engineering (4 Years, Bachelor of Technology)",AI,OPEN,Female-only (including Supernumerary),19074,21211
Indian Institute of Technology Dharwad,"Mechanical Engineering (4 Years, Bachelor of Technology)",AI,EWS,Gender-Neutral,1687,1803
Indian Institute of Technology Dharwad,"Mechanical Engineering (4 Years, Bachelor of Technology)",AI,EWS,Female-only (including Supernumerary),3180,3180
Indian Institute of Technology Dharwad,"Mechanical Engineering (4 Years, Bachelor of Technology)",AI,OBC-NCL,Gender-Neutral,3570,4839
Indian Institute of Technology Dharwad,"Mechanical Engineering (4 Years, Bachelor of Technology)",AI,OBC-NCL,Female-only (including Supernumerary),7628,8975
Indian Institute of Technology Dharwad,"Mechanical Engineering (4 Years, Bachelor of Technology)",AI,SC,Gender-Neutral,1327,2586
Indian Institute of Technology Dharwad,"Mechanical Engineering (4 Years, Bachelor of Technology)",AI,SC,Female-only (including Supernumerary),4218,4302
Indian Institute of Technology Dharwad,"Mechanical Engineering (4 Years, Bachelor of Technology)",AI,ST,Gender-Neutral,664,1151
Indian Institute of Technology Dharwad,"Mechanical Engineering (4 Years, Bachelor of Technology)",AI,ST,Female-only (including Supernumerary),1687,1687
"Dr. B R Ambedkar National Institute of Technology, Jalandhar","Bio Technology (4 Years, Bachelor of Technology)",HS,OPEN,Gender-Neutral,56402,65947
"Dr. B R Ambedkar National Institute of Technology, Jalandhar","Bio Technology (4 Years, Bachelor of Technology)",HS,OPEN,Female-only (including Supernumerary),52325,52325
"Dr. B R Ambedkar National Institute of Technology, Jalandhar","Bio Technology (4 Years, Bachelor of Technology)",HS,EWS,Gender-Neutral,13529,14091
"Dr. B R Ambedkar National Institute of Technology, Jalandhar","Bio Technology (4 Years, Bachelor of Technology)",HS,EWS,Female-only (including Supernumerary),13481,13481
"Dr. B R Ambedkar National Institute of Technology, Jalandhar","Bio Technology (4 Years, Bachelor of Technology)",HS,OBC-NCL,Gender-Neutral,52003,76153
"Dr. B R Ambedkar National Institute of Technology, Jalandhar","Bio Technology (4 Years, Bachelor of Technology)",HS,OBC-NCL,Female-only (including Supernumerary),41323,41323
"Dr. B R Ambedkar National Institute of Technology, Jalandhar","Bio Technology (4 Years, Bachelor of Technology)",HS,SC,Gender-Neutral,11387,12966
"Dr. B R Ambedkar National Institute of Technology, Jalandhar","Bio Technology (4 Years, Bachelor of Technology)",HS,SC,Female-only (including Supernumerary),12329,12329
"Dr. B R Ambedkar National Institute of Technology, Jalandhar","Bio Technology (4 Years, Bachelor of Technology)",OS,OPEN,Gender-Neutral,39435,45639
"Dr. B R Ambedkar National Institute of Technology, Jalandhar","Bio Technology (4 Years, Bachelor of Technology)",OS,OPEN,Female-only (including Supernumerary),42026,51597
"Dr. B R Ambedkar National Institute of Technology, Jalandhar","Bio Technology (4 Years, Bachelor of Technology)",OS,EWS,Gender-Neutral,7460,7763
"Dr. B R Ambedkar National Institute of Technology, Jalandhar","Bio Technology (4 Years, Bachelor of Technology)",OS,OBC-NCL,Gender-Neutral,15038,15403
"Dr. B R Ambedkar National Institute of Technology, Jalandhar","Bio Technology (4 Years, Bachelor of Technology)",OS,OBC-NCL,Female-only (including Supernumerary),18751,18751
"Dr. B R Ambedkar National Institute of Technology, Jalandhar","Bio Technology (4 Years, Bachelor of Technology)",OS,SC,Gender-Neutral,7383,7678
"Dr. B R Ambedkar National Institute of Technology, Jalandhar","Bio Technology (4 Years, Bachelor of Technology)",OS,SC,Female-only (including Supernumerary),9772,9772
"Dr. B R Ambedkar National Institute of Technology, Jalandhar","Bio Technology (4 Years, Bachelor of Technology)",OS,ST,Gender-Neutral,2675,2875
"Dr. B R Ambedkar National Institute of Technology, Jalandhar","Chemical Engineering (4 Years, Bachelor of Technology)",HS,OPEN,Gender-Neutral,36773,51867
"Dr. B R Ambedkar National Institute of Technology, Jalandhar","Chemical Engineering (4 Years, Bachelor of Technology)",HS,OPEN,Female-only (including Supernumerary),38712,49393
"Dr. B R Ambedkar National Institute of Technology, Jalandhar","Chemical Engineering (4 Years, Bachelor of Technology)",HS,OPEN (PwD),Gender-Neutral,979,979
"Dr. B R Ambedkar National Institute of Technology, Jalandhar","Chemical Engineering (4 Years, Bachelor of Technology)",HS,EWS,Gender-Neutral,10871,11340
"Dr. B R Ambedkar National Institute of Technology, Jalandhar","Chemical Engineering (4 Years, Bachelor of Technology)",HS,EWS,Female-only (including Supernumerary),10402,10402
"Dr. B R Ambedkar National Institute of Technology, Jalandhar","Chemical Engineering (4 Years, Bachelor of Technology)",HS,OBC-NCL,Gender-Neutral,48968,64555
"Dr. B R Ambedkar National Institute of Technology, Jalandhar","Chemical Engineering (4 Years, Bachelor of Technology)",HS,OBC-NCL,Female-only (including Supernumerary),44955,62792
"Dr. B R Ambedkar National Institute of Technology, Jalandhar","Chemical Engineering (4 Years, Bachelor of Technology)",HS,SC,Gender-Neutral,7565,10304
"Dr. B R Ambedkar National Institute of Technology, Jalandhar","Chemical Engineering (4 Years, Bachelor of Technology)",HS,SC,Female-only (including Supernumerary),10115,10115
"Dr. B R Ambedkar National Institute of Technology, Jalandhar","Chemical Engineering (4 Years, Bachelor of Technology)",OS,OPEN,Gender-Neutral,31059,35742
"Dr. B R Ambedkar National Institute of Technology, Jalandhar","Chemical Engineering (4 Years, Bachelor of Technology)",OS,OPEN,Female-only (including Supernumerary),39661,41493
"Dr. B R Ambedkar National Institute of Technology, Jalandhar","Chemical Engineering (4 Years, Bachelor of Technology)",OS,OPEN (PwD),Gender-Neutral,2013,2013
"Dr. B R Ambedkar National Institute of Technology, Jalandhar","Chemical Engineering (4 Years, Bachelor of Technology)",OS,EWS,Gender-Neutral,5939,5939
"Dr. B R Ambedkar National Institute of Technology, Jalandhar","Chemical Engineering (4 Years, Bachelor of Technology)",OS,EWS,Female-only (including Supernumerary),6994,6994
"Dr. B R Ambedkar National Institute of Technology, Jalandhar","Chemical Engineering (4 Years, Bachelor of Technology)",OS,OBC-NCL,Gender-Neutral,10761,12138
"Dr. B R Ambedkar National Institute of Technology, Jalandhar","Chemical Engineering (4 Years, Bachelor of Technology)",OS,OBC-NCL,Female-only (including Supernumerary),15841,16448
"Dr. B R Ambedkar National Institute of Technology, Jalandhar","Chemical Engineering (4 Years, Bachelor of Technology)",OS,SC,Gender-Neutral,5270,6723
"Dr. B R Ambedkar National Institute of Technology, Jalandhar","Chemical Engineering (4 Years, Bachelor of Technology)",OS,SC,Female-only (including Supernumerary),7303,7303
"Dr. B R Ambedkar National Institute of Technology, Jalandhar","Chemical Engineering (4 Years, Bachelor of Technology)",OS,ST,Gender-Neutral,2359,2493
"Dr. B R Ambedkar National Institute of Technology, Jalandhar","Chemical Engineering (4 Years, Bachelor of Technology)",OS,ST,Female-only (including Supernumerary),3849,3849
"Dr. B R Ambedkar National Institute of Technology, Jalandhar","Civil Engineering (4 Years, Bachelor of Technology)",HS,OPEN,Gender-Neutral,50403,63624
"Dr. B R Ambedkar National Institute of Technology, Jalandhar","Civil Engineering (4 Years, Bachelor of Technology)",HS,OPEN,Female-only (including Supernumerary),55142,67182
"Dr. B R Ambedkar National Institute of Technology, Jalandhar","Civil Engineering (4 Years, Bachelor of Technology)",HS,EWS,Gender-Neutral,10473,12018
"Dr. B R Ambedkar National Institute of Technology, Jalandhar","Civil Engineering (4 Years, Bachelor of Technology)",HS,EWS,Female-only (including Supernumerary),11219,11219
"Dr. B R Ambedkar National Institute of Technology, Jalandhar","Civil Engineering (4 Years, Bachelor of Technology)",HS,OBC-NCL,Gender-Neutral,34846,57716
"Dr. B R Ambedkar National Institute of Technology, Jalandhar","Civil Engineering (4 Years, Bachelor of Technology)",HS,OBC-NCL,Female-only (including Supernumerary),52917,58441
"Dr. B R Ambedkar National Institute of Technology, Jalandhar","Civil Engineering (4 Years, Bachelor of Technology)",HS,SC,Gender-Neutral,8777,11625
"Dr. B R Ambedkar National Institute of Technology, Jalandhar","Civil Engineering (4 Years, Bachelor of Technology)",HS,ST,Gender-Neutral,22842,22842
"Dr. B R Ambedkar National Institute of Technology, Jalandhar","Civil Engineering (4 Years, Bachelor of Technology)",OS,OPEN,Gender-Neutral,33453,41378
"Dr. B R Ambedkar National Institute of Technology, Jalandhar","Civil Engineering (4 Years, Bachelor of Technology)",OS,OPEN,Female-only (including Supernumerary),48590,51012
"Dr. B R Ambedkar National Institute of Technology, Jalandhar","Civil Engineering (4 Years, Bachelor of Technology)",OS,EWS,Gender-Neutral,6703,6734
"Dr. B R Ambedkar National Institute of Technology, Jalandhar","Civil Engineering (4 Years, Bachelor of Technology)",OS,EWS,Female-only (including Supernumerary),8662,8662
"Dr. B R Ambedkar National Institute of Technology, Jalandhar","Civil Engineering (4 Years, Bachelor of Technology)",OS,OBC-NCL,Gender-Neutral,12657,13715
"Dr. B R Ambedkar National Institute of Technology, Jalandhar","Civil Engineering (4 Years, Bachelor of Technology)",OS,OBC-NCL,Female-only (including Supernumerary),19501,19773
"Dr. B R Ambedkar National Institute of Technology, Jalandhar","Civil Engineering (4 Years, Bachelor of Technology)",OS,SC,Gender-Neutral,4999,5927
"Dr. B R Ambedkar National Institute of Technology, Jalandhar","Civil Engineering (4 Years, Bachelor of Technology)",OS,SC,Female-only (including Supernumerary),7576,7576
"Dr. B R Ambedkar National Institute of Technology, Jalandhar","Civil Engineering (4 Years, Bachelor of Technology)",OS,ST,Gender-Neutral,1297,1307
"Dr. B R Ambedkar National Institute of Technology, Jalandhar","Civil Engineering (4 Years, Bachelor of Technology)",OS,ST,Female-only (including Supernumerary),2735,2735
"Dr. B R Ambedkar National Institute of Technology, Jalandhar","Computer Science and Engineering (4 Years, Bachelor of Technology)",HS,OPEN,Gender-Neutral,9686,16090
"Dr. B R Ambedkar National Institute of Technology, Jalandhar","Computer Science and Engineering (4 Years, Bachelor of Technology)",HS,OPEN,Female-only (including Supernumerary),14911,19732
"Dr. B R Ambedkar National Institute of Technology, Jalandhar","Computer Science and Engineering (4 Years, Bachelor of Technology)",HS,OPEN (PwD),Gender-Neutral,657,657
"Dr. B R Ambedkar National Institute of Technology, Jalandhar","Computer Science and Engineering (4 Years, Bachelor of Technology)",HS,EWS,Gender-Neutral,2502,3254
"Dr. B R Ambedkar National Institute of Technology, Jalandhar","Computer Science and Engineering (4 Years, Bachelor of Technology)",HS,EWS,Female-only (including Supernumerary),3239,3239
"Dr. B R Ambedkar National Institute of Technology, Jalandhar","Computer Science and Engineering (4 Years, Bachelor of Technology)",HS,EWS (PwD),Gender-Neutral,464,464
"Dr. B R Ambedkar National Institute of Technology, Jalandhar","Computer Science and Engineering (4 Years, Bachelor of Technology)",HS,OBC-NCL,Gender-Neutral,4181,10560
"Dr. B R Ambedkar National Institute of Technology, Jalandhar","Computer Science and Engineering (4 Years, Bachelor of Technology)",HS,OBC-NCL,Female-only (including Supernumerary),6128,15646
"Dr. B R Ambedkar National Institute of Technology, Jalandhar","Computer Science and Engineering (4 Years, Bachelor of Technology)",HS,SC,Gender-Neutral,2346,4220
"Dr. B R Ambedkar National Institute of Technology, Jalandhar","Computer Science and Engineering (4 Years, Bachelor of Technology)",HS,SC,Female-only (including Supernumerary),4131,5763
"Dr. B R Ambedkar National Institute of Technology, Jalandhar","Computer Science and Engineering (4 Years, Bachelor of Technology)",HS,SC (PwD),Gender-Neutral,198,198
"Dr. B R Ambedkar National Institute of Technology, Jalandhar","Computer Science and Engineering (4 Years, Bachelor of Technology)",HS,ST,Gender-Neutral,2480,6283
"Dr. B R Ambedkar National Institute of Technology, Jalandhar","Computer Science and Engineering (4 Years, Bachelor of Technology)",HS,ST,Female-only (including Supernumerary),12636,12636
"Dr. B R Ambedkar National Institute of Technology, Jalandhar","Computer Science and Engineering (4 Years, Bachelor of Technology)",OS,OPEN,Gender-Neutral,6330,9578
"Dr. B R Ambedkar National Institute of Technology, Jalandhar","Computer Science and Engineering (4 Years, Bachelor of Technology)",OS,OPEN,Female-only (including Supernumerary),9179,17013
"Dr. B R Ambedkar National Institute of Technology, Jalandhar","Computer Science and Engineering (4 Years, Bachelor of Technology)",OS,OPEN (PwD),Gender-Neutral,360,360
"Dr. B R Ambedkar National Institute of Technology, Jalandhar","Computer Science and Engineering (4 Years, Bachelor of Technology)",OS,OPEN (PwD),Female-only (including Supernumerary),271,271
"Dr. B R Ambedkar National Institute of Technology, Jalandhar","Computer Science and Engineering (4 Years, Bachelor of Technology)",OS,EWS,Gender-Neutral,1415,1576
"Dr. B R Ambedkar National Institute of Technology, Jalandhar","Computer Science and Engineering (4 Years, Bachelor of Technology)",OS,EWS,Female-only (including Supernumerary),2658,2658
"Dr. B R Ambedkar National Institute of Technology, Jalandhar","Computer Science and Engineering (4 Years, Bachelor of Technology)",OS,OBC-NCL,Gender-Neutral,2452,3693
"Dr. B R Ambedkar National Institute of Technology, Jalandhar","Computer Science and Engineering (4 Years, Bachelor of Technology)",OS,OBC-NCL,Female-only (including Supernumerary),6017,6906
"Dr. B R Ambedkar National Institute of Technology, Jalandhar","Computer Science and Engineering (4 Years, Bachelor of Technology)",OS,OBC-NCL (PwD),Gender-Neutral,198,198
"Dr. B R Ambedkar National Institute of Technology, Jalandhar","Computer Science and Engineering (4 Years, Bachelor of Technology)",OS,SC,Gender-Neutral,1461,2109
"Dr. B R Ambedkar National Institute of Technology, Jalandhar","Computer Science and Engineering (4 Years, Bachelor of Technology)",OS,SC,Female-only (including Supernumerary),1891,2606
"Dr. B R Ambedkar National Institute of Technology, Jalandhar","Computer Science and Engineering (4 Years, Bachelor of Technology)",OS,ST,Gender-Neutral,462,812
"Dr. B R Ambedkar National Institute of Technology, Jalandhar","Computer Science and Engineering (4 Years, Bachelor of Technology)",OS,ST,Female-only (including Supernumerary),1485,1485
"Dr. B R Ambedkar National Institute of Technology, Jalandhar","Computer Science and Engineering (4 Years, Bachelor of Technology)",OS,ST (PwD),Gender-Neutral,37,37
"Dr. B R Ambedkar National Institute of Technology, Jalandhar","Data Science and Engineering (4 Years, Bachelor of Technology)",HS,OPEN,Gender-Neutral,16377,19562
"Dr. B R Ambedkar National Institute of Technology, Jalandhar","Data Science and Engineering (4 Years, Bachelor of Technology)",HS,OPEN,Female-only (including Supernumerary),21470,21470
"Dr. B R Ambedkar National Institute of Technology, Jalandhar","Data Science and Engineering (4 Years, Bachelor of Technology)",HS,EWS,Gender-Neutral,4007,4823
"Dr. B R Ambedkar National Institute of Technology, Jalandhar","Data Science and Engineering (4 Years, Bachelor of Technology)",HS,OBC-NCL,Gender-Neutral,11219,15306
"Dr. B R Ambedkar National Institute of Technology, Jalandhar","Data Science and Engineering (4 Years, Bachelor of Technology)",HS,OBC-NCL,Female-only (including Supernumerary),31609,40718
"Dr. B R Ambedkar National Institute of Technology, Jalandhar","Data Science and Engineering (4 Years, Bachelor of Technology)",HS,SC,Gender-Neutral,4622,5140
"Dr. B R Ambedkar National Institute of Technology, Jalandhar","Data Science and Engineering (4 Years, Bachelor of Technology)",HS,SC,Female-only (including Supernumerary),6741,6741
"Dr. B R Ambedkar National Institute of Technology, Jalandhar","Data Science and Engineering (4 Years, Bachelor of Technology)",HS,ST,Gender-Neutral,6872,6872
"Dr. B R Ambedkar National Institute of Technology, Jalandhar","Data Science and Engineering (4 Years, Bachelor of Technology)",OS,OPEN,Gender-Neutral,11121,12940
"Dr. B R Ambedkar National Institute of Technology, Jalandhar","Data Science and Engineering (4 Years, Bachelor of Technology)",OS,OPEN,Female-only (including Supernumerary),19951,20893
"Dr. B R Ambedkar National Institute of Technology, Jalandhar","Data Science and Engineering (4 Years, Bachelor of Technology)",OS,OPEN (PwD),Gender-Neutral,575,575
"Dr. B R Ambedkar National Institute of Technology, Jalandhar","Data Science and Engineering (4 Years, Bachelor of Technology)",OS,EWS,Gender-Neutral,2047,2073
"Dr. B R Ambedkar National Institute of Technology, Jalandhar","Data Science and Engineering (4 Years, Bachelor of Technology)",OS,OBC-NCL,Gender-Neutral,3295,5049
"Dr. B R Ambedkar National Institute of Technology, Jalandhar","Data Science and Engineering (4 Years, Bachelor of Technology)",OS,OBC-NCL,Female-only (including Supernumerary),7871,7871
"Dr. B R Ambedkar National Institute of Technology, Jalandhar","Data Science and Engineering (4 Years, Bachelor of Technology)",OS,SC,Gender-Neutral,2501,2827
"Dr. B R Ambedkar National Institute of Technology, Jalandhar","Data Science and Engineering (4 Years, Bachelor of Technology)",OS,SC,Female-only (including Supernumerary),4676,4676
"Dr. B R Ambedkar National Institute of Technology, Jalandhar","Data Science and Engineering (4 Years, Bachelor of Technology)",OS,ST,Gender-Neutral,1140,1140
"Dr. B R Ambedkar National Institute of Technology, Jalandhar","Data Science and Engineering (4 Years, Bachelor of Technology)",OS,ST (PwD),Gender-Neutral,45,45
"Dr. B R Ambedkar National Institute of Technology, Jalandhar","Electrical Engineering (4 Years, Bachelor of Technology)",HS,OPEN,Gender-Neutral,27592,31321
"Dr. B R Ambedkar National Institute of Technology, Jalandhar","Electrical Engineering (4 Years, Bachelor of Technology)",HS,OPEN,Female-only (including Supernumerary),32695,32778
"Dr. B R Ambedkar National Institute of Technology, Jalandhar","Electrical Engineering (4 Years, Bachelor of Technology)",HS,EWS,Gender-Neutral,6149,6845
"Dr. B R Ambedkar National Institute of Technology, Jalandhar","Electrical Engineering (4 Years, Bachelor of Technology)",HS,EWS,Female-only (including Supernumerary),7307,7307
"Dr. B R Ambedkar National Institute of Technology, Jalandhar","Electrical Engineering (4 Years, Bachelor of Technology)",HS,OBC-NCL,Gender-Neutral,17886,37304
"Dr. B R Ambedkar National Institute of Technology, Jalandhar","Electrical Engineering (4 Years, Bachelor of Technology)",HS,OBC-NCL,Female-only (including Supernumerary),41167,47050
"Dr. B R Ambedkar National Institute of Technology, Jalandhar","Electrical Engineering (4 Years, Bachelor of Technology)",HS,SC,Gender-Neutral,6375,7741
"Dr. B R Ambedkar National Institute of Technology, Jalandhar","Electrical Engineering (4 Years, Bachelor of Technology)",HS,SC,Female-only (including Supernumerary),8258,8258
"Dr. B R Ambedkar National Institute of Technology, Jalandhar","Electrical Engineering (4 Years, Bachelor of Technology)",HS,ST,Gender-Neutral,20623,20623
"Dr. B R Ambedkar National Institute of Technology, Jalandhar","Electrical Engineering (4 Years, Bachelor of Technology)",OS,OPEN,Gender-Neutral,11802,19817
"Dr. B R Ambedkar National Institute of Technology, Jalandhar","Electrical Engineering (4 Years, Bachelor of Technology)",OS,OPEN,Female-only (including Supernumerary),27336,28138
"Dr. B R Ambedkar National Institute of Technology, Jalandhar","Electrical Engineering (4 Years, Bachelor of Technology)",OS,OPEN (PwD),Gender-Neutral,1193,1193
"Dr. B R Ambedkar National Institute of Technology, Jalandhar","Electrical Engineering (4 Years, Bachelor of Technology)",OS,EWS,Gender-Neutral,3294,3322
"Dr. B R Ambedkar National Institute of Technology, Jalandhar","Electrical Engineering (4 Years, Bachelor of Technology)",OS,EWS,Female-only (including Supernumerary),4782,4782
"Dr. B R Ambedkar National Institute of Technology, Jalandhar","Electrical Engineering (4 Years, Bachelor of Technology)",OS,OBC-NCL,Gender-Neutral,6597,7077
"Dr. B R Ambedkar National Institute of Technology, Jalandhar","Electrical Engineering (4 Years, Bachelor of Technology)",OS,OBC-NCL,Female-only (including Supernumerary),10974,10974
"Dr. B R Ambedkar National Institute of Technology, Jalandhar","Electrical Engineering (4 Years, Bachelor of Technology)",OS,SC,Gender-Neutral,3909,4170
"Dr. B R Ambedkar National Institute of Technology, Jalandhar","Electrical Engineering (4 Years, Bachelor of Technology)",OS,SC,Female-only (including Supernumerary),5036,5036
"Dr. B R Ambedkar National Institute of Technology, Jalandhar","Electrical Engineering (4 Years, Bachelor of Technology)",OS,ST,Gender-Neutral,1336,1355
"Dr. B R Ambedkar National Institute of Technology, Jalandhar","Electrical Engineering (4 Years, Bachelor of Technology)",OS,ST,Female-only (including Supernumerary),2598,2598
"Dr. B R Ambedkar National Institute of Technology, Jalandhar","Electronics and Communication Engineering (4 Years, Bachelor of Technology)",HS,OPEN,Gender-Neutral,14933,25178
"Dr. B R Ambedkar National Institute of Technology, Jalandhar","Electronics and Communication Engineering (4 Years, Bachelor of Technology)",HS,OPEN,Female-only (including Supernumerary),25400,27011
"Dr. B R Ambedkar National Institute of Technology, Jalandhar","Electronics and Communication Engineering (4 Years, Bachelor of Technology)",HS,OPEN (PwD),Gender-Neutral,2409,2409
"Dr. B R Ambedkar National Institute of Technology, Jalandhar","Electronics and Communication Engineering (4 Years, Bachelor of Technology)",HS,EWS,Gender-Neutral,4201,5397
"Dr. B R Ambedkar National Institute of Technology, Jalandhar","Electronics and Communication Engineering (4 Years, Bachelor of Technology)",HS,EWS,Female-only (including Supernumerary),5775,5775
"Dr. B R Ambedkar National Institute of Technology, Jalandhar","Electronics and Communication Engineering (4 Years, Bachelor of Technology)",HS,OBC-NCL,Gender-Neutral,13511,26931
"Dr. B R Ambedkar National Institute of Technology, Jalandhar","Electronics and Communication Engineering (4 Years, Bachelor of Technology)",HS,OBC-NCL,Female-only (including Supernumerary),21898,40885
"Dr. B R Ambedkar National Institute of Technology, Jalandhar","Electronics and Communication Engineering (4 Years, Bachelor of Technology)",HS,SC,Gender-Neutral,4550,6638
"Dr. B R Ambedkar National Institute of Technology, Jalandhar","Electronics and Communication Engineering (4 Years, Bachelor of Technology)",HS,SC,Female-only (including Supernumerary),7387,7387
"Dr. B R Ambedkar National Institute of Technology, Jalandhar","Electronics and Communication Engineering (4 Years, Bachelor of Technology)",HS,ST,Gender-Neutral,6588,9295
"Dr. B R Ambedkar National Institute of Technology, Jalandhar","Electronics and Communication Engineering (4 Years, Bachelor of Technology)",HS,ST,Female-only (including Supernumerary),19836,19836
"Dr. B R Ambedkar National Institute of Technology, Jalandhar","Electronics and Communication Engineering (4 Years, Bachelor of Technology)",OS,OPEN,Gender-Neutral,11652,14347
"Dr. B R Ambedkar National Institute of Technology, Jalandhar","Electronics and Communication Engineering (4 Years, Bachelor of Technology)",OS,OPEN,Female-only (including Supernumerary),22206,22811
"Dr. B R Ambedkar National Institute of Technology, Jalandhar","Electronics and Communication Engineering (4 Years, Bachelor of Technology)",OS,OPEN (PwD),Gender-Neutral,848,941
"Dr. B R Ambedkar National Institute of Technology, Jalandhar","Electronics and Communication Engineering (4 Years, Bachelor of Technology)",OS,EWS,Gender-Neutral,2220,2321
"Dr. B R Ambedkar National Institute of Technology, Jalandhar","Electronics and Communication Engineering (4 Years, Bachelor of Technology)",OS,EWS,Female-only (including Supernumerary),3811,3811
"Dr. B R Ambedkar National Institute of Technology, Jalandhar","Electronics and Communication Engineering (4 Years, Bachelor of Technology)",OS,EWS (PwD),Gender-Neutral,152,152
"Dr. B R Ambedkar National Institute of Technology, Jalandhar","Electronics and Communication Engineering (4 Years, Bachelor of Technology)",OS,OBC-NCL,Gender-Neutral,4237,5482
"Dr. B R Ambedkar National Institute of Technology, Jalandhar","Electronics and Communication Engineering (4 Years, Bachelor of Technology)",OS,OBC-NCL,Female-only (including Supernumerary),8211,8408
"Dr. B R Ambedkar National Institute of Technology, Jalandhar","Electronics and Communication Engineering (4 Years, Bachelor of Technology)",OS,SC,Gender-Neutral,2892,3338
"Dr. B R Ambedkar National Institute of Technology, Jalandhar","Electronics and Communication Engineering (4 Years, Bachelor of Technology)",OS,SC,Female-only (including Supernumerary),4615,4615
"Dr. B R Ambedkar National Institute of Technology, Jalandhar","Electronics and Communication Engineering (4 Years, Bachelor of Technology)",OS,ST,Gender-Neutral,1101,1167
"Dr. B R Ambedkar National Institute of Technology, Jalandhar","Electronics and Communication Engineering (4 Years, Bachelor of Technology)",OS,ST,Female-only (including Supernumerary),1569,1569
"Dr. B R Ambedkar National Institute of Technology, Jalandhar","Electronics and VLSI Engineering (4 Years, Bachelor of Technology)",HS,OPEN,Gender-Neutral,25883,27117
"Dr. B R Ambedkar National Institute of Technology, Jalandhar","Electronics and VLSI Engineering (4 Years, Bachelor of Technology)",HS,OPEN,Female-only (including Supernumerary),28204,28204
"Dr. B R Ambedkar National Institute of Technology, Jalandhar","Electronics and VLSI Engineering (4 Years, Bachelor of Technology)",HS,EWS,Gender-Neutral,6035,6035
"Dr. B R Ambedkar National Institute of Technology, Jalandhar","Electronics and VLSI Engineering (4 Years, Bachelor of Technology)",HS,OBC-NCL,Gender-Neutral,31100,33738
"Dr. B R Ambedkar National Institute of Technology, Jalandhar","Electronics and VLSI Engineering (4 Years, Bachelor of Technology)",HS,OBC-NCL,Female-only (including Supernumerary),41484,41484
"Dr. B R Ambedkar National Institute of Technology, Jalandhar","Electronics and VLSI Engineering (4 Years, Bachelor of Technology)",HS,SC,Gender-Neutral,6134,6917
"Dr. B R Ambedkar National Institute of Technology, Jalandhar","Electronics and VLSI Engineering (4 Years, Bachelor of Technology)",HS,SC,Female-only (including Supernumerary),8161,8161
"Dr. B R Ambedkar National Institute of Technology, Jalandhar","Electronics and VLSI Engineering (4 Years, Bachelor of Technology)",HS,ST,Gender-Neutral,29341,29341
"Dr. B R Ambedkar National Institute of Technology, Jalandhar","Electronics and VLSI Engineering (4 Years, Bachelor of Technology)",OS,OPEN,Gender-Neutral,14927,15751
"Dr. B R Ambedkar National Institute of Technology, Jalandhar","Electronics and VLSI Engineering (4 Years, Bachelor of Technology)",OS,OPEN,Female-only (including Supernumerary),25894,25894
"Dr. B R Ambedkar National Institute of Technology, Jalandhar","Electronics and VLSI Engineering (4 Years, Bachelor of Technology)",OS,OPEN (PwD),Gender-Neutral,1184,1184
"Dr. B R Ambedkar National Institute of Technology, Jalandhar","Electronics and VLSI Engineering (4 Years, Bachelor of Technology)",OS,EWS,Gender-Neutral,2535,2595
"Dr. B R Ambedkar National Institute of Technology, Jalandhar","Electronics and VLSI Engineering (4 Years, Bachelor of Technology)",OS,OBC-NCL,Gender-Neutral,5293,5925
"Dr. B R Ambedkar National Institute of Technology, Jalandhar","Electronics and VLSI Engineering (4 Years, Bachelor of Technology)",OS,OBC-NCL,Female-only (including Supernumerary),10301,10301
"Dr. B R Ambedkar National Institute of Technology, Jalandhar","Electronics and VLSI Engineering (4 Years, Bachelor of Technology)",OS,SC,Gender-Neutral,3701,3701
"Dr. B R Ambedkar National Institute of Technology, Jalandhar","Electronics and VLSI Engineering (4 Years, Bachelor of Technology)",OS,SC,Female-only (including Supernumerary),5579,5579
"Dr. B R Ambedkar National Institute of Technology, Jalandhar","Electronics and VLSI Engineering (4 Years, Bachelor of Technology)",OS,ST,Gender-Neutral,1405,1405
"Dr. B R Ambedkar National Institute of Technology, Jalandhar","Industrial and Production Engineering (4 Years, Bachelor of Technology)",HS,OPEN,Gender-Neutral,51820,63286
"Dr. B R Ambedkar National Institute of Technology, Jalandhar","Industrial and Production Engineering (4 Years, Bachelor of Technology)",HS,OPEN,Female-only (including Supernumerary),36750,63028
"Dr. B R Ambedkar National Institute of Technology, Jalandhar","Industrial and Production Engineering (4 Years, Bachelor of Technology)",HS,EWS,Gender-Neutral,12054,13177
"Dr. B R Ambedkar National Institute of Technology, Jalandhar","Industrial and Production Engineering (4 Years, Bachelor of Technology)",HS,EWS,Female-only (including Supernumerary),13447,13447
"Dr. B R Ambedkar National Institute of Technology, Jalandhar","Industrial and Production Engineering (4 Years, Bachelor of Technology)",HS,OBC-NCL,Gender-Neutral,60779,74512
"Dr. B R Ambedkar National Institute of Technology, Jalandhar","Industrial and Production Engineering (4 Years, Bachelor of Technology)",HS,OBC-NCL,Female-only (including Supernumerary),56040,80485
"Dr. B R Ambedkar National Institute of Technology, Jalandhar","Industrial and Production Engineering (4 Years, Bachelor of Technology)",HS,SC,Gender-Neutral,9709,13145
"Dr. B R Ambedkar National Institute of Technology, Jalandhar","Industrial and Production Engineering (4 Years, Bachelor of Technology)",HS,SC,Female-only (including Supernumerary),14955,14955
"Dr. B R Ambedkar National Institute of Technology, Jalandhar","Industrial and Production Engineering (4 Years, Bachelor of Technology)",OS,OPEN,Gender-Neutral,33488,43369
"Dr. B R Ambedkar National Institute of Technology, Jalandhar","Industrial and Production Engineering (4 Years, Bachelor of Technology)",OS,OPEN,Female-only (including Supernumerary),42601,49166
"Dr. B R Ambedkar National Institute of Technology, Jalandhar","Industrial and Production Engineering (4 Years, Bachelor of Technology)",OS,OPEN (PwD),Gender-Neutral,3491,3491
"Dr. B R Ambedkar National Institute of Technology, Jalandhar","Industrial and Production Engineering (4 Years, Bachelor of Technology)",OS,EWS,Gender-Neutral,7129,7426
"Dr. B R Ambedkar National Institute of Technology, Jalandhar","Industrial and Production Engineering (4 Years, Bachelor of Technology)",OS,OBC-NCL,Gender-Neutral,13878,15719
"Dr. B R Ambedkar National Institute of Technology, Jalandhar","Industrial and Production Engineering (4 Years, Bachelor of Technology)",OS,OBC-NCL,Female-only (including Supernumerary),16630,16630
"Dr. B R Ambedkar National Institute of Technology, Jalandhar","Industrial and Production Engineering (4 Years, Bachelor of Technology)",OS,SC,Gender-Neutral,6956,7340
"Dr. B R Ambedkar National Institute of Technology, Jalandhar","Industrial and Production Engineering (4 Years, Bachelor of Technology)",OS,SC,Female-only (including Supernumerary),10263,10263
"Dr. B R Ambedkar National Institute of Technology, Jalandhar","Industrial and Production Engineering (4 Years, Bachelor of Technology)",OS,ST,Gender-Neutral,2470,2929
"Dr. B R Ambedkar National Institute of Technology, Jalandhar","Industrial and Production Engineering (4 Years, Bachelor of Technology)",OS,ST,Female-only (including Supernumerary),2420,2420
"Dr. B R Ambedkar National Institute of Technology, Jalandhar","Information Technology (4 Years, Bachelor of Technology)",HS,OPEN,Gender-Neutral,16211,24613
"Dr. B R Ambedkar National Institute of Technology, Jalandhar","Information Technology (4 Years, Bachelor of Technology)",HS,OPEN,Female-only (including Supernumerary),20475,25198
"Dr. B R Ambedkar National Institute of Technology, Jalandhar","Information Technology (4 Years, Bachelor of Technology)",HS,EWS,Gender-Neutral,4504,5084
"Dr. B R Ambedkar National Institute of Technology, Jalandhar","Information Technology (4 Years, Bachelor of Technology)",HS,EWS,Female-only (including Supernumerary),4297,4297
"Dr. B R Ambedkar National Institute of Technology, Jalandhar","Information Technology (4 Years, Bachelor of Technology)",HS,OBC-NCL,Gender-Neutral,12760,19786
"Dr. B R Ambedkar National Institute of Technology, Jalandhar","Information Technology (4 Years, Bachelor of Technology)",HS,OBC-NCL,Female-only (including Supernumerary),23552,30554
"Dr. B R Ambedkar National Institute of Technology, Jalandhar","Information Technology (4 Years, Bachelor of Technology)",HS,SC,Gender-Neutral,4090,6508
"Dr. B R Ambedkar National Institute of Technology, Jalandhar","Information Technology (4 Years, Bachelor of Technology)",HS,SC,Female-only (including Supernumerary),6389,7016
"Dr. B R Ambedkar National Institute of Technology, Jalandhar","Information Technology (4 Years, Bachelor of Technology)",HS,ST,Gender-Neutral,6338,19832
"Dr. B R Ambedkar National Institute of Technology, Jalandhar","Information Technology (4 Years, Bachelor of Technology)",OS,OPEN,Gender-Neutral,10763,13375
"Dr. B R Ambedkar National Institute of Technology, Jalandhar","Information Technology (4 Years, Bachelor of Technology)",OS,OPEN,Female-only (including Supernumerary),16421,20332
"Dr. B R Ambedkar National Institute of Technology, Jalandhar","Information Technology (4 Years, Bachelor of Technology)",OS,OPEN (PwD),Gender-Neutral,573,573
"Dr. B R Ambedkar National Institute of Technology, Jalandhar","Information Technology (4 Years, Bachelor of Technology)",OS,OPEN (PwD),Female-only (including Supernumerary),2033,2033
"Dr. B R Ambedkar National Institute of Technology, Jalandhar","Information Technology (4 Years, Bachelor of Technology)",OS,EWS,Gender-Neutral,1994,2110
"Dr. B R Ambedkar National Institute of Technology, Jalandhar","Information Technology (4 Years, Bachelor of Technology)",OS,EWS,Female-only (including Supernumerary),3282,3282
"Dr. B R Ambedkar National Institute of Technology, Jalandhar","Information Technology (4 Years, Bachelor of Technology)",OS,OBC-NCL,Gender-Neutral,3784,4946
"Dr. B R Ambedkar National Institute of Technology, Jalandhar","Information Technology (4 Years, Bachelor of Technology)",OS,OBC-NCL,Female-only (including Supernumerary),7827,8296
"Dr. B R Ambedkar National Institute of Technology, Jalandhar","Information Technology (4 Years, Bachelor of Technology)",OS,OBC-NCL (PwD),Gender-Neutral,340,340
"Dr. B R Ambedkar National Institute of Technology, Jalandhar","Information Technology (4 Years, Bachelor of Technology)",OS,SC,Gender-Neutral,2788,3060
"Dr. B R Ambedkar National Institute of Technology, Jalandhar","Information Technology (4 Years, Bachelor of Technology)",OS,SC,Female-only (including Supernumerary),3427,3427
"Dr. B R Ambedkar National Institute of Technology, Jalandhar","Information Technology (4 Years, Bachelor of Technology)",OS,ST,Gender-Neutral,978,1173
"Dr. B R Ambedkar National Institute of Technology, Jalandhar","Instrumentation and Control Engineering (4 Years, Bachelor of Technology)",HS,OPEN,Gender-Neutral,35090,47034
"Dr. B R Ambedkar National Institute of Technology, Jalandhar","Instrumentation and Control Engineering (4 Years, Bachelor of Technology)",HS,OPEN,Female-only (including Supernumerary),33893,39660
"Dr. B R Ambedkar National Institute of Technology, Jalandhar","Instrumentation and Control Engineering (4 Years, Bachelor of Technology)",HS,EWS,Gender-Neutral,8030,10288
"Dr. B R Ambedkar National Institute of Technology, Jalandhar","Instrumentation and Control Engineering (4 Years, Bachelor of Technology)",HS,EWS,Female-only (including Supernumerary),8794,8794
"Dr. B R Ambedkar National Institute of Technology, Jalandhar","Instrumentation and Control Engineering (4 Years, Bachelor of Technology)",HS,OBC-NCL,Gender-Neutral,36232,48231
"Dr. B R Ambedkar National Institute of Technology, Jalandhar","Instrumentation and Control Engineering (4 Years, Bachelor of Technology)",HS,OBC-NCL,Female-only (including Supernumerary),48210,53998
"Dr. B R Ambedkar National Institute of Technology, Jalandhar","Instrumentation and Control Engineering (4 Years, Bachelor of Technology)",HS,SC,Gender-Neutral,7747,9775
"Dr. B R Ambedkar National Institute of Technology, Jalandhar","Instrumentation and Control Engineering (4 Years, Bachelor of Technology)",HS,SC,Female-only (including Supernumerary),9647,9647
"Dr. B R Ambedkar National Institute of Technology, Jalandhar","Instrumentation and Control Engineering (4 Years, Bachelor of Technology)",OS,OPEN,Gender-Neutral,22207,29692
"Dr. B R Ambedkar National Institute of Technology, Jalandhar","Instrumentation and Control Engineering (4 Years, Bachelor of Technology)",OS,OPEN,Female-only (including Supernumerary),32581,35180
"Dr. B R Ambedkar National Institute of Technology, Jalandhar","Instrumentation and Control Engineering (4 Years, Bachelor of Technology)",OS,OPEN (PwD),Gender-Neutral,2481,2481
"Dr. B R Ambedkar National Institute of Technology, Jalandhar","Instrumentation and Control Engineering (4 Years, Bachelor of Technology)",OS,EWS,Gender-Neutral,4724,5449
"Dr. B R Ambedkar National Institute of Technology, Jalandhar","Instrumentation and Control Engineering (4 Years, Bachelor of Technology)",OS,EWS,Female-only (including Supernumerary),6277,6277
"Dr. B R Ambedkar National Institute of Technology, Jalandhar","Instrumentation and Control Engineering (4 Years, Bachelor of Technology)",OS,OBC-NCL,Gender-Neutral,8355,10876
"Dr. B R Ambedkar National Institute of Technology, Jalandhar","Instrumentation and Control Engineering (4 Years, Bachelor of Technology)",OS,OBC-NCL,Female-only (including Supernumerary),14216,17410
"Dr. B R Ambedkar National Institute of Technology, Jalandhar","Instrumentation and Control Engineering (4 Years, Bachelor of Technology)",OS,OBC-NCL (PwD),Gender-Neutral,1486,1486
"Dr. B R Ambedkar National Institute of Technology, Jalandhar","Instrumentation and Control Engineering (4 Years, Bachelor of Technology)",OS,SC,Gender-Neutral,4708,6410
"Dr. B R Ambedkar National Institute of Technology, Jalandhar","Instrumentation and Control Engineering (4 Years, Bachelor of Technology)",OS,SC,Female-only (including Supernumerary),5683,5683
"Dr. B R Ambedkar National Institute of Technology, Jalandhar","Instrumentation and Control Engineering (4 Years, Bachelor of Technology)",OS,ST,Gender-Neutral,2340,2605
"Dr. B R Ambedkar National Institute of Technology, Jalandhar","Instrumentation and Control Engineering (4 Years, Bachelor of Technology)",OS,ST,Female-only (including Supernumerary),3248,3248
"Dr. B R Ambedkar National Institute of Technology, Jalandhar","Mathematics and Computing (4 Years, Bachelor of Technology)",HS,OPEN,Gender-Neutral,21758,25115
"Dr. B R Ambedkar National Institute of Technology, Jalandhar","Mathematics and Computing (4 Years, Bachelor of Technology)",HS,OPEN,Female-only (including Supernumerary),25376,25376
"Dr. B R Ambedkar National Institute of Technology, Jalandhar","Mathematics and Computing (4 Years, Bachelor of Technology)",HS,EWS,Gender-Neutral,4051,4979
"Dr. B R Ambedkar National Institute of Technology, Jalandhar","Mathematics and Computing (4 Years, Bachelor of Technology)",HS,OBC-NCL,Gender-Neutral,11995,21763
"Dr. B R Ambedkar National Institute of Technology, Jalandhar","Mathematics and Computing (4 Years, Bachelor of Technology)",HS,OBC-NCL,Female-only (including Supernumerary),30730,30730
"Dr. B R Ambedkar National Institute of Technology, Jalandhar","Mathematics and Computing (4 Years, Bachelor of Technology)",HS,SC,Gender-Neutral,7257,7725
"Dr. B R Ambedkar National Institute of Technology, Jalandhar","Mathematics and Computing (4 Years, Bachelor of Technology)",HS,SC,Female-only (including Supernumerary),7233,7233
"Dr. B R Ambedkar National Institute of Technology, Jalandhar","Mathematics and Computing (4 Years, Bachelor of Technology)",HS,ST,Gender-Neutral,6525,6525
"Dr. B R Ambedkar National Institute of Technology, Jalandhar","Mathematics and Computing (4 Years, Bachelor of Technology)",OS,OPEN,Gender-Neutral,9650,12482
"Dr. B R Ambedkar National Institute of Technology, Jalandhar","Mathematics and Computing (4 Years, Bachelor of Technology)",OS,OPEN,Female-only (including Supernumerary),18379,22062
"Dr. B R Ambedkar National Institute of Technology, Jalandhar","Mathematics and Computing (4 Years, Bachelor of Technology)",OS,OPEN (PwD),Gender-Neutral,1541,1541
"Dr. B R Ambedkar National Institute of Technology, Jalandhar","Mathematics and Computing (4 Years, Bachelor of Technology)",OS,EWS,Gender-Neutral,2129,2240
"Dr. B R Ambedkar National Institute of Technology, Jalandhar","Mathematics and Computing (4 Years, Bachelor of Technology)",OS,OBC-NCL,Gender-Neutral,4690,5294
"Dr. B R Ambedkar National Institute of Technology, Jalandhar","Mathematics and Computing (4 Years, Bachelor of Technology)",OS,OBC-NCL,Female-only (including Supernumerary),8651,8651
"Dr. B R Ambedkar National Institute of Technology, Jalandhar","Mathematics and Computing (4 Years, Bachelor of Technology)",OS,SC,Gender-Neutral,2982,3466
"Dr. B R Ambedkar National Institute of Technology, Jalandhar","Mathematics and Computing (4 Years, Bachelor of Technology)",OS,SC,Female-only (including Supernumerary),4855,4855
"Dr. B R Ambedkar National Institute of Technology, Jalandhar","Mathematics and Computing (4 Years, Bachelor of Technology)",OS,ST,Gender-Neutral,1088,1088
"Dr. B R Ambedkar National Institute of Technology, Jalandhar","Mechanical Engineering (4 Years, Bachelor of Technology)",HS,OPEN,Gender-Neutral,29363,47419
"Dr. B R Ambedkar National Institute of Technology, Jalandhar","Mechanical Engineering (4 Years, Bachelor of Technology)",HS,OPEN,Female-only (including Supernumerary),45677,49462
"Dr. B R Ambedkar National Institute of Technology, Jalandhar","Mechanical Engineering (4 Years, Bachelor of Technology)",HS,EWS,Gender-Neutral,8135,10528
"Dr. B R Ambedkar National Institute of Technology, Jalandhar","Mechanical Engineering (4 Years, Bachelor of Technology)",HS,OBC-NCL,Gender-Neutral,25038,45149
"Dr. B R Ambedkar National Institute of Technology, Jalandhar","Mechanical Engineering (4 Years, Bachelor of Technology)",HS,OBC-NCL,Female-only (including Supernumerary),41011,56439
"Dr. B R Ambedkar National Institute of Technology, Jalandhar","Mechanical Engineering (4 Years, Bachelor of Technology)",HS,SC,Gender-Neutral,8442,10075
"Dr. B R Ambedkar National Institute of Technology, Jalandhar","Mechanical Engineering (4 Years, Bachelor of Technology)",HS,SC,Female-only (including Supernumerary),12658,13333
"Dr. B R Ambedkar National Institute of Technology, Jalandhar","Mechanical Engineering (4 Years, Bachelor of Technology)",OS,OPEN,Gender-Neutral,23454,29253
"Dr. B R Ambedkar National Institute of Technology, Jalandhar","Mechanical Engineering (4 Years, Bachelor of Technology)",OS,OPEN,Female-only (including Supernumerary),39777,41808
"Dr. B R Ambedkar National Institute of Technology, Jalandhar","Mechanical Engineering (4 Years, Bachelor of Technology)",OS,OPEN (PwD),Gender-Neutral,1513,1513
"Dr. B R Ambedkar National Institute of Technology, Jalandhar","Mechanical Engineering (4 Years, Bachelor of Technology)",OS,EWS,Gender-Neutral,4880,5002
"Dr. B R Ambedkar National Institute of Technology, Jalandhar","Mechanical Engineering (4 Years, Bachelor of Technology)",OS,EWS,Female-only (including Supernumerary),7353,7353
"Dr. B R Ambedkar National Institute of Technology, Jalandhar","Mechanical Engineering (4 Years, Bachelor of Technology)",OS,OBC-NCL,Gender-Neutral,8940,10357
"Dr. B R Ambedkar National Institute of Technology, Jalandhar","Mechanical Engineering (4 Years, Bachelor of Technology)",OS,OBC-NCL,Female-only (including Supernumerary),16501,17625
"Dr. B R Ambedkar National Institute of Technology, Jalandhar","Mechanical Engineering (4 Years, Bachelor of Technology)",OS,OBC-NCL (PwD),Gender-Neutral,1751,1751
"Dr. B R Ambedkar National Institute of Technology, Jalandhar","Mechanical Engineering (4 Years, Bachelor of Technology)",OS,SC,Gender-Neutral,4949,5626
"Dr. B R Ambedkar National Institute of Technology, Jalandhar","Mechanical Engineering (4 Years, Bachelor of Technology)",OS,SC,Female-only (including Supernumerary),8464,8626
"Dr. B R Ambedkar National Institute of Technology, Jalandhar","Mechanical Engineering (4 Years, Bachelor of Technology)",OS,ST,Gender-Neutral,2143,2293
"Dr. B R Ambedkar National Institute of Technology, Jalandhar","Mechanical Engineering (4 Years, Bachelor of Technology)",OS,ST,Female-only (including Supernumerary),3699,3699
"Dr. B R Ambedkar National Institute of Technology, Jalandhar","Textile Technology (4 Years, Bachelor of Technology)",HS,OPEN,Gender-Neutral,66693,76110
"Dr. B R Ambedkar National Institute of Technology, Jalandhar","Textile Technology (4 Years, Bachelor of Technology)",HS,OPEN,Female-only (including Supernumerary),68128,76737
"Dr. B R Ambedkar National Institute of Technology, Jalandhar","Textile Technology (4 Years, Bachelor of Technology)",HS,EWS,Gender-Neutral,14138,14966
"Dr. B R Ambedkar National Institute of Technology, Jalandhar","Textile Technology (4 Years, Bachelor of Technology)",HS,EWS,Female-only (including Supernumerary),14493,14493
"Dr. B R Ambedkar National Institute of Technology, Jalandhar","Textile Technology (4 Years, Bachelor of Technology)",HS,OBC-NCL,Gender-Neutral,66171,80100
"Dr. B R Ambedkar National Institute of Technology, Jalandhar","Textile Technology (4 Years, Bachelor of Technology)",HS,OBC-NCL,Female-only (including Supernumerary),78061,83770
"Dr. B R Ambedkar National Institute of Technology, Jalandhar","Textile Technology (4 Years, Bachelor of Technology)",HS,SC,Gender-Neutral,12817,15131
"Dr. B R Ambedkar National Institute of Technology, Jalandhar","Textile Technology (4 Years, Bachelor of Technology)",HS,SC,Female-only (including Supernumerary),15499,15499
"Dr. B R Ambedkar National Institute of Technology, Jalandhar","Textile Technology (4 Years, Bachelor of Technology)",OS,OPEN,Gender-Neutral,44834,48138
"Dr. B R Ambedkar National Institute of Technology, Jalandhar","Textile Technology (4 Years, Bachelor of Technology)",OS,OPEN,Female-only (including Supernumerary),54448,56097
"Dr. B R Ambedkar National Institute of Technology, Jalandhar","Textile Technology (4 Years, Bachelor of Technology)",OS,OPEN (PwD),Gender-Neutral,3284,3284
"Dr. B R Ambedkar National Institute of Technology, Jalandhar","Textile Technology (4 Years, Bachelor of Technology)",OS,EWS,Gender-Neutral,7793,7997
"Dr. B R Ambedkar National Institute of Technology, Jalandhar","Textile Technology (4 Years, Bachelor of Technology)",OS,EWS,Female-only (including Supernumerary),9710,9710
"Dr. B R Ambedkar National Institute of Technology, Jalandhar","Textile Technology (4 Years, Bachelor of Technology)",OS,OBC-NCL,Gender-Neutral,15238,16803
"Dr. B R Ambedkar National Institute of Technology, Jalandhar","Textile Technology (4 Years, Bachelor of Technology)",OS,OBC-NCL,Female-only (including Supernumerary),21107,21114
"Dr. B R Ambedkar National Institute of Technology, Jalandhar","Textile Technology (4 Years, Bachelor of Technology)",OS,SC,Gender-Neutral,7750,8412
"Dr. B R Ambedkar National Institute of Technology, Jalandhar","Textile Technology (4 Years, Bachelor of Technology)",OS,SC,Female-only (including Supernumerary),10819,10831
"Dr. B R Ambedkar National Institute of Technology, Jalandhar","Textile Technology (4 Years, Bachelor of Technology)",OS,ST,Gender-Neutral,3272,3388
"Dr. B R Ambedkar National Institute of Technology, Jalandhar","Textile Technology (4 Years, Bachelor of Technology)",OS,ST,Female-only (including Supernumerary),3592,3592
Malaviya National Institute of Technology Jaipur,"Architecture (5 Years, Bachelor of Architecture)",HS,OPEN,Gender-Neutral,757,2446
Malaviya National Institute of Technology Jaipur,"Architecture (5 Years, Bachelor of Architecture)",HS,OPEN,Female-only (including Supernumerary),712,1098
Malaviya National Institute of Technology Jaipur,"Architecture (5 Years, Bachelor of Architecture)",HS,EWS,Gender-Neutral,314,751
Malaviya National Institute of Technology Jaipur,"Architecture (5 Years, Bachelor of Architecture)",HS,OBC-NCL,Gender-Neutral,1134,2298
Malaviya National Institute of Technology Jaipur,"Architecture (5 Years, Bachelor of Architecture)",HS,OBC-NCL,Female-only (including Supernumerary),1476,1493
Malaviya National Institute of Technology Jaipur,"Architecture (5 Years, Bachelor of Architecture)",HS,SC,Gender-Neutral,424,1648
Malaviya National Institute of Technology Jaipur,"Architecture (5 Years, Bachelor of Architecture)",HS,SC,Female-only (including Supernumerary),368,368
Malaviya National Institute of Technology Jaipur,"Architecture (5 Years, Bachelor of Architecture)",HS,ST,Gender-Neutral,433,650
Malaviya National Institute of Technology Jaipur,"Architecture (5 Years, Bachelor of Architecture)",HS,ST,Female-only (including Supernumerary),1545,1545
Malaviya National Institute of Technology Jaipur,"Architecture (5 Years, Bachelor of Architecture)",OS,OPEN,Gender-Neutral,497,886
Malaviya National Institute of Technology Jaipur,"Architecture (5 Years, Bachelor of Architecture)",OS,OPEN,Female-only (including Supernumerary),316,631
Malaviya National Institute of Technology Jaipur,"Architecture (5 Years, Bachelor of Architecture)",OS,EWS,Gender-Neutral,270,417
Malaviya National Institute of Technology Jaipur,"Architecture (5 Years, Bachelor of Architecture)",OS,EWS,Female-only (including Supernumerary),165,165
Malaviya National Institute of Technology Jaipur,"Architecture (5 Years, Bachelor of Architecture)",OS,OBC-NCL,Gender-Neutral,284,651
Malaviya National Institute of Technology Jaipur,"Architecture (5 Years, Bachelor of Architecture)",OS,OBC-NCL,Female-only (including Supernumerary),534,703
Malaviya National Institute of Technology Jaipur,"Architecture (5 Years, Bachelor of Architecture)",OS,SC,Gender-Neutral,159,321
Malaviya National Institute of Technology Jaipur,"Architecture (5 Years, Bachelor of Architecture)",OS,SC,Female-only (including Supernumerary),143,143
Malaviya National Institute of Technology Jaipur,"Architecture (5 Years, Bachelor of Architecture)",OS,ST,Gender-Neutral,78,192
Malaviya National Institute of Technology Jaipur,"Architecture (5 Years, Bachelor of Architecture)",OS,ST,Female-only (including Supernumerary),65,65
Malaviya National Institute of Technology Jaipur,"Artificial Intelligence and Data Engineering (4 Years, Bachelor of Technology)",HS,OPEN,Gender-Neutral,5228,5990
Malaviya National Institute of Technology Jaipur,"Artificial Intelligence and Data Engineering (4 Years, Bachelor of Technology)",HS,EWS,Gender-Neutral,957,957
Malaviya National Institute of Technology Jaipur,"Artificial Intelligence and Data Engineering (4 Years, Bachelor of Technology)",HS,EWS,Female-only (including Supernumerary),1865,1865
Malaviya National Institute of Technology Jaipur,"Artificial Intelligence and Data Engineering (4 Years, Bachelor of Technology)",HS,OBC-NCL,Gender-Neutral,2333,2804
Malaviya National Institute of Technology Jaipur,"Artificial Intelligence and Data Engineering (4 Years, Bachelor of Technology)",HS,OBC-NCL,Female-only (including Supernumerary),2209,2209
Malaviya National Institute of Technology Jaipur,"Artificial Intelligence and Data Engineering (4 Years, Bachelor of Technology)",HS,SC,Gender-Neutral,1261,1968
Malaviya National Institute of Technology Jaipur,"Artificial Intelligence and Data Engineering (4 Years, Bachelor of Technology)",HS,SC,Female-only (including Supernumerary),3147,3147
Malaviya National Institute of Technology Jaipur,"Artificial Intelligence and Data Engineering (4 Years, Bachelor of Technology)",HS,ST,Gender-Neutral,430,430
Malaviya National Institute of Technology Jaipur,"Artificial Intelligence and Data Engineering (4 Years, Bachelor of Technology)",HS,ST,Female-only (including Supernumerary),1168,1168
Malaviya National Institute of Technology Jaipur,"Artificial Intelligence and Data Engineering (4 Years, Bachelor of Technology)",OS,OPEN,Gender-Neutral,4505,5251
Malaviya National Institute of Technology Jaipur,"Artificial Intelligence and Data Engineering (4 Years, Bachelor of Technology)",OS,OPEN,Female-only (including Supernumerary),7220,7220
Malaviya National Institute of Technology Jaipur,"Artificial Intelligence and Data Engineering (4 Years, Bachelor of Technology)",OS,EWS,Gender-Neutral,807,937
Malaviya National Institute of Technology Jaipur,"Artificial Intelligence and Data Engineering (4 Years, Bachelor of Technology)",OS,EWS,Female-only (including Supernumerary),1598,1598
Malaviya National Institute of Technology Jaipur,"Artificial Intelligence and Data Engineering (4 Years, Bachelor of Technology)",OS,OBC-NCL,Gender-Neutral,1725,1951
Malaviya National Institute of Technology Jaipur,"Artificial Intelligence and Data Engineering (4 Years, Bachelor of Technology)",OS,OBC-NCL,Female-only (including Supernumerary),4883,4883
Malaviya National Institute of Technology Jaipur,"Artificial Intelligence and Data Engineering (4 Years, Bachelor of Technology)",OS,SC,Gender-Neutral,1275,1349
Malaviya National Institute of Technology Jaipur,"Artificial Intelligence and Data Engineering (4 Years, Bachelor of Technology)",OS,SC,Female-only (including Supernumerary),3122,3122
Malaviya National Institute of Technology Jaipur,"Artificial Intelligence and Data Engineering (4 Years, Bachelor of Technology)",OS,ST,Gender-Neutral,521,521
Malaviya National Institute of Technology Jaipur,"Chemical Engineering (4 Years, Bachelor of Technology)",HS,OPEN,Gender-Neutral,19731,27164
Malaviya National Institute of Technology Jaipur,"Chemical Engineering (4 Years, Bachelor of Technology)",HS,OPEN,Female-only (including Supernumerary),17887,31162
Malaviya National Institute of Technology Jaipur,"Chemical Engineering (4 Years, Bachelor of Technology)",HS,OPEN (PwD),Gender-Neutral,1615,1615
Malaviya National Institute of Technology Jaipur,"Chemical Engineering (4 Years, Bachelor of Technology)",HS,EWS,Gender-Neutral,4301,4630
Malaviya National Institute of Technology Jaipur,"Chemical Engineering (4 Years, Bachelor of Technology)",HS,EWS,Female-only (including Supernumerary),6051,6051
Malaviya National Institute of Technology Jaipur,"Chemical Engineering (4 Years, Bachelor of Technology)",HS,OBC-NCL,Gender-Neutral,7466,8838
Malaviya National Institute of Technology Jaipur,"Chemical Engineering (4 Years, Bachelor of Technology)",HS,OBC-NCL,Female-only (including Supernumerary),10549,17034
Malaviya National Institute of Technology Jaipur,"Chemical Engineering (4 Years, Bachelor of Technology)",HS,SC,Gender-Neutral,1795,5265
Malaviya National Institute of Technology Jaipur,"Chemical Engineering (4 Years, Bachelor of Technology)",HS,SC,Female-only (including Supernumerary),7515,7563
Malaviya National Institute of Technology Jaipur,"Chemical Engineering (4 Years, Bachelor of Technology)",HS,ST,Gender-Neutral,586,1729
Malaviya National Institute of Technology Jaipur,"Chemical Engineering (4 Years, Bachelor of Technology)",HS,ST,Female-only (including Supernumerary),3006,3006
Malaviya National Institute of Technology Jaipur,"Chemical Engineering (4 Years, Bachelor of Technology)",OS,OPEN,Gender-Neutral,18322,23541
Malaviya National Institute of Technology Jaipur,"Chemical Engineering (4 Years, Bachelor of Technology)",OS,OPEN,Female-only (including Supernumerary),26719,32066
Malaviya National Institute of Technology Jaipur,"Chemical Engineering (4 Years, Bachelor of Technology)",OS,OPEN (PwD),Gender-Neutral,2039,2039
Malaviya National Institute of Technology Jaipur,"Chemical Engineering (4 Years, Bachelor of Technology)",OS,EWS,Gender-Neutral,3938,4256
Malaviya National Institute of Technology Jaipur,"Chemical Engineering (4 Years, Bachelor of Technology)",OS,EWS,Female-only (including Supernumerary),5973,5973
Malaviya National Institute of Technology Jaipur,"Chemical Engineering (4 Years, Bachelor of Technology)",OS,OBC-NCL,Gender-Neutral,8174,9083
Malaviya National Institute of Technology Jaipur,"Chemical Engineering (4 Years, Bachelor of Technology)",OS,OBC-NCL,Female-only (including Supernumerary),13155,15527
Malaviya National Institute of Technology Jaipur,"Chemical Engineering (4 Years, Bachelor of Technology)",OS,OBC-NCL (PwD),Gender-Neutral,905,905
Malaviya National Institute of Technology Jaipur,"Chemical Engineering (4 Years, Bachelor of Technology)",OS,SC,Gender-Neutral,4408,5176
Malaviya National Institute of Technology Jaipur,"Chemical Engineering (4 Years, Bachelor of Technology)",OS,SC,Female-only (including Supernumerary),4796,7023
Malaviya National Institute of Technology Jaipur,"Chemical Engineering (4 Years, Bachelor of Technology)",OS,ST,Gender-Neutral,2007,2399
Malaviya National Institute of Technology Jaipur,"Chemical Engineering (4 Years, Bachelor of Technology)",OS,ST,Female-only (including Supernumerary),3379,3379
Malaviya National Institute of Technology Jaipur,"Civil Engineering (4 Years, Bachelor of Technology)",HS,OPEN,Gender-Neutral,16373,27906
Malaviya National Institute of Technology Jaipur,"Civil Engineering (4 Years, Bachelor of Technology)",HS,OPEN,Female-only (including Supernumerary),25667,35785
Malaviya National Institute of Technology Jaipur,"Civil Engineering (4 Years, Bachelor of Technology)",HS,OPEN (PwD),Gender-Neutral,2078,3096
Malaviya National Institute of Technology Jaipur,"Civil Engineering (4 Years, Bachelor of Technology)",HS,EWS,Gender-Neutral,4727,5195
Malaviya National Institute of Technology Jaipur,"Civil Engineering (4 Years, Bachelor of Technology)",HS,EWS,Female-only (including Supernumerary),6104,6104
Malaviya National Institute of Technology Jaipur,"Civil Engineering (4 Years, Bachelor of Technology)",HS,OBC-NCL,Gender-Neutral,8841,10751
Malaviya National Institute of Technology Jaipur,"Civil Engineering (4 Years, Bachelor of Technology)",HS,OBC-NCL,Female-only (including Supernumerary),10828,17360
Malaviya National Institute of Technology Jaipur,"Civil Engineering (4 Years, Bachelor of Technology)",HS,SC,Gender-Neutral,2660,4559
Malaviya National Institute of Technology Jaipur,"Civil Engineering (4 Years, Bachelor of Technology)",HS,SC,Female-only (including Supernumerary),6036,6609
Malaviya National Institute of Technology Jaipur,"Civil Engineering (4 Years, Bachelor of Technology)",HS,ST,Gender-Neutral,209,261
Malaviya National Institute of Technology Jaipur,"Civil Engineering (4 Years, Bachelor of Technology)",HS,ST,Female-only (including Supernumerary),453,453
Malaviya National Institute of Technology Jaipur,"Civil Engineering (4 Years, Bachelor of Technology)",OS,OPEN,Gender-Neutral,15273,30150
Malaviya National Institute of Technology Jaipur,"Civil Engineering (4 Years, Bachelor of Technology)",OS,OPEN,Female-only (including Supernumerary),27994,42297
Malaviya National Institute of Technology Jaipur,"Civil Engineering (4 Years, Bachelor of Technology)",OS,OPEN (PwD),Gender-Neutral,958,958
Malaviya National Institute of Technology Jaipur,"Civil Engineering (4 Years, Bachelor of Technology)",OS,EWS,Gender-Neutral,5000,5456
Malaviya National Institute of Technology Jaipur,"Civil Engineering (4 Years, Bachelor of Technology)",OS,EWS,Female-only (including Supernumerary),7448,7448
Malaviya National Institute of Technology Jaipur,"Civil Engineering (4 Years, Bachelor of Technology)",OS,EWS (PwD),Gender-Neutral,447,447
Malaviya National Institute of Technology Jaipur,"Civil Engineering (4 Years, Bachelor of Technology)",OS,OBC-NCL,Gender-Neutral,8229,11673
Malaviya National Institute of Technology Jaipur,"Civil Engineering (4 Years, Bachelor of Technology)",OS,OBC-NCL,Female-only (including Supernumerary),14832,16471
Malaviya National Institute of Technology Jaipur,"Civil Engineering (4 Years, Bachelor of Technology)",OS,SC,Gender-Neutral,1196,5538
Malaviya National Institute of Technology Jaipur,"Civil Engineering (4 Years, Bachelor of Technology)",OS,SC,Female-only (including Supernumerary),6992,7033
Malaviya National Institute of Technology Jaipur,"Civil Engineering (4 Years, Bachelor of Technology)",OS,ST,Gender-Neutral,862,1480
Malaviya National Institute of Technology Jaipur,"Civil Engineering (4 Years, Bachelor of Technology)",OS,ST,Female-only (including Supernumerary),2202,2202
Malaviya National Institute of Technology Jaipur,"Computer Science and Engineering (4 Years, Bachelor of Technology)",HS,OPEN,Gender-Neutral,3099,4968
Malaviya National Institute of Technology Jaipur,"Computer Science and Engineering (4 Years, Bachelor of Technology)",HS,OPEN,Female-only (including Supernumerary),5725,8836
Malaviya National Institute of Technology Jaipur,"Computer Science and Engineering (4 Years, Bachelor of Technology)",HS,OPEN (PwD),Gender-Neutral,68,68
Malaviya National Institute of Technology Jaipur,"Computer Science and Engineering (4 Years, Bachelor of Technology)",HS,EWS,Gender-Neutral,737,883
Malaviya National Institute of Technology Jaipur,"Computer Science and Engineering (4 Years, Bachelor of Technology)",HS,EWS,Female-only (including Supernumerary),1718,1718
Malaviya National Institute of Technology Jaipur,"Computer Science and Engineering (4 Years, Bachelor of Technology)",HS,EWS (PwD),Gender-Neutral,117,117
Malaviya National Institute of Technology Jaipur,"Computer Science and Engineering (4 Years, Bachelor of Technology)",HS,OBC-NCL,Gender-Neutral,1308,2123
Malaviya National Institute of Technology Jaipur,"Computer Science and Engineering (4 Years, Bachelor of Technology)",HS,OBC-NCL,Female-only (including Supernumerary),2908,3086
Malaviya National Institute of Technology Jaipur,"Computer Science and Engineering (4 Years, Bachelor of Technology)",HS,OBC-NCL (PwD),Gender-Neutral,97,97
Malaviya National Institute of Technology Jaipur,"Computer Science and Engineering (4 Years, Bachelor of Technology)",HS,SC,Gender-Neutral,604,1182
Malaviya National Institute of Technology Jaipur,"Computer Science and Engineering (4 Years, Bachelor of Technology)",HS,SC,Female-only (including Supernumerary),1697,2821
Malaviya National Institute of Technology Jaipur,"Computer Science and Engineering (4 Years, Bachelor of Technology)",HS,ST,Gender-Neutral,170,203
Malaviya National Institute of Technology Jaipur,"Computer Science and Engineering (4 Years, Bachelor of Technology)",HS,ST,Female-only (including Supernumerary),864,864
Malaviya National Institute of Technology Jaipur,"Computer Science and Engineering (4 Years, Bachelor of Technology)",OS,OPEN,Gender-Neutral,1501,4535
Malaviya National Institute of Technology Jaipur,"Computer Science and Engineering (4 Years, Bachelor of Technology)",OS,OPEN,Female-only (including Supernumerary),5097,7039
Malaviya National Institute of Technology Jaipur,"Computer Science and Engineering (4 Years, Bachelor of Technology)",OS,OPEN (PwD),Gender-Neutral,179,179
Malaviya National Institute of Technology Jaipur,"Computer Science and Engineering (4 Years, Bachelor of Technology)",OS,OPEN (PwD),Female-only (including Supernumerary),345,345
Malaviya National Institute of Technology Jaipur,"Computer Science and Engineering (4 Years, Bachelor of Technology)",OS,EWS,Gender-Neutral,644,709
Malaviya National Institute of Technology Jaipur,"Computer Science and Engineering (4 Years, Bachelor of Technology)",OS,EWS,Female-only (including Supernumerary),1110,1110
Malaviya National Institute of Technology Jaipur,"Computer Science and Engineering (4 Years, Bachelor of Technology)",OS,OBC-NCL,Gender-Neutral,1023,1605
Malaviya National Institute of Technology Jaipur,"Computer Science and Engineering (4 Years, Bachelor of Technology)",OS,OBC-NCL,Female-only (including Supernumerary),2576,4063
Malaviya National Institute of Technology Jaipur,"Computer Science and Engineering (4 Years, Bachelor of Technology)",OS,OBC-NCL (PwD),Gender-Neutral,121,121
Malaviya National Institute of Technology Jaipur,"Computer Science and Engineering (4 Years, Bachelor of Technology)",OS,SC,Gender-Neutral,557,1015
Malaviya National Institute of Technology Jaipur,"Computer Science and Engineering (4 Years, Bachelor of Technology)",OS,SC,Female-only (including Supernumerary),1315,1315
Malaviya National Institute of Technology Jaipur,"Computer Science and Engineering (4 Years, Bachelor of Technology)",OS,SC (PwD),Gender-Neutral,30,30
Malaviya National Institute of Technology Jaipur,"Computer Science and Engineering (4 Years, Bachelor of Technology)",OS,ST,Gender-Neutral,253,433
Malaviya National Institute of Technology Jaipur,"Computer Science and Engineering (4 Years, Bachelor of Technology)",OS,ST,Female-only (including Supernumerary),708,708
Malaviya National Institute of Technology Jaipur,"Electrical Engineering (4 Years, Bachelor of Technology)",HS,OPEN,Gender-Neutral,10251,13684
Malaviya National Institute of Technology Jaipur,"Electrical Engineering (4 Years, Bachelor of Technology)",HS,OPEN,Female-only (including Supernumerary),17031,21644
Malaviya National Institute of Technology Jaipur,"Electrical Engineering (4 Years, Bachelor of Technology)",HS,OPEN (PwD),Female-only (including Supernumerary),2014,2014
Malaviya National Institute of Technology Jaipur,"Electrical Engineering (4 Years, Bachelor of Technology)",HS,EWS,Gender-Neutral,2039,2297
Malaviya National Institute of Technology Jaipur,"Electrical Engineering (4 Years, Bachelor of Technology)",HS,EWS,Female-only (including Supernumerary),3638,3638
Malaviya National Institute of Technology Jaipur,"Electrical Engineering (4 Years, Bachelor of Technology)",HS,OBC-NCL,Gender-Neutral,4062,5155
Malaviya National Institute of Technology Jaipur,"Electrical Engineering (4 Years, Bachelor of Technology)",HS,OBC-NCL,Female-only (including Supernumerary),8380,8807
Malaviya National Institute of Technology Jaipur,"Electrical Engineering (4 Years, Bachelor of Technology)",HS,OBC-NCL (PwD),Gender-Neutral,181,181
Malaviya National Institute of Technology Jaipur,"Electrical Engineering (4 Years, Bachelor of Technology)",HS,SC,Gender-Neutral,718,2981
Malaviya National Institute of Technology Jaipur,"Electrical Engineering (4 Years, Bachelor of Technology)",HS,SC,Female-only (including Supernumerary),4446,4446
Malaviya National Institute of Technology Jaipur,"Electrical Engineering (4 Years, Bachelor of Technology)",HS,ST,Gender-Neutral,234,674
Malaviya National Institute of Technology Jaipur,"Electrical Engineering (4 Years, Bachelor of Technology)",HS,ST,Female-only (including Supernumerary),824,824
Malaviya National Institute of Technology Jaipur,"Electrical Engineering (4 Years, Bachelor of Technology)",OS,OPEN,Gender-Neutral,9311,12301
Malaviya National Institute of Technology Jaipur,"Electrical Engineering (4 Years, Bachelor of Technology)",OS,OPEN,Female-only (including Supernumerary),15385,18661
Malaviya National Institute of Technology Jaipur,"Electrical Engineering (4 Years, Bachelor of Technology)",OS,OPEN (PwD),Gender-Neutral,787,787
Malaviya National Institute of Technology Jaipur,"Electrical Engineering (4 Years, Bachelor of Technology)",OS,EWS,Gender-Neutral,1825,2019
Malaviya National Institute of Technology Jaipur,"Electrical Engineering (4 Years, Bachelor of Technology)",OS,EWS,Female-only (including Supernumerary),3441,3441
Malaviya National Institute of Technology Jaipur,"Electrical Engineering (4 Years, Bachelor of Technology)",OS,OBC-NCL,Gender-Neutral,4480,5288
Malaviya National Institute of Technology Jaipur,"Electrical Engineering (4 Years, Bachelor of Technology)",OS,OBC-NCL,Female-only (including Supernumerary),7253,8992
Malaviya National Institute of Technology Jaipur,"Electrical Engineering (4 Years, Bachelor of Technology)",OS,OBC-NCL (PwD),Gender-Neutral,400,400
Malaviya National Institute of Technology Jaipur,"Electrical Engineering (4 Years, Bachelor of Technology)",OS,SC,Gender-Neutral,2527,2949
Malaviya National Institute of Technology Jaipur,"Electrical Engineering (4 Years, Bachelor of Technology)",OS,SC,Female-only (including Supernumerary),4310,4824
Malaviya National Institute of Technology Jaipur,"Electrical Engineering (4 Years, Bachelor of Technology)",OS,ST,Gender-Neutral,1006,1125
Malaviya National Institute of Technology Jaipur,"Electrical Engineering (4 Years, Bachelor of Technology)",OS,ST,Female-only (including Supernumerary),716,716
Malaviya National Institute of Technology Jaipur,"Electronics and Communication Engineering (4 Years, Bachelor of Technology)",HS,OPEN,Gender-Neutral,6149,10051
Malaviya National Institute of Technology Jaipur,"Electronics and Communication Engineering (4 Years, Bachelor of Technology)",HS,OPEN,Female-only (including Supernumerary),10829,15405
Malaviya National Institute of Technology Jaipur,"Electronics and Communication Engineering (4 Years, Bachelor of Technology)",HS,OPEN (PwD),Female-only (including Supernumerary),2118,2118
Malaviya National Institute of Technology Jaipur,"Electronics and Communication Engineering (4 Years, Bachelor of Technology)",HS,EWS,Gender-Neutral,1437,1631
Malaviya National Institute of Technology Jaipur,"Electronics and Communication Engineering (4 Years, Bachelor of Technology)",HS,EWS,Female-only (including Supernumerary),2941,2941
Malaviya National Institute of Technology Jaipur,"Electronics and Communication Engineering (4 Years, Bachelor of Technology)",HS,OBC-NCL,Gender-Neutral,2304,3755
Malaviya National Institute of Technology Jaipur,"Electronics and Communication Engineering (4 Years, Bachelor of Technology)",HS,OBC-NCL,Female-only (including Supernumerary),5587,7318
Malaviya National Institute of Technology Jaipur,"Electronics and Communication Engineering (4 Years, Bachelor of Technology)",HS,OBC-NCL (PwD),Gender-Neutral,331,331
Malaviya National Institute of Technology Jaipur,"Electronics and Communication Engineering (4 Years, Bachelor of Technology)",HS,SC,Gender-Neutral,2016,2472
Malaviya National Institute of Technology Jaipur,"Electronics and Communication Engineering (4 Years, Bachelor of Technology)",HS,SC,Female-only (including Supernumerary),4307,4307
Malaviya National Institute of Technology Jaipur,"Electronics and Communication Engineering (4 Years, Bachelor of Technology)",HS,ST,Gender-Neutral,352,546
Malaviya National Institute of Technology Jaipur,"Electronics and Communication Engineering (4 Years, Bachelor of Technology)",HS,ST,Female-only (including Supernumerary),1675,1675
Malaviya National Institute of Technology Jaipur,"Electronics and Communication Engineering (4 Years, Bachelor of Technology)",OS,OPEN,Gender-Neutral,6929,8340
Malaviya National Institute of Technology Jaipur,"Electronics and Communication Engineering (4 Years, Bachelor of Technology)",OS,OPEN,Female-only (including Supernumerary),5851,13313
Malaviya National Institute of Technology Jaipur,"Electronics and Communication Engineering (4 Years, Bachelor of Technology)",OS,OPEN (PwD),Female-only (including Supernumerary),858,858
Malaviya National Institute of Technology Jaipur,"Electronics and Communication Engineering (4 Years, Bachelor of Technology)",OS,EWS,Gender-Neutral,1235,1514
Malaviya National Institute of Technology Jaipur,"Electronics and Communication Engineering (4 Years, Bachelor of Technology)",OS,EWS,Female-only (including Supernumerary),2489,2489
Malaviya National Institute of Technology Jaipur,"Electronics and Communication Engineering (4 Years, Bachelor of Technology)",OS,EWS (PwD),Gender-Neutral,75,75
Malaviya National Institute of Technology Jaipur,"Electronics and Communication Engineering (4 Years, Bachelor of Technology)",OS,OBC-NCL,Gender-Neutral,2471,3710
Malaviya National Institute of Technology Jaipur,"Electronics and Communication Engineering (4 Years, Bachelor of Technology)",OS,OBC-NCL,Female-only (including Supernumerary),5381,6307
Malaviya National Institute of Technology Jaipur,"Electronics and Communication Engineering (4 Years, Bachelor of Technology)",OS,OBC-NCL (PwD),Gender-Neutral,270,270
Malaviya National Institute of Technology Jaipur,"Electronics and Communication Engineering (4 Years, Bachelor of Technology)",OS,SC,Gender-Neutral,2071,2297
Malaviya National Institute of Technology Jaipur,"Electronics and Communication Engineering (4 Years, Bachelor of Technology)",OS,SC,Female-only (including Supernumerary),3182,3182
Malaviya National Institute of Technology Jaipur,"Electronics and Communication Engineering (4 Years, Bachelor of Technology)",OS,ST,Gender-Neutral,685,925
Malaviya National Institute of Technology Jaipur,"Electronics and Communication Engineering (4 Years, Bachelor of Technology)",OS,ST,Female-only (including Supernumerary),1422,1422
Malaviya National Institute of Technology Jaipur,"Mechanical Engineering (4 Years, Bachelor of Technology)",HS,OPEN,Gender-Neutral,11382,20341
Malaviya National Institute of Technology Jaipur,"Mechanical Engineering (4 Years, Bachelor of Technology)",HS,OPEN,Female-only (including Supernumerary),24624,31631
Malaviya National Institute of Technology Jaipur,"Mechanical Engineering (4 Years, Bachelor of Technology)",HS,OPEN (PwD),Gender-Neutral,999,999
Malaviya National Institute of Technology Jaipur,"Mechanical Engineering (4 Years, Bachelor of Technology)",HS,EWS,Gender-Neutral,3190,3409
Malaviya National Institute of Technology Jaipur,"Mechanical Engineering (4 Years, Bachelor of Technology)",HS,EWS,Female-only (including Supernumerary),5312,5312
Malaviya National Institute of Technology Jaipur,"Mechanical Engineering (4 Years, Bachelor of Technology)",HS,OBC-NCL,Gender-Neutral,5210,6530
Malaviya National Institute of Technology Jaipur,"Mechanical Engineering (4 Years, Bachelor of Technology)",HS,OBC-NCL,Female-only (including Supernumerary),10823,11963
Malaviya National Institute of Technology Jaipur,"Mechanical Engineering (4 Years, Bachelor of Technology)",HS,SC,Gender-Neutral,3339,4171
Malaviya National Institute of Technology Jaipur,"Mechanical Engineering (4 Years, Bachelor of Technology)",HS,SC,Female-only (including Supernumerary),4548,4552
Malaviya National Institute of Technology Jaipur,"Mechanical Engineering (4 Years, Bachelor of Technology)",HS,ST,Gender-Neutral,744,1105
Malaviya National Institute of Technology Jaipur,"Mechanical Engineering (4 Years, Bachelor of Technology)",HS,ST,Female-only (including Supernumerary),1718,1718
Malaviya National Institute of Technology Jaipur,"Mechanical Engineering (4 Years, Bachelor of Technology)",OS,OPEN,Gender-Neutral,5685,18486
Malaviya National Institute of Technology Jaipur,"Mechanical Engineering (4 Years, Bachelor of Technology)",OS,OPEN,Female-only (including Supernumerary),28019,33226
Malaviya National Institute of Technology Jaipur,"Mechanical Engineering (4 Years, Bachelor of Technology)",OS,OPEN (PwD),Gender-Neutral,1308,1308
Malaviya National Institute of Technology Jaipur,"Mechanical Engineering (4 Years, Bachelor of Technology)",OS,EWS,Gender-Neutral,2904,3248
Malaviya National Institute of Technology Jaipur,"Mechanical Engineering (4 Years, Bachelor of Technology)",OS,EWS,Female-only (including Supernumerary),5976,5976
Malaviya National Institute of Technology Jaipur,"Mechanical Engineering (4 Years, Bachelor of Technology)",OS,EWS (PwD),Gender-Neutral,259,259
Malaviya National Institute of Technology Jaipur,"Mechanical Engineering (4 Years, Bachelor of Technology)",OS,OBC-NCL,Gender-Neutral,6792,8001
Malaviya National Institute of Technology Jaipur,"Mechanical Engineering (4 Years, Bachelor of Technology)",OS,OBC-NCL,Female-only (including Supernumerary),10173,14404
Malaviya National Institute of Technology Jaipur,"Mechanical Engineering (4 Years, Bachelor of Technology)",OS,SC,Gender-Neutral,3432,4726
Malaviya National Institute of Technology Jaipur,"Mechanical Engineering (4 Years, Bachelor of Technology)",OS,SC,Female-only (including Supernumerary),6372,6372
Malaviya National Institute of Technology Jaipur,"Mechanical Engineering (4 Years, Bachelor of Technology)",OS,ST,Gender-Neutral,1205,1466
Malaviya National Institute of Technology Jaipur,"Mechanical Engineering (4 Years, Bachelor of Technology)",OS,ST,Female-only (including Supernumerary),2452,2452
Malaviya National Institute of Technology Jaipur,"Metallurgical and Materials Engineering (4 Years, Bachelor of Technology)",HS,OPEN,Gender-Neutral,28556,35338
Malaviya National Institute of Technology Jaipur,"Metallurgical and Materials Engineering (4 Years, Bachelor of Technology)",HS,OPEN,Female-only (including Supernumerary),37292,44634
Malaviya National Institute of Technology Jaipur,"Metallurgical and Materials Engineering (4 Years, Bachelor of Technology)",HS,OPEN (PwD),Gender-Neutral,1846,1846
Malaviya National Institute of Technology Jaipur,"Metallurgical and Materials Engineering (4 Years, Bachelor of Technology)",HS,EWS,Gender-Neutral,5812,5925
Malaviya National Institute of Technology Jaipur,"Metallurgical and Materials Engineering (4 Years, Bachelor of Technology)",HS,EWS,Female-only (including Supernumerary),7335,7335
Malaviya National Institute of Technology Jaipur,"Metallurgical and Materials Engineering (4 Years, Bachelor of Technology)",HS,OBC-NCL,Gender-Neutral,10879,12326
Malaviya National Institute of Technology Jaipur,"Metallurgical and Materials Engineering (4 Years, Bachelor of Technology)",HS,OBC-NCL,Female-only (including Supernumerary),18962,19523
Malaviya National Institute of Technology Jaipur,"Metallurgical and Materials Engineering (4 Years, Bachelor of Technology)",HS,SC,Gender-Neutral,5297,6530
Malaviya National Institute of Technology Jaipur,"Metallurgical and Materials Engineering (4 Years, Bachelor of Technology)",HS,ST,Gender-Neutral,1938,1938
Malaviya National Institute of Technology Jaipur,"Metallurgical and Materials Engineering (4 Years, Bachelor of Technology)",HS,ST,Female-only (including Supernumerary),3329,3329
Malaviya National Institute of Technology Jaipur,"Metallurgical and Materials Engineering (4 Years, Bachelor of Technology)",OS,OPEN,Gender-Neutral,32033,35770
Malaviya National Institute of Technology Jaipur,"Metallurgical and Materials Engineering (4 Years, Bachelor of Technology)",OS,OPEN,Female-only (including Supernumerary),39308,42734
Malaviya National Institute of Technology Jaipur,"Metallurgical and Materials Engineering (4 Years, Bachelor of Technology)",OS,OPEN (PwD),Gender-Neutral,2574,2574
Malaviya National Institute of Technology Jaipur,"Metallurgical and Materials Engineering (4 Years, Bachelor of Technology)",OS,EWS,Gender-Neutral,5877,6076
Malaviya National Institute of Technology Jaipur,"Metallurgical and Materials Engineering (4 Years, Bachelor of Technology)",OS,EWS,Female-only (including Supernumerary),7770,7770
Malaviya National Institute of Technology Jaipur,"Metallurgical and Materials Engineering (4 Years, Bachelor of Technology)",OS,OBC-NCL,Gender-Neutral,11740,13308
Malaviya National Institute of Technology Jaipur,"Metallurgical and Materials Engineering (4 Years, Bachelor of Technology)",OS,OBC-NCL,Female-only (including Supernumerary),17202,19038
Malaviya National Institute of Technology Jaipur,"Metallurgical and Materials Engineering (4 Years, Bachelor of Technology)",OS,OBC-NCL (PwD),Female-only (including Supernumerary),1647,1647
Malaviya National Institute of Technology Jaipur,"Metallurgical and Materials Engineering (4 Years, Bachelor of Technology)",OS,SC,Gender-Neutral,5614,6712
Malaviya National Institute of Technology Jaipur,"Metallurgical and Materials Engineering (4 Years, Bachelor of Technology)",OS,SC,Female-only (including Supernumerary),8536,8536
Malaviya National Institute of Technology Jaipur,"Metallurgical and Materials Engineering (4 Years, Bachelor of Technology)",OS,ST,Gender-Neutral,2571,2607
Malaviya National Institute of Technology Jaipur,"Metallurgical and Materials Engineering (4 Years, Bachelor of Technology)",OS,ST,Female-only (including Supernumerary),4286,4286
Maulana Azad National Institute of Technology Bhopal,"Architecture (5 Years, Bachelor of Architecture)",HS,OPEN,Gender-Neutral,796,2828
Maulana Azad National Institute of Technology Bhopal,"Architecture (5 Years, Bachelor of Architecture)",HS,OPEN,Female-only (including Supernumerary),843,1269
Maulana Azad National Institute of Technology Bhopal,"Architecture (5 Years, Bachelor of Architecture)",HS,EWS,Gender-Neutral,419,949
Maulana Azad National Institute of Technology Bhopal,"Architecture (5 Years, Bachelor of Architecture)",HS,EWS,Female-only (including Supernumerary),456,456
Maulana Azad National Institute of Technology Bhopal,"Architecture (5 Years, Bachelor of Architecture)",HS,OBC-NCL,Gender-Neutral,1416,2521
Maulana Azad National Institute of Technology Bhopal,"Architecture (5 Years, Bachelor of Architecture)",HS,OBC-NCL,Female-only (including Supernumerary),946,1167
Maulana Azad National Institute of Technology Bhopal,"Architecture (5 Years, Bachelor of Architecture)",HS,SC,Gender-Neutral,462,1024
Maulana Azad National Institute of Technology Bhopal,"Architecture (5 Years, Bachelor of Architecture)",HS,SC,Female-only (including Supernumerary),746,746
Maulana Azad National Institute of Technology Bhopal,"Architecture (5 Years, Bachelor of Architecture)",HS,ST,Gender-Neutral,290,437
Maulana Azad National Institute of Technology Bhopal,"Architecture (5 Years, Bachelor of Architecture)",HS,ST,Female-only (including Supernumerary),226,226
Maulana Azad National Institute of Technology Bhopal,"Architecture (5 Years, Bachelor of Architecture)",OS,OPEN,Gender-Neutral,947,1421
Maulana Azad National Institute of Technology Bhopal,"Architecture (5 Years, Bachelor of Architecture)",OS,OPEN,Female-only (including Supernumerary),849,1080
Maulana Azad National Institute of Technology Bhopal,"Architecture (5 Years, Bachelor of Architecture)",OS,EWS,Gender-Neutral,264,616
Maulana Azad National Institute of Technology Bhopal,"Architecture (5 Years, Bachelor of Architecture)",OS,EWS,Female-only (including Supernumerary),326,326
Maulana Azad National Institute of Technology Bhopal,"Architecture (5 Years, Bachelor of Architecture)",OS,OBC-NCL,Gender-Neutral,735,863
Maulana Azad National Institute of Technology Bhopal,"Architecture (5 Years, Bachelor of Architecture)",OS,OBC-NCL,Female-only (including Supernumerary),709,716
Maulana Azad National Institute of Technology Bhopal,"Architecture (5 Years, Bachelor of Architecture)",OS,SC,Gender-Neutral,123,414
Maulana Azad National Institute of Technology Bhopal,"Architecture (5 Years, Bachelor of Architecture)",OS,SC,Female-only (including Supernumerary),378,394
Maulana Azad National Institute of Technology Bhopal,"Architecture (5 Years, Bachelor of Architecture)",OS,ST,Gender-Neutral,163,208
Maulana Azad National Institute of Technology Bhopal,"Architecture (5 Years, Bachelor of Architecture)",OS,ST,Female-only (including Supernumerary),130,130
Maulana Azad National Institute of Technology Bhopal,"Chemical Engineering (4 Years, Bachelor of Technology)",HS,OPEN,Gender-Neutral,27303,37767
Maulana Azad National Institute of Technology Bhopal,"Chemical Engineering (4 Years, Bachelor of Technology)",HS,OPEN,Female-only (including Supernumerary),25924,37635
Maulana Azad National Institute of Technology Bhopal,"Chemical Engineering (4 Years, Bachelor of Technology)",HS,EWS,Gender-Neutral,6151,6230
Maulana Azad National Institute of Technology Bhopal,"Chemical Engineering (4 Years, Bachelor of Technology)",HS,EWS,Female-only (including Supernumerary),6607,6607
Maulana Azad National Institute of Technology Bhopal,"Chemical Engineering (4 Years, Bachelor of Technology)",HS,OBC-NCL,Gender-Neutral,11056,13782
Maulana Azad National Institute of Technology Bhopal,"Chemical Engineering (4 Years, Bachelor of Technology)",HS,OBC-NCL,Female-only (including Supernumerary),17944,18673
Maulana Azad National Institute of Technology Bhopal,"Chemical Engineering (4 Years, Bachelor of Technology)",HS,SC,Gender-Neutral,4393,6650
Maulana Azad National Institute of Technology Bhopal,"Chemical Engineering (4 Years, Bachelor of Technology)",HS,SC,Female-only (including Supernumerary),10066,10066
Maulana Azad National Institute of Technology Bhopal,"Chemical Engineering (4 Years, Bachelor of Technology)",HS,ST,Gender-Neutral,3508,4113
Maulana Azad National Institute of Technology Bhopal,"Chemical Engineering (4 Years, Bachelor of Technology)",HS,ST,Female-only (including Supernumerary),4783,4783
Maulana Azad National Institute of Technology Bhopal,"Chemical Engineering (4 Years, Bachelor of Technology)",OS,OPEN,Gender-Neutral,27178,33024
Maulana Azad National Institute of Technology Bhopal,"Chemical Engineering (4 Years, Bachelor of Technology)",OS,OPEN,Female-only (including Supernumerary),34627,35780
Maulana Azad National Institute of Technology Bhopal,"Chemical Engineering (4 Years, Bachelor of Technology)",OS,OPEN (PwD),Gender-Neutral,2400,2718
Maulana Azad National Institute of Technology Bhopal,"Chemical Engineering (4 Years, Bachelor of Technology)",OS,EWS,Gender-Neutral,5368,5432
Maulana Azad National Institute of Technology Bhopal,"Chemical Engineering (4 Years, Bachelor of Technology)",OS,EWS,Female-only (including Supernumerary),6833,6833
Maulana Azad National Institute of Technology Bhopal,"Chemical Engineering (4 Years, Bachelor of Technology)",OS,OBC-NCL,Gender-Neutral,9302,11773
Maulana Azad National Institute of Technology Bhopal,"Chemical Engineering (4 Years, Bachelor of Technology)",OS,OBC-NCL,Female-only (including Supernumerary),18225,18250
Maulana Azad National Institute of Technology Bhopal,"Chemical Engineering (4 Years, Bachelor of Technology)",OS,OBC-NCL (PwD),Gender-Neutral,1403,1403
Maulana Azad National Institute of Technology Bhopal,"Chemical Engineering (4 Years, Bachelor of Technology)",OS,SC,Gender-Neutral,6121,6564
Maulana Azad National Institute of Technology Bhopal,"Chemical Engineering (4 Years, Bachelor of Technology)",OS,SC,Female-only (including Supernumerary),8374,8374
Maulana Azad National Institute of Technology Bhopal,"Chemical Engineering (4 Years, Bachelor of Technology)",OS,ST,Gender-Neutral,2441,2455
Maulana Azad National Institute of Technology Bhopal,"Chemical Engineering (4 Years, Bachelor of Technology)",OS,ST,Female-only (including Supernumerary),3802,3802
Maulana Azad National Institute of Technology Bhopal,"Civil Engineering (4 Years, Bachelor of Technology)",HS,OPEN,Gender-Neutral,29755,41477
Maulana Azad National Institute of Technology Bhopal,"Civil Engineering (4 Years, Bachelor of Technology)",HS,OPEN,Female-only (including Supernumerary),41363,52317
Maulana Azad National Institute of Technology Bhopal,"Civil Engineering (4 Years, Bachelor of Technology)",HS,OPEN (PwD),Gender-Neutral,907,907
Maulana Azad National Institute of Technology Bhopal,"Civil Engineering (4 Years, Bachelor of Technology)",HS,EWS,Gender-Neutral,6661,6837
Maulana Azad National Institute of Technology Bhopal,"Civil Engineering (4 Years, Bachelor of Technology)",HS,EWS,Female-only (including Supernumerary),8689,8689
Maulana Azad National Institute of Technology Bhopal,"Civil Engineering (4 Years, Bachelor of Technology)",HS,OBC-NCL,Gender-Neutral,11974,15155
Maulana Azad National Institute of Technology Bhopal,"Civil Engineering (4 Years, Bachelor of Technology)",HS,OBC-NCL,Female-only (including Supernumerary),19990,22491
Maulana Azad National Institute of Technology Bhopal,"Civil Engineering (4 Years, Bachelor of Technology)",HS,SC,Gender-Neutral,4326,7405
Maulana Azad National Institute of Technology Bhopal,"Civil Engineering (4 Years, Bachelor of Technology)",HS,SC,Female-only (including Supernumerary),9142,9524
Maulana Azad National Institute of Technology Bhopal,"Civil Engineering (4 Years, Bachelor of Technology)",HS,ST,Gender-Neutral,2315,3300
Maulana Azad National Institute of Technology Bhopal,"Civil Engineering (4 Years, Bachelor of Technology)",HS,ST,Female-only (including Supernumerary),3840,3840
Maulana Azad National Institute of Technology Bhopal,"Civil Engineering (4 Years, Bachelor of Technology)",OS,OPEN,Gender-Neutral,24066,37120
Maulana Azad National Institute of Technology Bhopal,"Civil Engineering (4 Years, Bachelor of Technology)",OS,OPEN,Female-only (including Supernumerary),41996,45971
Maulana Azad National Institute of Technology Bhopal,"Civil Engineering (4 Years, Bachelor of Technology)",OS,OPEN (PwD),Gender-Neutral,1606,1606
Maulana Azad National Institute of Technology Bhopal,"Civil Engineering (4 Years, Bachelor of Technology)",OS,EWS,Gender-Neutral,6109,6667
Maulana Azad National Institute of Technology Bhopal,"Civil Engineering (4 Years, Bachelor of Technology)",OS,EWS,Female-only (including Supernumerary),7827,7827
Maulana Azad National Institute of Technology Bhopal,"Civil Engineering (4 Years, Bachelor of Technology)",OS,EWS (PwD),Gender-Neutral,455,455
Maulana Azad National Institute of Technology Bhopal,"Civil Engineering (4 Years, Bachelor of Technology)",OS,OBC-NCL,Gender-Neutral,10715,13594
Maulana Azad National Institute of Technology Bhopal,"Civil Engineering (4 Years, Bachelor of Technology)",OS,OBC-NCL,Female-only (including Supernumerary),18396,19522
Maulana Azad National Institute of Technology Bhopal,"Civil Engineering (4 Years, Bachelor of Technology)",OS,OBC-NCL (PwD),Gender-Neutral,1282,1282
Maulana Azad National Institute of Technology Bhopal,"Civil Engineering (4 Years, Bachelor of Technology)",OS,SC,Gender-Neutral,5301,6832
Maulana Azad National Institute of Technology Bhopal,"Civil Engineering (4 Years, Bachelor of Technology)",OS,SC,Female-only (including Supernumerary),8986,9368
Maulana Azad National Institute of Technology Bhopal,"Civil Engineering (4 Years, Bachelor of Technology)",OS,ST,Gender-Neutral,1344,1693
Maulana Azad National Institute of Technology Bhopal,"Civil Engineering (4 Years, Bachelor of Technology)",OS,ST,Female-only (including Supernumerary),2745,2745
Maulana Azad National Institute of Technology Bhopal,"Computer Science and Engineering (4 Years, Bachelor of Technology)",HS,OPEN,Gender-Neutral,6025,10552
Maulana Azad National Institute of Technology Bhopal,"Computer Science and Engineering (4 Years, Bachelor of Technology)",HS,OPEN,Female-only (including Supernumerary),7156,15768
Maulana Azad National Institute of Technology Bhopal,"Computer Science and Engineering (4 Years, Bachelor of Technology)",HS,OPEN (PwD),Gender-Neutral,444,582
Maulana Azad National Institute of Technology Bhopal,"Computer Science and Engineering (4 Years, Bachelor of Technology)",HS,EWS,Gender-Neutral,1518,1998
Maulana Azad National Institute of Technology Bhopal,"Computer Science and Engineering (4 Years, Bachelor of Technology)",HS,EWS,Female-only (including Supernumerary),2603,2652
Maulana Azad National Institute of Technology Bhopal,"Computer Science and Engineering (4 Years, Bachelor of Technology)",HS,OBC-NCL,Gender-Neutral,2475,4020
Maulana Azad National Institute of Technology Bhopal,"Computer Science and Engineering (4 Years, Bachelor of Technology)",HS,OBC-NCL,Female-only (including Supernumerary),4903,9576
Maulana Azad National Institute of Technology Bhopal,"Computer Science and Engineering (4 Years, Bachelor of Technology)",HS,OBC-NCL (PwD),Gender-Neutral,293,301
Maulana Azad National Institute of Technology Bhopal,"Computer Science and Engineering (4 Years, Bachelor of Technology)",HS,SC,Gender-Neutral,992,2294
Maulana Azad National Institute of Technology Bhopal,"Computer Science and Engineering (4 Years, Bachelor of Technology)",HS,SC,Female-only (including Supernumerary),1403,2884
Maulana Azad National Institute of Technology Bhopal,"Computer Science and Engineering (4 Years, Bachelor of Technology)",HS,SC (PwD),Gender-Neutral,330,330
Maulana Azad National Institute of Technology Bhopal,"Computer Science and Engineering (4 Years, Bachelor of Technology)",HS,ST,Gender-Neutral,367,1673
Maulana Azad National Institute of Technology Bhopal,"Computer Science and Engineering (4 Years, Bachelor of Technology)",HS,ST,Female-only (including Supernumerary),2617,2623
Maulana Azad National Institute of Technology Bhopal,"Computer Science and Engineering (4 Years, Bachelor of Technology)",OS,OPEN,Gender-Neutral,4802,8372
Maulana Azad National Institute of Technology Bhopal,"Computer Science and Engineering (4 Years, Bachelor of Technology)",OS,OPEN,Female-only (including Supernumerary),9487,14491
Maulana Azad National Institute of Technology Bhopal,"Computer Science and Engineering (4 Years, Bachelor of Technology)",OS,OPEN (PwD),Gender-Neutral,311,313
Maulana Azad National Institute of Technology Bhopal,"Computer Science and Engineering (4 Years, Bachelor of Technology)",OS,EWS,Gender-Neutral,1165,1310
Maulana Azad National Institute of Technology Bhopal,"Computer Science and Engineering (4 Years, Bachelor of Technology)",OS,EWS,Female-only (including Supernumerary),2203,2378
Maulana Azad National Institute of Technology Bhopal,"Computer Science and Engineering (4 Years, Bachelor of Technology)",OS,EWS (PwD),Gender-Neutral,93,93
Maulana Azad National Institute of Technology Bhopal,"Computer Science and Engineering (4 Years, Bachelor of Technology)",OS,OBC-NCL,Gender-Neutral,2535,3320
Maulana Azad National Institute of Technology Bhopal,"Computer Science and Engineering (4 Years, Bachelor of Technology)",OS,OBC-NCL,Female-only (including Supernumerary),4222,6632
Maulana Azad National Institute of Technology Bhopal,"Computer Science and Engineering (4 Years, Bachelor of Technology)",OS,OBC-NCL (PwD),Gender-Neutral,162,162
Maulana Azad National Institute of Technology Bhopal,"Computer Science and Engineering (4 Years, Bachelor of Technology)",OS,SC,Gender-Neutral,1244,1993
Maulana Azad National Institute of Technology Bhopal,"Computer Science and Engineering (4 Years, Bachelor of Technology)",OS,SC,Female-only (including Supernumerary),2737,3102
Maulana Azad National Institute of Technology Bhopal,"Computer Science and Engineering (4 Years, Bachelor of Technology)",OS,SC (PwD),Gender-Neutral,52,52
Maulana Azad National Institute of Technology Bhopal,"Computer Science and Engineering (4 Years, Bachelor of Technology)",OS,ST,Gender-Neutral,635,738
Maulana Azad National Institute of Technology Bhopal,"Computer Science and Engineering (4 Years, Bachelor of Technology)",OS,ST,Female-only (including Supernumerary),1161,1328
Maulana Azad National Institute of Technology Bhopal,"Computer Science and Engineering (4 Years, Bachelor of Technology)",OS,ST (PwD),Gender-Neutral,39,39
Maulana Azad National Institute of Technology Bhopal,"Electrical Engineering (4 Years, Bachelor of Technology)",HS,OPEN,Gender-Neutral,11659,21080
Maulana Azad National Institute of Technology Bhopal,"Electrical Engineering (4 Years, Bachelor of Technology)",HS,OPEN,Female-only (including Supernumerary),25923,30690
Maulana Azad National Institute of Technology Bhopal,"Electrical Engineering (4 Years, Bachelor of Technology)",HS,OPEN (PwD),Gender-Neutral,515,2476
Maulana Azad National Institute of Technology Bhopal,"Electrical Engineering (4 Years, Bachelor of Technology)",HS,EWS,Gender-Neutral,3343,3589
Maulana Azad National Institute of Technology Bhopal,"Electrical Engineering (4 Years, Bachelor of Technology)",HS,EWS,Female-only (including Supernumerary),5313,5313
Maulana Azad National Institute of Technology Bhopal,"Electrical Engineering (4 Years, Bachelor of Technology)",HS,OBC-NCL,Gender-Neutral,5738,8153
Maulana Azad National Institute of Technology Bhopal,"Electrical Engineering (4 Years, Bachelor of Technology)",HS,OBC-NCL,Female-only (including Supernumerary),11703,13895
Maulana Azad National Institute of Technology Bhopal,"Electrical Engineering (4 Years, Bachelor of Technology)",HS,SC,Gender-Neutral,3881,5006
Maulana Azad National Institute of Technology Bhopal,"Electrical Engineering (4 Years, Bachelor of Technology)",HS,SC,Female-only (including Supernumerary),6364,7121
Maulana Azad National Institute of Technology Bhopal,"Electrical Engineering (4 Years, Bachelor of Technology)",HS,ST,Gender-Neutral,2074,2661
Maulana Azad National Institute of Technology Bhopal,"Electrical Engineering (4 Years, Bachelor of Technology)",HS,ST,Female-only (including Supernumerary),4312,4312
Maulana Azad National Institute of Technology Bhopal,"Electrical Engineering (4 Years, Bachelor of Technology)",OS,OPEN,Gender-Neutral,15886,19104
Maulana Azad National Institute of Technology Bhopal,"Electrical Engineering (4 Years, Bachelor of Technology)",OS,OPEN,Female-only (including Supernumerary),22084,27558
Maulana Azad National Institute of Technology Bhopal,"Electrical Engineering (4 Years, Bachelor of Technology)",OS,OPEN (PwD),Gender-Neutral,1452,1452
Maulana Azad National Institute of Technology Bhopal,"Electrical Engineering (4 Years, Bachelor of Technology)",OS,EWS,Gender-Neutral,3029,3286
Maulana Azad National Institute of Technology Bhopal,"Electrical Engineering (4 Years, Bachelor of Technology)",OS,EWS,Female-only (including Supernumerary),4372,4372
Maulana Azad National Institute of Technology Bhopal,"Electrical Engineering (4 Years, Bachelor of Technology)",OS,OBC-NCL,Gender-Neutral,5919,6823
Maulana Azad National Institute of Technology Bhopal,"Electrical Engineering (4 Years, Bachelor of Technology)",OS,OBC-NCL,Female-only (including Supernumerary),10361,12303
Maulana Azad National Institute of Technology Bhopal,"Electrical Engineering (4 Years, Bachelor of Technology)",OS,OBC-NCL (PwD),Gender-Neutral,645,645
Maulana Azad National Institute of Technology Bhopal,"Electrical Engineering (4 Years, Bachelor of Technology)",OS,SC,Gender-Neutral,2961,4425
Maulana Azad National Institute of Technology Bhopal,"Electrical Engineering (4 Years, Bachelor of Technology)",OS,SC,Female-only (including Supernumerary),4619,6361
Maulana Azad National Institute of Technology Bhopal,"Electrical Engineering (4 Years, Bachelor of Technology)",OS,ST,Gender-Neutral,1153,1561
Maulana Azad National Institute of Technology Bhopal,"Electrical Engineering (4 Years, Bachelor of Technology)",OS,ST,Female-only (including Supernumerary),2345,2345
Maulana Azad National Institute of Technology Bhopal,"Electronics and Communication Engineering (4 Years, Bachelor of Technology)",HS,OPEN,Gender-Neutral,10994,16003
Maulana Azad National Institute of Technology Bhopal,"Electronics and Communication Engineering (4 Years, Bachelor of Technology)",HS,OPEN,Female-only (including Supernumerary),18855,23295
Maulana Azad National Institute of Technology Bhopal,"Electronics and Communication Engineering (4 Years, Bachelor of Technology)",HS,OPEN (PwD),Gender-Neutral,2080,2201
Maulana Azad National Institute of Technology Bhopal,"Electronics and Communication Engineering (4 Years, Bachelor of Technology)",HS,EWS,Gender-Neutral,2457,2897
Maulana Azad National Institute of Technology Bhopal,"Electronics and Communication Engineering (4 Years, Bachelor of Technology)",HS,EWS,Female-only (including Supernumerary),3996,4001
Maulana Azad National Institute of Technology Bhopal,"Electronics and Communication Engineering (4 Years, Bachelor of Technology)",HS,OBC-NCL,Gender-Neutral,4032,6565
Maulana Azad National Institute of Technology Bhopal,"Electronics and Communication Engineering (4 Years, Bachelor of Technology)",HS,OBC-NCL,Female-only (including Supernumerary),11564,13773
Maulana Azad National Institute of Technology Bhopal,"Electronics and Communication Engineering (4 Years, Bachelor of Technology)",HS,SC,Gender-Neutral,2299,3825
Maulana Azad National Institute of Technology Bhopal,"Electronics and Communication Engineering (4 Years, Bachelor of Technology)",HS,SC,Female-only (including Supernumerary),3785,5867
Maulana Azad National Institute of Technology Bhopal,"Electronics and Communication Engineering (4 Years, Bachelor of Technology)",HS,ST,Gender-Neutral,1311,2192
Maulana Azad National Institute of Technology Bhopal,"Electronics and Communication Engineering (4 Years, Bachelor of Technology)",HS,ST,Female-only (including Supernumerary),3085,3085
Maulana Azad National Institute of Technology Bhopal,"Electronics and Communication Engineering (4 Years, Bachelor of Technology)",OS,OPEN,Gender-Neutral,8822,14271
Maulana Azad National Institute of Technology Bhopal,"Electronics and Communication Engineering (4 Years, Bachelor of Technology)",OS,OPEN,Female-only (including Supernumerary),17190,21727
Maulana Azad National Institute of Technology Bhopal,"Electronics and Communication Engineering (4 Years, Bachelor of Technology)",OS,OPEN (PwD),Gender-Neutral,495,551
Maulana Azad National Institute of Technology Bhopal,"Electronics and Communication Engineering (4 Years, Bachelor of Technology)",OS,EWS,Gender-Neutral,2127,2338
Maulana Azad National Institute of Technology Bhopal,"Electronics and Communication Engineering (4 Years, Bachelor of Technology)",OS,EWS,Female-only (including Supernumerary),3530,3610
Maulana Azad National Institute of Technology Bhopal,"Electronics and Communication Engineering (4 Years, Bachelor of Technology)",OS,OBC-NCL,Gender-Neutral,4277,5360
Maulana Azad National Institute of Technology Bhopal,"Electronics and Communication Engineering (4 Years, Bachelor of Technology)",OS,OBC-NCL,Female-only (including Supernumerary),8158,9914
Maulana Azad National Institute of Technology Bhopal,"Electronics and Communication Engineering (4 Years, Bachelor of Technology)",OS,OBC-NCL (PwD),Gender-Neutral,378,378
Maulana Azad National Institute of Technology Bhopal,"Electronics and Communication Engineering (4 Years, Bachelor of Technology)",OS,SC,Gender-Neutral,2535,3260
Maulana Azad National Institute of Technology Bhopal,"Electronics and Communication Engineering (4 Years, Bachelor of Technology)",OS,SC,Female-only (including Supernumerary),4070,5350
Maulana Azad National Institute of Technology Bhopal,"Electronics and Communication Engineering (4 Years, Bachelor of Technology)",OS,ST,Gender-Neutral,898,1293
Maulana Azad National Institute of Technology Bhopal,"Electronics and Communication Engineering (4 Years, Bachelor of Technology)",OS,ST,Female-only (including Supernumerary),1606,1606
Maulana Azad National Institute of Technology Bhopal,"Electronics and Communication Engineering (4 Years, Bachelor of Technology)",OS,ST (PwD),Gender-Neutral,49,49
Maulana Azad National Institute of Technology Bhopal,"Materials Science and Metallurgical Engineering (4 Years, Bachelor of Technology)",HS,OPEN,Gender-Neutral,40895,45924
Maulana Azad National Institute of Technology Bhopal,"Materials Science and Metallurgical Engineering (4 Years, Bachelor of Technology)",HS,OPEN,Female-only (including Supernumerary),51116,51770
Maulana Azad National Institute of Technology Bhopal,"Materials Science and Metallurgical Engineering (4 Years, Bachelor of Technology)",HS,EWS,Gender-Neutral,7563,8019
Maulana Azad National Institute of Technology Bhopal,"Materials Science and Metallurgical Engineering (4 Years, Bachelor of Technology)",HS,EWS,Female-only (including Supernumerary),9439,9439
Maulana Azad National Institute of Technology Bhopal,"Materials Science and Metallurgical Engineering (4 Years, Bachelor of Technology)",HS,OBC-NCL,Gender-Neutral,14506,16182
Maulana Azad National Institute of Technology Bhopal,"Materials Science and Metallurgical Engineering (4 Years, Bachelor of Technology)",HS,OBC-NCL,Female-only (including Supernumerary),22862,23582
Maulana Azad National Institute of Technology Bhopal,"Materials Science and Metallurgical Engineering (4 Years, Bachelor of Technology)",HS,SC,Gender-Neutral,7227,8410
Maulana Azad National Institute of Technology Bhopal,"Materials Science and Metallurgical Engineering (4 Years, Bachelor of Technology)",HS,SC,Female-only (including Supernumerary),11362,11362
Maulana Azad National Institute of Technology Bhopal,"Materials Science and Metallurgical Engineering (4 Years, Bachelor of Technology)",HS,ST,Gender-Neutral,4503,4645
Maulana Azad National Institute of Technology Bhopal,"Materials Science and Metallurgical Engineering (4 Years, Bachelor of Technology)",HS,ST,Female-only (including Supernumerary),3850,3850
Maulana Azad National Institute of Technology Bhopal,"Materials Science and Metallurgical Engineering (4 Years, Bachelor of Technology)",OS,OPEN,Gender-Neutral,35097,42701
Maulana Azad National Institute of Technology Bhopal,"Materials Science and Metallurgical Engineering (4 Years, Bachelor of Technology)",OS,OPEN,Female-only (including Supernumerary),44542,50826
Maulana Azad National Institute of Technology Bhopal,"Materials Science and Metallurgical Engineering (4 Years, Bachelor of Technology)",OS,EWS,Gender-Neutral,6997,7115
Maulana Azad National Institute of Technology Bhopal,"Materials Science and Metallurgical Engineering (4 Years, Bachelor of Technology)",OS,EWS,Female-only (including Supernumerary),8858,8858
Maulana Azad National Institute of Technology Bhopal,"Materials Science and Metallurgical Engineering (4 Years, Bachelor of Technology)",OS,OBC-NCL,Gender-Neutral,13718,14949
Maulana Azad National Institute of Technology Bhopal,"Materials Science and Metallurgical Engineering (4 Years, Bachelor of Technology)",OS,OBC-NCL,Female-only (including Supernumerary),19139,19678
Maulana Azad National Institute of Technology Bhopal,"Materials Science and Metallurgical Engineering (4 Years, Bachelor of Technology)",OS,OBC-NCL (PwD),Gender-Neutral,1240,1240
Maulana Azad National Institute of Technology Bhopal,"Materials Science and Metallurgical Engineering (4 Years, Bachelor of Technology)",OS,SC,Gender-Neutral,7000,7119
Maulana Azad National Institute of Technology Bhopal,"Materials Science and Metallurgical Engineering (4 Years, Bachelor of Technology)",OS,SC,Female-only (including Supernumerary),8278,8278
Maulana Azad National Institute of Technology Bhopal,"Materials Science and Metallurgical Engineering (4 Years, Bachelor of Technology)",OS,ST,Gender-Neutral,2880,2966
Maulana Azad National Institute of Technology Bhopal,"Materials Science and Metallurgical Engineering (4 Years, Bachelor of Technology)",OS,ST,Female-only (including Supernumerary),4307,4307
Maulana Azad National Institute of Technology Bhopal,"Mathematics and Data Science (5 Years, Bachelor and Master of Technology (Dual Degree))",HS,OPEN,Gender-Neutral,11498,15248
Maulana Azad National Institute of Technology Bhopal,"Mathematics and Data Science (5 Years, Bachelor and Master of Technology (Dual Degree))",HS,OPEN,Female-only (including Supernumerary),21932,21932
Maulana Azad National Institute of Technology Bhopal,"Mathematics and Data Science (5 Years, Bachelor and Master of Technology (Dual Degree))",HS,EWS,Gender-Neutral,2646,2646
Maulana Azad National Institute of Technology Bhopal,"Mathematics and Data Science (5 Years, Bachelor and Master of Technology (Dual Degree))",HS,EWS,Female-only (including Supernumerary),4444,4444
Maulana Azad National Institute of Technology Bhopal,"Mathematics and Data Science (5 Years, Bachelor and Master of Technology (Dual Degree))",HS,OBC-NCL,Gender-Neutral,5141,6033
Maulana Azad National Institute of Technology Bhopal,"Mathematics and Data Science (5 Years, Bachelor and Master of Technology (Dual Degree))",HS,OBC-NCL,Female-only (including Supernumerary),11562,11562
Maulana Azad National Institute of Technology Bhopal,"Mathematics and Data Science (5 Years, Bachelor and Master of Technology (Dual Degree))",HS,SC,Gender-Neutral,4311,5514
Maulana Azad National Institute of Technology Bhopal,"Mathematics and Data Science (5 Years, Bachelor and Master of Technology (Dual Degree))",HS,ST,Gender-Neutral,1899,1899
Maulana Azad National Institute of Technology Bhopal,"Mathematics and Data Science (5 Years, Bachelor and Master of Technology (Dual Degree))",OS,OPEN,Gender-Neutral,11552,14070
Maulana Azad National Institute of Technology Bhopal,"Mathematics and Data Science (5 Years, Bachelor and Master of Technology (Dual Degree))",OS,OPEN,Female-only (including Supernumerary),21302,21302
Maulana Azad National Institute of Technology Bhopal,"Mathematics and Data Science (5 Years, Bachelor and Master of Technology (Dual Degree))",OS,EWS,Gender-Neutral,2268,2268
Maulana Azad National Institute of Technology Bhopal,"Mathematics and Data Science (5 Years, Bachelor and Master of Technology (Dual Degree))",OS,OBC-NCL,Gender-Neutral,3728,5314
Maulana Azad National Institute of Technology Bhopal,"Mathematics and Data Science (5 Years, Bachelor and Master of Technology (Dual Degree))",OS,OBC-NCL,Female-only (including Supernumerary),10583,10583
Maulana Azad National Institute of Technology Bhopal,"Mathematics and Data Science (5 Years, Bachelor and Master of Technology (Dual Degree))",OS,SC,Gender-Neutral,3521,3655
Maulana Azad National Institute of Technology Bhopal,"Mathematics and Data Science (5 Years, Bachelor and Master of Technology (Dual Degree))",OS,SC,Female-only (including Supernumerary),5794,5794
Maulana Azad National Institute of Technology Bhopal,"Mathematics and Data Science (5 Years, Bachelor and Master of Technology (Dual Degree))",OS,ST,Gender-Neutral,1120,1120
Maulana Azad National Institute of Technology Bhopal,"Mechanical Engineering (4 Years, Bachelor of Technology)",HS,OPEN,Gender-Neutral,22235,33006
Maulana Azad National Institute of Technology Bhopal,"Mechanical Engineering (4 Years, Bachelor of Technology)",HS,OPEN,Female-only (including Supernumerary),39256,48097
Maulana Azad National Institute of Technology Bhopal,"Mechanical Engineering (4 Years, Bachelor of Technology)",HS,OPEN (PwD),Gender-Neutral,3330,3919
Maulana Azad National Institute of Technology Bhopal,"Mechanical Engineering (4 Years, Bachelor of Technology)",HS,EWS,Gender-Neutral,5318,5703
Maulana Azad National Institute of Technology Bhopal,"Mechanical Engineering (4 Years, Bachelor of Technology)",HS,EWS,Female-only (including Supernumerary),8032,8159
Maulana Azad National Institute of Technology Bhopal,"Mechanical Engineering (4 Years, Bachelor of Technology)",HS,OBC-NCL,Gender-Neutral,9438,11767
Maulana Azad National Institute of Technology Bhopal,"Mechanical Engineering (4 Years, Bachelor of Technology)",HS,OBC-NCL,Female-only (including Supernumerary),17659,19844
Maulana Azad National Institute of Technology Bhopal,"Mechanical Engineering (4 Years, Bachelor of Technology)",HS,SC,Gender-Neutral,5074,6634
Maulana Azad National Institute of Technology Bhopal,"Mechanical Engineering (4 Years, Bachelor of Technology)",HS,SC,Female-only (including Supernumerary),7952,9483
Maulana Azad National Institute of Technology Bhopal,"Mechanical Engineering (4 Years, Bachelor of Technology)",HS,ST,Gender-Neutral,1833,3335
Maulana Azad National Institute of Technology Bhopal,"Mechanical Engineering (4 Years, Bachelor of Technology)",HS,ST,Female-only (including Supernumerary),5168,5168
Maulana Azad National Institute of Technology Bhopal,"Mechanical Engineering (4 Years, Bachelor of Technology)",OS,OPEN,Gender-Neutral,21309,27832
Maulana Azad National Institute of Technology Bhopal,"Mechanical Engineering (4 Years, Bachelor of Technology)",OS,OPEN,Female-only (including Supernumerary),36154,40124
Maulana Azad National Institute of Technology Bhopal,"Mechanical Engineering (4 Years, Bachelor of Technology)",OS,OPEN (PwD),Gender-Neutral,949,2499
Maulana Azad National Institute of Technology Bhopal,"Mechanical Engineering (4 Years, Bachelor of Technology)",OS,OPEN (PwD),Female-only (including Supernumerary),2018,2018
Maulana Azad National Institute of Technology Bhopal,"Mechanical Engineering (4 Years, Bachelor of Technology)",OS,EWS,Gender-Neutral,4556,4767
Maulana Azad National Institute of Technology Bhopal,"Mechanical Engineering (4 Years, Bachelor of Technology)",OS,EWS,Female-only (including Supernumerary),6625,6987
Maulana Azad National Institute of Technology Bhopal,"Mechanical Engineering (4 Years, Bachelor of Technology)",OS,EWS (PwD),Gender-Neutral,446,446
Maulana Azad National Institute of Technology Bhopal,"Mechanical Engineering (4 Years, Bachelor of Technology)",OS,OBC-NCL,Gender-Neutral,8135,10315
Maulana Azad National Institute of Technology Bhopal,"Mechanical Engineering (4 Years, Bachelor of Technology)",OS,OBC-NCL,Female-only (including Supernumerary),15945,17706
Maulana Azad National Institute of Technology Bhopal,"Mechanical Engineering (4 Years, Bachelor of Technology)",OS,OBC-NCL (PwD),Gender-Neutral,1392,1392
Maulana Azad National Institute of Technology Bhopal,"Mechanical Engineering (4 Years, Bachelor of Technology)",OS,SC,Gender-Neutral,4902,5968
Maulana Azad National Institute of Technology Bhopal,"Mechanical Engineering (4 Years, Bachelor of Technology)",OS,SC,Female-only (including Supernumerary),7356,7574
Maulana Azad National Institute of Technology Bhopal,"Mechanical Engineering (4 Years, Bachelor of Technology)",OS,ST,Gender-Neutral,1728,2147
Maulana Azad National Institute of Technology Bhopal,"Mechanical Engineering (4 Years, Bachelor of Technology)",OS,ST,Female-only (including Supernumerary),2730,2730
Maulana Azad National Institute of Technology Bhopal,"Planning (4 Years, Bachelor of Planning)",HS,OPEN,Gender-Neutral,726,2067
Maulana Azad National Institute of Technology Bhopal,"Planning (4 Years, Bachelor of Planning)",HS,OPEN,Female-only (including Supernumerary),540,696
Maulana Azad National Institute of Technology Bhopal,"Planning (4 Years, Bachelor of Planning)",HS,EWS,Gender-Neutral,678,1253
Maulana Azad National Institute of Technology Bhopal,"Planning (4 Years, Bachelor of Planning)",HS,EWS,Female-only (including Supernumerary),1952,1952
Maulana Azad National Institute of Technology Bhopal,"Planning (4 Years, Bachelor of Planning)",HS,OBC-NCL,Gender-Neutral,2443,3582
Maulana Azad National Institute of Technology Bhopal,"Planning (4 Years, Bachelor of Planning)",HS,OBC-NCL,Female-only (including Supernumerary),1658,1658
Maulana Azad National Institute of Technology Bhopal,"Planning (4 Years, Bachelor of Planning)",HS,SC,Gender-Neutral,381,457
Maulana Azad National Institute of Technology Bhopal,"Planning (4 Years, Bachelor of Planning)",HS,SC,Female-only (including Supernumerary),221,221
Maulana Azad National Institute of Technology Bhopal,"Planning (4 Years, Bachelor of Planning)",HS,ST,Gender-Neutral,357,515
Maulana Azad National Institute of Technology Bhopal,"Planning (4 Years, Bachelor of Planning)",OS,OPEN,Gender-Neutral,339,763
Maulana Azad National Institute of Technology Bhopal,"Planning (4 Years, Bachelor of Planning)",OS,OPEN,Female-only (including Supernumerary),555,640
Maulana Azad National Institute of Technology Bhopal,"Planning (4 Years, Bachelor of Planning)",OS,EWS,Gender-Neutral,141,181
Maulana Azad National Institute of Technology Bhopal,"Planning (4 Years, Bachelor of Planning)",OS,OBC-NCL,Gender-Neutral,281,378
Maulana Azad National Institute of Technology Bhopal,"Planning (4 Years, Bachelor of Planning)",OS,OBC-NCL,Female-only (including Supernumerary),318,340
Maulana Azad National Institute of Technology Bhopal,"Planning (4 Years, Bachelor of Planning)",OS,SC,Gender-Neutral,94,111
Maulana Azad National Institute of Technology Bhopal,"Planning (4 Years, Bachelor of Planning)",OS,SC,Female-only (including Supernumerary),280,280
Maulana Azad National Institute of Technology Bhopal,"Planning (4 Years, Bachelor of Planning)",OS,ST,Gender-Neutral,52,54
Motilal Nehru National Institute of Technology Allahabad,"Bio Technology (4 Years, Bachelor of Technology)",HS,OPEN,Gender-Neutral,25514,34875
Motilal Nehru National Institute of Technology Allahabad,"Bio Technology (4 Years, Bachelor of Technology)",HS,OPEN,Female-only (including Supernumerary),39598,42103
Motilal Nehru National Institute of Technology Allahabad,"Bio Technology (4 Years, Bachelor of Technology)",HS,EWS,Gender-Neutral,5612,5695
Motilal Nehru National Institute of Technology Allahabad,"Bio Technology (4 Years, Bachelor of Technology)",HS,EWS,Female-only (including Supernumerary),8813,8813
Motilal Nehru National Institute of Technology Allahabad,"Bio Technology (4 Years, Bachelor of Technology)",HS,OBC-NCL,Gender-Neutral,10858,13882
Motilal Nehru National Institute of Technology Allahabad,"Bio Technology (4 Years, Bachelor of Technology)",HS,SC,Gender-Neutral,5208,6025
Motilal Nehru National Institute of Technology Allahabad,"Bio Technology (4 Years, Bachelor of Technology)",HS,SC,Female-only (including Supernumerary),7368,7368
Motilal Nehru National Institute of Technology Allahabad,"Bio Technology (4 Years, Bachelor of Technology)",HS,SC (PwD),Gender-Neutral,258,258
Motilal Nehru National Institute of Technology Allahabad,"Bio Technology (4 Years, Bachelor of Technology)",HS,ST,Gender-Neutral,2979,5286
Motilal Nehru National Institute of Technology Allahabad,"Bio Technology (4 Years, Bachelor of Technology)",OS,OPEN,Gender-Neutral,30397,34536
Motilal Nehru National Institute of Technology Allahabad,"Bio Technology (4 Years, Bachelor of Technology)",OS,OPEN,Female-only (including Supernumerary),28959,34506
Motilal Nehru National Institute of Technology Allahabad,"Bio Technology (4 Years, Bachelor of Technology)",OS,EWS,Gender-Neutral,5763,6178
Motilal Nehru National Institute of Technology Allahabad,"Bio Technology (4 Years, Bachelor of Technology)",OS,EWS,Female-only (including Supernumerary),7703,7703
Motilal Nehru National Institute of Technology Allahabad,"Bio Technology (4 Years, Bachelor of Technology)",OS,OBC-NCL,Gender-Neutral,9851,13589
Motilal Nehru National Institute of Technology Allahabad,"Bio Technology (4 Years, Bachelor of Technology)",OS,OBC-NCL,Female-only (including Supernumerary),17845,17845
Motilal Nehru National Institute of Technology Allahabad,"Bio Technology (4 Years, Bachelor of Technology)",OS,OBC-NCL (PwD),Gender-Neutral,1487,1487
Motilal Nehru National Institute of Technology Allahabad,"Bio Technology (4 Years, Bachelor of Technology)",OS,SC,Gender-Neutral,6918,7201
Motilal Nehru National Institute of Technology Allahabad,"Bio Technology (4 Years, Bachelor of Technology)",OS,SC,Female-only (including Supernumerary),8654,8654
Motilal Nehru National Institute of Technology Allahabad,"Bio Technology (4 Years, Bachelor of Technology)",OS,ST,Gender-Neutral,2616,2672
Motilal Nehru National Institute of Technology Allahabad,"Bio Technology (4 Years, Bachelor of Technology)",OS,ST,Female-only (including Supernumerary),3734,3734
Motilal Nehru National Institute of Technology Allahabad,"Chemical Engineering (4 Years, Bachelor of Technology)",HS,OPEN,Gender-Neutral,19071,21276
Motilal Nehru National Institute of Technology Allahabad,"Chemical Engineering (4 Years, Bachelor of Technology)",HS,OPEN,Female-only (including Supernumerary),29412,31499
Motilal Nehru National Institute of Technology Allahabad,"Chemical Engineering (4 Years, Bachelor of Technology)",HS,OPEN (PwD),Gender-Neutral,1450,1450
Motilal Nehru National Institute of Technology Allahabad,"Chemical Engineering (4 Years, Bachelor of Technology)",HS,EWS,Gender-Neutral,3324,3378
Motilal Nehru National Institute of Technology Allahabad,"Chemical Engineering (4 Years, Bachelor of Technology)",HS,EWS,Female-only (including Supernumerary),6114,6114
Motilal Nehru National Institute of Technology Allahabad,"Chemical Engineering (4 Years, Bachelor of Technology)",HS,OBC-NCL,Gender-Neutral,6240,7897
Motilal Nehru National Institute of Technology Allahabad,"Chemical Engineering (4 Years, Bachelor of Technology)",HS,OBC-NCL,Female-only (including Supernumerary),12241,12241
Motilal Nehru National Institute of Technology Allahabad,"Chemical Engineering (4 Years, Bachelor of Technology)",HS,SC,Gender-Neutral,3305,3750
Motilal Nehru National Institute of Technology Allahabad,"Chemical Engineering (4 Years, Bachelor of Technology)",HS,SC,Female-only (including Supernumerary),5740,6579
Motilal Nehru National Institute of Technology Allahabad,"Chemical Engineering (4 Years, Bachelor of Technology)",HS,ST,Gender-Neutral,2951,3724
Motilal Nehru National Institute of Technology Allahabad,"Chemical Engineering (4 Years, Bachelor of Technology)",OS,OPEN,Gender-Neutral,18119,20356
Motilal Nehru National Institute of Technology Allahabad,"Chemical Engineering (4 Years, Bachelor of Technology)",OS,OPEN,Female-only (including Supernumerary),20419,29804
Motilal Nehru National Institute of Technology Allahabad,"Chemical Engineering (4 Years, Bachelor of Technology)",OS,OPEN (PwD),Gender-Neutral,2273,2273
Motilal Nehru National Institute of Technology Allahabad,"Chemical Engineering (4 Years, Bachelor of Technology)",OS,EWS,Gender-Neutral,3267,3267
Motilal Nehru National Institute of Technology Allahabad,"Chemical Engineering (4 Years, Bachelor of Technology)",OS,EWS,Female-only (including Supernumerary),5944,5944
Motilal Nehru National Institute of Technology Allahabad,"Chemical Engineering (4 Years, Bachelor of Technology)",OS,OBC-NCL,Gender-Neutral,7056,8097
Motilal Nehru National Institute of Technology Allahabad,"Chemical Engineering (4 Years, Bachelor of Technology)",OS,OBC-NCL,Female-only (including Supernumerary),12498,12498
Motilal Nehru National Institute of Technology Allahabad,"Chemical Engineering (4 Years, Bachelor of Technology)",OS,SC,Gender-Neutral,4254,4770
Motilal Nehru National Institute of Technology Allahabad,"Chemical Engineering (4 Years, Bachelor of Technology)",OS,SC,Female-only (including Supernumerary),4654,4654
Motilal Nehru National Institute of Technology Allahabad,"Chemical Engineering (4 Years, Bachelor of Technology)",OS,ST,Gender-Neutral,1799,1839
Motilal Nehru National Institute of Technology Allahabad,"Civil Engineering (4 Years, Bachelor of Technology)",HS,OPEN,Gender-Neutral,18477,25733
Motilal Nehru National Institute of Technology Allahabad,"Civil Engineering (4 Years, Bachelor of Technology)",HS,OPEN,Female-only (including Supernumerary),39595,42150
Motilal Nehru National Institute of Technology Allahabad,"Civil Engineering (4 Years, Bachelor of Technology)",HS,OPEN (PwD),Gender-Neutral,696,696
Motilal Nehru National Institute of Technology Allahabad,"Civil Engineering (4 Years, Bachelor of Technology)",HS,EWS,Gender-Neutral,4131,4465
Motilal Nehru National Institute of Technology Allahabad,"Civil Engineering (4 Years, Bachelor of Technology)",HS,EWS,Female-only (including Supernumerary),7060,7060
Motilal Nehru National Institute of Technology Allahabad,"Civil Engineering (4 Years, Bachelor of Technology)",HS,OBC-NCL,Gender-Neutral,7788,9043
Motilal Nehru National Institute of Technology Allahabad,"Civil Engineering (4 Years, Bachelor of Technology)",HS,OBC-NCL,Female-only (including Supernumerary),14771,17586
Motilal Nehru National Institute of Technology Allahabad,"Civil Engineering (4 Years, Bachelor of Technology)",HS,OBC-NCL (PwD),Gender-Neutral,600,600
Motilal Nehru National Institute of Technology Allahabad,"Civil Engineering (4 Years, Bachelor of Technology)",HS,SC,Gender-Neutral,2337,4509
Motilal Nehru National Institute of Technology Allahabad,"Civil Engineering (4 Years, Bachelor of Technology)",HS,SC,Female-only (including Supernumerary),4816,4816
Motilal Nehru National Institute of Technology Allahabad,"Civil Engineering (4 Years, Bachelor of Technology)",HS,ST,Gender-Neutral,3273,3551
Motilal Nehru National Institute of Technology Allahabad,"Civil Engineering (4 Years, Bachelor of Technology)",HS,ST,Female-only (including Supernumerary),2207,2207
Motilal Nehru National Institute of Technology Allahabad,"Civil Engineering (4 Years, Bachelor of Technology)",OS,OPEN,Gender-Neutral,15324,28054
Motilal Nehru National Institute of Technology Allahabad,"Civil Engineering (4 Years, Bachelor of Technology)",OS,OPEN,Female-only (including Supernumerary),29464,38879
Motilal Nehru National Institute of Technology Allahabad,"Civil Engineering (4 Years, Bachelor of Technology)",OS,OPEN (PwD),Gender-Neutral,668,668
Motilal Nehru National Institute of Technology Allahabad,"Civil Engineering (4 Years, Bachelor of Technology)",OS,OPEN (PwD),Female-only (including Supernumerary),2191,2191
Motilal Nehru National Institute of Technology Allahabad,"Civil Engineering (4 Years, Bachelor of Technology)",OS,EWS,Gender-Neutral,4538,4858
Motilal Nehru National Institute of Technology Allahabad,"Civil Engineering (4 Years, Bachelor of Technology)",OS,EWS,Female-only (including Supernumerary),6569,6569
Motilal Nehru National Institute of Technology Allahabad,"Civil Engineering (4 Years, Bachelor of Technology)",OS,EWS (PwD),Gender-Neutral,167,167
Motilal Nehru National Institute of Technology Allahabad,"Civil Engineering (4 Years, Bachelor of Technology)",OS,OBC-NCL,Gender-Neutral,8930,10011
Motilal Nehru National Institute of Technology Allahabad,"Civil Engineering (4 Years, Bachelor of Technology)",OS,OBC-NCL,Female-only (including Supernumerary),12963,15463
Motilal Nehru National Institute of Technology Allahabad,"Civil Engineering (4 Years, Bachelor of Technology)",OS,SC,Gender-Neutral,4590,5314
Motilal Nehru National Institute of Technology Allahabad,"Civil Engineering (4 Years, Bachelor of Technology)",OS,SC,Female-only (including Supernumerary),6075,6828
Motilal Nehru National Institute of Technology Allahabad,"Civil Engineering (4 Years, Bachelor of Technology)",OS,ST,Gender-Neutral,460,1232
Motilal Nehru National Institute of Technology Allahabad,"Civil Engineering (4 Years, Bachelor of Technology)",OS,ST,Female-only (including Supernumerary),2082,2082
Motilal Nehru National Institute of Technology Allahabad,"Computer Science and Engineering (4 Years, Bachelor of Technology)",HS,OPEN,Gender-Neutral,2401,5787
Motilal Nehru National Institute of Technology Allahabad,"Computer Science and Engineering (4 Years, Bachelor of Technology)",HS,OPEN,Female-only (including Supernumerary),4497,9060
Motilal Nehru National Institute of Technology Allahabad,"Computer Science and Engineering (4 Years, Bachelor of Technology)",HS,OPEN (PwD),Gender-Neutral,74,117
Motilal Nehru National Institute of Technology Allahabad,"Computer Science and Engineering (4 Years, Bachelor of Technology)",HS,OPEN (PwD),Female-only (including Supernumerary),267,267
Motilal Nehru National Institute of Technology Allahabad,"Computer Science and Engineering (4 Years, Bachelor of Technology)",HS,EWS,Gender-Neutral,797,1018
Motilal Nehru National Institute of Technology Allahabad,"Computer Science and Engineering (4 Years, Bachelor of Technology)",HS,EWS,Female-only (including Supernumerary),1685,1770
Motilal Nehru National Institute of Technology Allahabad,"Computer Science and Engineering (4 Years, Bachelor of Technology)",HS,OBC-NCL,Gender-Neutral,1231,2615
Motilal Nehru National Institute of Technology Allahabad,"Computer Science and Engineering (4 Years, Bachelor of Technology)",HS,OBC-NCL,Female-only (including Supernumerary),2775,5075
Motilal Nehru National Institute of Technology Allahabad,"Computer Science and Engineering (4 Years, Bachelor of Technology)",HS,OBC-NCL (PwD),Gender-Neutral,75,80
Motilal Nehru National Institute of Technology Allahabad,"Computer Science and Engineering (4 Years, Bachelor of Technology)",HS,OBC-NCL (PwD),Female-only (including Supernumerary),481,481
Motilal Nehru National Institute of Technology Allahabad,"Computer Science and Engineering (4 Years, Bachelor of Technology)",HS,SC,Gender-Neutral,213,1101
Motilal Nehru National Institute of Technology Allahabad,"Computer Science and Engineering (4 Years, Bachelor of Technology)",HS,SC,Female-only (including Supernumerary),890,1286
Motilal Nehru National Institute of Technology Allahabad,"Computer Science and Engineering (4 Years, Bachelor of Technology)",HS,SC (PwD),Gender-Neutral,16,16
Motilal Nehru National Institute of Technology Allahabad,"Computer Science and Engineering (4 Years, Bachelor of Technology)",HS,ST,Gender-Neutral,155,927
Motilal Nehru National Institute of Technology Allahabad,"Computer Science and Engineering (4 Years, Bachelor of Technology)",HS,ST,Female-only (including Supernumerary),2425,3286
Motilal Nehru National Institute of Technology Allahabad,"Computer Science and Engineering (4 Years, Bachelor of Technology)",HS,ST (PwD),Gender-Neutral,26,26
Motilal Nehru National Institute of Technology Allahabad,"Computer Science and Engineering (4 Years, Bachelor of Technology)",OS,OPEN,Gender-Neutral,2136,4050
Motilal Nehru National Institute of Technology Allahabad,"Computer Science and Engineering (4 Years, Bachelor of Technology)",OS,OPEN,Female-only (including Supernumerary),4882,8377
Motilal Nehru National Institute of Technology Allahabad,"Computer Science and Engineering (4 Years, Bachelor of Technology)",OS,OPEN (PwD),Gender-Neutral,59,134
Motilal Nehru National Institute of Technology Allahabad,"Computer Science and Engineering (4 Years, Bachelor of Technology)",OS,EWS,Gender-Neutral,549,674
Motilal Nehru National Institute of Technology Allahabad,"Computer Science and Engineering (4 Years, Bachelor of Technology)",OS,EWS,Female-only (including Supernumerary),1372,1373
Motilal Nehru National Institute of Technology Allahabad,"Computer Science and Engineering (4 Years, Bachelor of Technology)",OS,EWS (PwD),Female-only (including Supernumerary),157,157
Motilal Nehru National Institute of Technology Allahabad,"Computer Science and Engineering (4 Years, Bachelor of Technology)",OS,OBC-NCL,Gender-Neutral,982,1568
Motilal Nehru National Institute of Technology Allahabad,"Computer Science and Engineering (4 Years, Bachelor of Technology)",OS,OBC-NCL,Female-only (including Supernumerary),2836,4113
Motilal Nehru National Institute of Technology Allahabad,"Computer Science and Engineering (4 Years, Bachelor of Technology)",OS,OBC-NCL (PwD),Gender-Neutral,91,120
Motilal Nehru National Institute of Technology Allahabad,"Computer Science and Engineering (4 Years, Bachelor of Technology)",OS,SC,Gender-Neutral,173,1072
Motilal Nehru National Institute of Technology Allahabad,"Computer Science and Engineering (4 Years, Bachelor of Technology)",OS,SC,Female-only (including Supernumerary),942,1873
Motilal Nehru National Institute of Technology Allahabad,"Computer Science and Engineering (4 Years, Bachelor of Technology)",OS,SC (PwD),Gender-Neutral,22,22
Motilal Nehru National Institute of Technology Allahabad,"Computer Science and Engineering (4 Years, Bachelor of Technology)",OS,SC (PwD),Female-only (including Supernumerary),84,84
Motilal Nehru National Institute of Technology Allahabad,"Computer Science and Engineering (4 Years, Bachelor of Technology)",OS,ST,Gender-Neutral,256,418
Motilal Nehru National Institute of Technology Allahabad,"Computer Science and Engineering (4 Years, Bachelor of Technology)",OS,ST,Female-only (including Supernumerary),614,657
Motilal Nehru National Institute of Technology Allahabad,"Computer Science and Engineering (4 Years, Bachelor of Technology)",OS,ST (PwD),Gender-Neutral,15,15
Motilal Nehru National Institute of Technology Allahabad,"Electrical Engineering (4 Years, Bachelor of Technology)",HS,OPEN,Gender-Neutral,8741,11249
Motilal Nehru National Institute of Technology Allahabad,"Electrical Engineering (4 Years, Bachelor of Technology)",HS,OPEN,Female-only (including Supernumerary),18170,22479
Motilal Nehru National Institute of Technology Allahabad,"Electrical Engineering (4 Years, Bachelor of Technology)",HS,OPEN (PwD),Gender-Neutral,476,476
Motilal Nehru National Institute of Technology Allahabad,"Electrical Engineering (4 Years, Bachelor of Technology)",HS,EWS,Gender-Neutral,1698,1809
Motilal Nehru National Institute of Technology Allahabad,"Electrical Engineering (4 Years, Bachelor of Technology)",HS,EWS,Female-only (including Supernumerary),3577,3577
Motilal Nehru National Institute of Technology Allahabad,"Electrical Engineering (4 Years, Bachelor of Technology)",HS,OBC-NCL,Gender-Neutral,3826,4489
Motilal Nehru National Institute of Technology Allahabad,"Electrical Engineering (4 Years, Bachelor of Technology)",HS,OBC-NCL,Female-only (including Supernumerary),8604,8929
Motilal Nehru National Institute of Technology Allahabad,"Electrical Engineering (4 Years, Bachelor of Technology)",HS,OBC-NCL (PwD),Gender-Neutral,262,262
Motilal Nehru National Institute of Technology Allahabad,"Electrical Engineering (4 Years, Bachelor of Technology)",HS,SC,Gender-Neutral,1542,2528
Motilal Nehru National Institute of Technology Allahabad,"Electrical Engineering (4 Years, Bachelor of Technology)",HS,SC,Female-only (including Supernumerary),4107,4290
Motilal Nehru National Institute of Technology Allahabad,"Electrical Engineering (4 Years, Bachelor of Technology)",HS,ST,Gender-Neutral,1554,1785
Motilal Nehru National Institute of Technology Allahabad,"Electrical Engineering (4 Years, Bachelor of Technology)",HS,ST,Female-only (including Supernumerary),3324,3324
Motilal Nehru National Institute of Technology Allahabad,"Electrical Engineering (4 Years, Bachelor of Technology)",OS,OPEN,Gender-Neutral,7679,10710
Motilal Nehru National Institute of Technology Allahabad,"Electrical Engineering (4 Years, Bachelor of Technology)",OS,OPEN,Female-only (including Supernumerary),15078,16066
Motilal Nehru National Institute of Technology Allahabad,"Electrical Engineering (4 Years, Bachelor of Technology)",OS,OPEN (PwD),Gender-Neutral,148,148
Motilal Nehru National Institute of Technology Allahabad,"Electrical Engineering (4 Years, Bachelor of Technology)",OS,OPEN (PwD),Female-only (including Supernumerary),2103,2103
Motilal Nehru National Institute of Technology Allahabad,"Electrical Engineering (4 Years, Bachelor of Technology)",OS,EWS,Gender-Neutral,1548,1897
Motilal Nehru National Institute of Technology Allahabad,"Electrical Engineering (4 Years, Bachelor of Technology)",OS,EWS,Female-only (including Supernumerary),2921,2921
Motilal Nehru National Institute of Technology Allahabad,"Electrical Engineering (4 Years, Bachelor of Technology)",OS,OBC-NCL,Gender-Neutral,3613,4881
Motilal Nehru National Institute of Technology Allahabad,"Electrical Engineering (4 Years, Bachelor of Technology)",OS,OBC-NCL,Female-only (including Supernumerary),6371,8223
Motilal Nehru National Institute of Technology Allahabad,"Electrical Engineering (4 Years, Bachelor of Technology)",OS,OBC-NCL (PwD),Gender-Neutral,542,542
Motilal Nehru National Institute of Technology Allahabad,"Electrical Engineering (4 Years, Bachelor of Technology)",OS,SC,Gender-Neutral,2148,2605
Motilal Nehru National Institute of Technology Allahabad,"Electrical Engineering (4 Years, Bachelor of Technology)",OS,SC,Female-only (including Supernumerary),4803,4803
Motilal Nehru National Institute of Technology Allahabad,"Electrical Engineering (4 Years, Bachelor of Technology)",OS,ST,Gender-Neutral,604,870
Motilal Nehru National Institute of Technology Allahabad,"Electrical Engineering (4 Years, Bachelor of Technology)",OS,ST,Female-only (including Supernumerary),2215,2215
Motilal Nehru National Institute of Technology Allahabad,"Electronics and Communication Engineering (4 Years, Bachelor of Technology)",HS,OPEN,Gender-Neutral,5804,8619
Motilal Nehru National Institute of Technology Allahabad,"Electronics and Communication Engineering (4 Years, Bachelor of Technology)",HS,OPEN,Female-only (including Supernumerary),9834,15653
Motilal Nehru National Institute of Technology Allahabad,"Electronics and Communication Engineering (4 Years, Bachelor of Technology)",HS,OPEN (PwD),Gender-Neutral,217,217
Motilal Nehru National Institute of Technology Allahabad,"Electronics and Communication Engineering (4 Years, Bachelor of Technology)",HS,OPEN (PwD),Female-only (including Supernumerary),1469,1469
Motilal Nehru National Institute of Technology Allahabad,"Electronics and Communication Engineering (4 Years, Bachelor of Technology)",HS,EWS,Gender-Neutral,1289,1430
Motilal Nehru National Institute of Technology Allahabad,"Electronics and Communication Engineering (4 Years, Bachelor of Technology)",HS,EWS,Female-only (including Supernumerary),2650,3126
Motilal Nehru National Institute of Technology Allahabad,"Electronics and Communication Engineering (4 Years, Bachelor of Technology)",HS,OBC-NCL,Gender-Neutral,2662,3616
Motilal Nehru National Institute of Technology Allahabad,"Electronics and Communication Engineering (4 Years, Bachelor of Technology)",HS,OBC-NCL,Female-only (including Supernumerary),5248,6445
Motilal Nehru National Institute of Technology Allahabad,"Electronics and Communication Engineering (4 Years, Bachelor of Technology)",HS,OBC-NCL (PwD),Gender-Neutral,183,183
Motilal Nehru National Institute of Technology Allahabad,"Electronics and Communication Engineering (4 Years, Bachelor of Technology)",HS,SC,Gender-Neutral,1111,2050
Motilal Nehru National Institute of Technology Allahabad,"Electronics and Communication Engineering (4 Years, Bachelor of Technology)",HS,SC,Female-only (including Supernumerary),3461,3883
Motilal Nehru National Institute of Technology Allahabad,"Electronics and Communication Engineering (4 Years, Bachelor of Technology)",HS,ST,Gender-Neutral,986,1546
Motilal Nehru National Institute of Technology Allahabad,"Electronics and Communication Engineering (4 Years, Bachelor of Technology)",HS,ST,Female-only (including Supernumerary),3457,3457
Motilal Nehru National Institute of Technology Allahabad,"Electronics and Communication Engineering (4 Years, Bachelor of Technology)",OS,OPEN,Gender-Neutral,5392,7404
Motilal Nehru National Institute of Technology Allahabad,"Electronics and Communication Engineering (4 Years, Bachelor of Technology)",OS,OPEN,Female-only (including Supernumerary),10646,14134
Motilal Nehru National Institute of Technology Allahabad,"Electronics and Communication Engineering (4 Years, Bachelor of Technology)",OS,OPEN (PwD),Gender-Neutral,307,307
Motilal Nehru National Institute of Technology Allahabad,"Electronics and Communication Engineering (4 Years, Bachelor of Technology)",OS,OPEN (PwD),Female-only (including Supernumerary),1282,1282
Motilal Nehru National Institute of Technology Allahabad,"Electronics and Communication Engineering (4 Years, Bachelor of Technology)",OS,EWS,Gender-Neutral,1009,1205
Motilal Nehru National Institute of Technology Allahabad,"Electronics and Communication Engineering (4 Years, Bachelor of Technology)",OS,EWS,Female-only (including Supernumerary),2368,2368
Motilal Nehru National Institute of Technology Allahabad,"Electronics and Communication Engineering (4 Years, Bachelor of Technology)",OS,OBC-NCL,Gender-Neutral,1823,2960
Motilal Nehru National Institute of Technology Allahabad,"Electronics and Communication Engineering (4 Years, Bachelor of Technology)",OS,OBC-NCL,Female-only (including Supernumerary),4372,6089
Motilal Nehru National Institute of Technology Allahabad,"Electronics and Communication Engineering (4 Years, Bachelor of Technology)",OS,OBC-NCL (PwD),Gender-Neutral,266,266
Motilal Nehru National Institute of Technology Allahabad,"Electronics and Communication Engineering (4 Years, Bachelor of Technology)",OS,SC,Gender-Neutral,1321,2062
Motilal Nehru National Institute of Technology Allahabad,"Electronics and Communication Engineering (4 Years, Bachelor of Technology)",OS,SC,Female-only (including Supernumerary),2365,2365
Motilal Nehru National Institute of Technology Allahabad,"Electronics and Communication Engineering (4 Years, Bachelor of Technology)",OS,SC (PwD),Female-only (including Supernumerary),199,199
Motilal Nehru National Institute of Technology Allahabad,"Electronics and Communication Engineering (4 Years, Bachelor of Technology)",OS,ST,Gender-Neutral,428,809
Motilal Nehru National Institute of Technology Allahabad,"Electronics and Communication Engineering (4 Years, Bachelor of Technology)",OS,ST,Female-only (including Supernumerary),1578,1665
Motilal Nehru National Institute of Technology Allahabad,"Engineering and Computational Mechanics (4 Years, Bachelor of Technology)",HS,OPEN,Gender-Neutral,11227,11587
Motilal Nehru National Institute of Technology Allahabad,"Engineering and Computational Mechanics (4 Years, Bachelor of Technology)",HS,OPEN,Female-only (including Supernumerary),19712,19712
Motilal Nehru National Institute of Technology Allahabad,"Engineering and Computational Mechanics (4 Years, Bachelor of Technology)",HS,OPEN (PwD),Gender-Neutral,524,524
Motilal Nehru National Institute of Technology Allahabad,"Engineering and Computational Mechanics (4 Years, Bachelor of Technology)",HS,EWS,Gender-Neutral,1894,1894
Motilal Nehru National Institute of Technology Allahabad,"Engineering and Computational Mechanics (4 Years, Bachelor of Technology)",HS,EWS (PwD),Female-only (including Supernumerary),266,266
Motilal Nehru National Institute of Technology Allahabad,"Engineering and Computational Mechanics (4 Years, Bachelor of Technology)",HS,OBC-NCL,Gender-Neutral,4931,5531
Motilal Nehru National Institute of Technology Allahabad,"Engineering and Computational Mechanics (4 Years, Bachelor of Technology)",HS,OBC-NCL,Female-only (including Supernumerary),9447,9447
Motilal Nehru National Institute of Technology Allahabad,"Engineering and Computational Mechanics (4 Years, Bachelor of Technology)",HS,SC,Gender-Neutral,2587,2891
Motilal Nehru National Institute of Technology Allahabad,"Engineering and Computational Mechanics (4 Years, Bachelor of Technology)",HS,ST,Gender-Neutral,2347,2347
Motilal Nehru National Institute of Technology Allahabad,"Engineering and Computational Mechanics (4 Years, Bachelor of Technology)",OS,OPEN,Gender-Neutral,6739,10545
Motilal Nehru National Institute of Technology Allahabad,"Engineering and Computational Mechanics (4 Years, Bachelor of Technology)",OS,OPEN,Female-only (including Supernumerary),17028,17028
Motilal Nehru National Institute of Technology Allahabad,"Engineering and Computational Mechanics (4 Years, Bachelor of Technology)",OS,EWS,Gender-Neutral,1774,1774
Motilal Nehru National Institute of Technology Allahabad,"Engineering and Computational Mechanics (4 Years, Bachelor of Technology)",OS,OBC-NCL,Gender-Neutral,3958,4975
Motilal Nehru National Institute of Technology Allahabad,"Engineering and Computational Mechanics (4 Years, Bachelor of Technology)",OS,OBC-NCL,Female-only (including Supernumerary),7500,7500
Motilal Nehru National Institute of Technology Allahabad,"Engineering and Computational Mechanics (4 Years, Bachelor of Technology)",OS,SC,Gender-Neutral,2879,3141
Motilal Nehru National Institute of Technology Allahabad,"Engineering and Computational Mechanics (4 Years, Bachelor of Technology)",OS,SC,Female-only (including Supernumerary),5623,5623
Motilal Nehru National Institute of Technology Allahabad,"Engineering and Computational Mechanics (4 Years, Bachelor of Technology)",OS,ST,Gender-Neutral,1374,1374
Motilal Nehru National Institute of Technology Allahabad,"Materials Engineering (4 Years, Bachelor of Technology)",HS,OPEN,Gender-Neutral,21627,29255
Motilal Nehru National Institute of Technology Allahabad,"Materials Engineering (4 Years, Bachelor of Technology)",HS,OPEN,Female-only (including Supernumerary),36170,36170
Motilal Nehru National Institute of Technology Allahabad,"Materials Engineering (4 Years, Bachelor of Technology)",HS,OPEN (PwD),Gender-Neutral,1863,1863
Motilal Nehru National Institute of Technology Allahabad,"Materials Engineering (4 Years, Bachelor of Technology)",HS,EWS,Gender-Neutral,5411,5411
Motilal Nehru National Institute of Technology Allahabad,"Materials Engineering (4 Years, Bachelor of Technology)",HS,OBC-NCL,Gender-Neutral,9718,13614
Motilal Nehru National Institute of Technology Allahabad,"Materials Engineering (4 Years, Bachelor of Technology)",HS,OBC-NCL,Female-only (including Supernumerary),18280,18280
Motilal Nehru National Institute of Technology Allahabad,"Materials Engineering (4 Years, Bachelor of Technology)",HS,SC,Gender-Neutral,3838,5162
Motilal Nehru National Institute of Technology Allahabad,"Materials Engineering (4 Years, Bachelor of Technology)",HS,ST,Gender-Neutral,5699,5699
Motilal Nehru National Institute of Technology Allahabad,"Materials Engineering (4 Years, Bachelor of Technology)",OS,OPEN,Gender-Neutral,31778,35953
Motilal Nehru National Institute of Technology Allahabad,"Materials Engineering (4 Years, Bachelor of Technology)",OS,OPEN,Female-only (including Supernumerary),48623,48623
Motilal Nehru National Institute of Technology Allahabad,"Materials Engineering (4 Years, Bachelor of Technology)",OS,EWS,Gender-Neutral,6475,6475
Motilal Nehru National Institute of Technology Allahabad,"Materials Engineering (4 Years, Bachelor of Technology)",OS,OBC-NCL,Gender-Neutral,12778,13282
Motilal Nehru National Institute of Technology Allahabad,"Materials Engineering (4 Years, Bachelor of Technology)",OS,OBC-NCL,Female-only (including Supernumerary),18572,18572
Motilal Nehru National Institute of Technology Allahabad,"Materials Engineering (4 Years, Bachelor of Technology)",OS,SC,Gender-Neutral,5366,6525
Motilal Nehru National Institute of Technology Allahabad,"Materials Engineering (4 Years, Bachelor of Technology)",OS,SC,Female-only (including Supernumerary),9817,9817
Motilal Nehru National Institute of Technology Allahabad,"Materials Engineering (4 Years, Bachelor of Technology)",OS,ST,Gender-Neutral,2091,2091
Motilal Nehru National Institute of Technology Allahabad,"Mechanical Engineering (4 Years, Bachelor of Technology)",HS,OPEN,Gender-Neutral,10836,18838
Motilal Nehru National Institute of Technology Allahabad,"Mechanical Engineering (4 Years, Bachelor of Technology)",HS,OPEN,Female-only (including Supernumerary),25069,30734
Motilal Nehru National Institute of Technology Allahabad,"Mechanical Engineering (4 Years, Bachelor of Technology)",HS,OPEN (PwD),Gender-Neutral,590,590
Motilal Nehru National Institute of Technology Allahabad,"Mechanical Engineering (4 Years, Bachelor of Technology)",HS,EWS,Gender-Neutral,3037,3289
Motilal Nehru National Institute of Technology Allahabad,"Mechanical Engineering (4 Years, Bachelor of Technology)",HS,EWS,Female-only (including Supernumerary),4929,5370
Motilal Nehru National Institute of Technology Allahabad,"Mechanical Engineering (4 Years, Bachelor of Technology)",HS,EWS (PwD),Gender-Neutral,170,170
Motilal Nehru National Institute of Technology Allahabad,"Mechanical Engineering (4 Years, Bachelor of Technology)",HS,OBC-NCL,Gender-Neutral,5592,7622
Motilal Nehru National Institute of Technology Allahabad,"Mechanical Engineering (4 Years, Bachelor of Technology)",HS,OBC-NCL,Female-only (including Supernumerary),9530,13762
Motilal Nehru National Institute of Technology Allahabad,"Mechanical Engineering (4 Years, Bachelor of Technology)",HS,OBC-NCL (PwD),Gender-Neutral,477,477
Motilal Nehru National Institute of Technology Allahabad,"Mechanical Engineering (4 Years, Bachelor of Technology)",HS,SC,Gender-Neutral,3197,3587
Motilal Nehru National Institute of Technology Allahabad,"Mechanical Engineering (4 Years, Bachelor of Technology)",HS,SC,Female-only (including Supernumerary),5984,6972
Motilal Nehru National Institute of Technology Allahabad,"Mechanical Engineering (4 Years, Bachelor of Technology)",HS,ST,Gender-Neutral,2376,2560
Motilal Nehru National Institute of Technology Allahabad,"Mechanical Engineering (4 Years, Bachelor of Technology)",HS,ST,Female-only (including Supernumerary),3534,3534
Motilal Nehru National Institute of Technology Allahabad,"Mechanical Engineering (4 Years, Bachelor of Technology)",OS,OPEN,Gender-Neutral,13179,18006
Motilal Nehru National Institute of Technology Allahabad,"Mechanical Engineering (4 Years, Bachelor of Technology)",OS,OPEN,Female-only (including Supernumerary),27632,33527
Motilal Nehru National Institute of Technology Allahabad,"Mechanical Engineering (4 Years, Bachelor of Technology)",OS,OPEN (PwD),Gender-Neutral,512,512
Motilal Nehru National Institute of Technology Allahabad,"Mechanical Engineering (4 Years, Bachelor of Technology)",OS,OPEN (PwD),Female-only (including Supernumerary),3555,3555
Motilal Nehru National Institute of Technology Allahabad,"Mechanical Engineering (4 Years, Bachelor of Technology)",OS,EWS,Gender-Neutral,2757,3330
Motilal Nehru National Institute of Technology Allahabad,"Mechanical Engineering (4 Years, Bachelor of Technology)",OS,EWS,Female-only (including Supernumerary),5707,6246
Motilal Nehru National Institute of Technology Allahabad,"Mechanical Engineering (4 Years, Bachelor of Technology)",OS,OBC-NCL,Gender-Neutral,5649,7340
Motilal Nehru National Institute of Technology Allahabad,"Mechanical Engineering (4 Years, Bachelor of Technology)",OS,OBC-NCL,Female-only (including Supernumerary),11708,14313
Motilal Nehru National Institute of Technology Allahabad,"Mechanical Engineering (4 Years, Bachelor of Technology)",OS,OBC-NCL (PwD),Gender-Neutral,568,568
Motilal Nehru National Institute of Technology Allahabad,"Mechanical Engineering (4 Years, Bachelor of Technology)",OS,SC,Gender-Neutral,3107,4669
Motilal Nehru National Institute of Technology Allahabad,"Mechanical Engineering (4 Years, Bachelor of Technology)",OS,SC,Female-only (including Supernumerary),5887,6522
Motilal Nehru National Institute of Technology Allahabad,"Mechanical Engineering (4 Years, Bachelor of Technology)",OS,ST,Gender-Neutral,1531,1643
Motilal Nehru National Institute of Technology Allahabad,"Mechanical Engineering (4 Years, Bachelor of Technology)",OS,ST,Female-only (including Supernumerary),2450,2450
Motilal Nehru National Institute of Technology Allahabad,"Production and Industrial Engineering (4 Years, Bachelor of Technology)",HS,OPEN,Gender-Neutral,23990,30318
Motilal Nehru National Institute of Technology Allahabad,"Production and Industrial Engineering (4 Years, Bachelor of Technology)",HS,OPEN,Female-only (including Supernumerary),42910,48917
Motilal Nehru National Institute of Technology Allahabad,"Production and Industrial Engineering (4 Years, Bachelor of Technology)",HS,OPEN (PwD),Gender-Neutral,2019,2019
Motilal Nehru National Institute of Technology Allahabad,"Production and Industrial Engineering (4 Years, Bachelor of Technology)",HS,EWS,Gender-Neutral,4941,5257
Motilal Nehru National Institute of Technology Allahabad,"Production and Industrial Engineering (4 Years, Bachelor of Technology)",HS,EWS,Female-only (including Supernumerary),8224,8224
Motilal Nehru National Institute of Technology Allahabad,"Production and Industrial Engineering (4 Years, Bachelor of Technology)",HS,OBC-NCL,Gender-Neutral,9663,12712
Motilal Nehru National Institute of Technology Allahabad,"Production and Industrial Engineering (4 Years, Bachelor of Technology)",HS,SC,Gender-Neutral,4647,5828
Motilal Nehru National Institute of Technology Allahabad,"Production and Industrial Engineering (4 Years, Bachelor of Technology)",HS,SC,Female-only (including Supernumerary),8962,8962
Motilal Nehru National Institute of Technology Allahabad,"Production and Industrial Engineering (4 Years, Bachelor of Technology)",HS,ST,Gender-Neutral,3228,4689
Motilal Nehru National Institute of Technology Allahabad,"Production and Industrial Engineering (4 Years, Bachelor of Technology)",OS,OPEN,Gender-Neutral,22011,30238
Motilal Nehru National Institute of Technology Allahabad,"Production and Industrial Engineering (4 Years, Bachelor of Technology)",OS,OPEN,Female-only (including Supernumerary),34608,42691
Motilal Nehru National Institute of Technology Allahabad,"Production and Industrial Engineering (4 Years, Bachelor of Technology)",OS,OPEN (PwD),Gender-Neutral,3306,3306
Motilal Nehru National Institute of Technology Allahabad,"Production and Industrial Engineering (4 Years, Bachelor of Technology)",OS,EWS,Gender-Neutral,5253,5478
Motilal Nehru National Institute of Technology Allahabad,"Production and Industrial Engineering (4 Years, Bachelor of Technology)",OS,EWS,Female-only (including Supernumerary),7540,7540
Motilal Nehru National Institute of Technology Allahabad,"Production and Industrial Engineering (4 Years, Bachelor of Technology)",OS,OBC-NCL,Gender-Neutral,10877,12811
Motilal Nehru National Institute of Technology Allahabad,"Production and Industrial Engineering (4 Years, Bachelor of Technology)",OS,OBC-NCL,Female-only (including Supernumerary),16190,16190
Motilal Nehru National Institute of Technology Allahabad,"Production and Industrial Engineering (4 Years, Bachelor of Technology)",OS,SC,Gender-Neutral,5737,6398
Motilal Nehru National Institute of Technology Allahabad,"Production and Industrial Engineering (4 Years, Bachelor of Technology)",OS,SC,Female-only (including Supernumerary),9814,9814
Motilal Nehru National Institute of Technology Allahabad,"Production and Industrial Engineering (4 Years, Bachelor of Technology)",OS,ST,Gender-Neutral,2824,2824
Motilal Nehru National Institute of Technology Allahabad,"Production and Industrial Engineering (4 Years, Bachelor of Technology)",OS,ST,Female-only (including Supernumerary),3853,3853
National Institute of Technology Agartala,"Biotechnology and Biochemical Engineering (4 Years, Bachelor of Technology)",HS,OPEN,Gender-Neutral,106936,245290
National Institute of Technology Agartala,"Biotechnology and Biochemical Engineering (4 Years, Bachelor of Technology)",HS,OPEN,Female-only (including Supernumerary),129019,151489
National Institute of Technology Agartala,"Biotechnology and Biochemical Engineering (4 Years, Bachelor of Technology)",HS,SC,Gender-Neutral,24924,27253
National Institute of Technology Agartala,"Biotechnology and Biochemical Engineering (4 Years, Bachelor of Technology)",HS,SC,Female-only (including Supernumerary),30280,30280
National Institute of Technology Agartala,"Biotechnology and Biochemical Engineering (4 Years, Bachelor of Technology)",HS,ST,Gender-Neutral,16005,40112
National Institute of Technology Agartala,"Biotechnology and Biochemical Engineering (4 Years, Bachelor of Technology)",HS,ST,Female-only (including Supernumerary),5057,12047
National Institute of Technology Agartala,"Biotechnology and Biochemical Engineering (4 Years, Bachelor of Technology)",OS,OPEN,Gender-Neutral,50675,54110
National Institute of Technology Agartala,"Biotechnology and Biochemical Engineering (4 Years, Bachelor of Technology)",OS,OPEN,Female-only (including Supernumerary),55492,56931
National Institute of Technology Agartala,"Biotechnology and Biochemical Engineering (4 Years, Bachelor of Technology)",OS,OPEN (PwD),Gender-Neutral,4279,4279
National Institute of Technology Agartala,"Biotechnology and Biochemical Engineering (4 Years, Bachelor of Technology)",OS,EWS,Gender-Neutral,8793,9099
National Institute of Technology Agartala,"Biotechnology and Biochemical Engineering (4 Years, Bachelor of Technology)",OS,EWS,Female-only (including Supernumerary),11007,11007
National Institute of Technology Agartala,"Biotechnology and Biochemical Engineering (4 Years, Bachelor of Technology)",OS,OBC-NCL,Gender-Neutral,16750,17959
National Institute of Technology Agartala,"Biotechnology and Biochemical Engineering (4 Years, Bachelor of Technology)",OS,OBC-NCL,Female-only (including Supernumerary),22242,22576
National Institute of Technology Agartala,"Biotechnology and Biochemical Engineering (4 Years, Bachelor of Technology)",OS,SC,Gender-Neutral,7903,8743
National Institute of Technology Agartala,"Biotechnology and Biochemical Engineering (4 Years, Bachelor of Technology)",OS,SC,Female-only (including Supernumerary),12081,12081
National Institute of Technology Agartala,"Biotechnology and Biochemical Engineering (4 Years, Bachelor of Technology)",OS,ST,Gender-Neutral,2928,3665
National Institute of Technology Agartala,"Chemical Engineering (4 Years, Bachelor of Technology)",HS,OPEN,Gender-Neutral,173466,228988
National Institute of Technology Agartala,"Chemical Engineering (4 Years, Bachelor of Technology)",HS,OPEN,Female-only (including Supernumerary),161018,206719
National Institute of Technology Agartala,"Chemical Engineering (4 Years, Bachelor of Technology)",HS,EWS,Gender-Neutral,98955,98955
National Institute of Technology Agartala,"Chemical Engineering (4 Years, Bachelor of Technology)",HS,SC,Gender-Neutral,14023,22902
National Institute of Technology Agartala,"Chemical Engineering (4 Years, Bachelor of Technology)",HS,SC,Female-only (including Supernumerary),30885,30885
National Institute of Technology Agartala,"Chemical Engineering (4 Years, Bachelor of Technology)",HS,ST,Gender-Neutral,10761,32970
National Institute of Technology Agartala,"Chemical Engineering (4 Years, Bachelor of Technology)",HS,ST,Female-only (including Supernumerary),25473,30949
National Institute of Technology Agartala,"Chemical Engineering (4 Years, Bachelor of Technology)",OS,OPEN,Gender-Neutral,42401,48612
National Institute of Technology Agartala,"Chemical Engineering (4 Years, Bachelor of Technology)",OS,OPEN,Female-only (including Supernumerary),47349,52172
National Institute of Technology Agartala,"Chemical Engineering (4 Years, Bachelor of Technology)",OS,EWS,Gender-Neutral,7926,8122
National Institute of Technology Agartala,"Chemical Engineering (4 Years, Bachelor of Technology)",OS,EWS,Female-only (including Supernumerary),8666,8666
National Institute of Technology Agartala,"Chemical Engineering (4 Years, Bachelor of Technology)",OS,OBC-NCL,Gender-Neutral,15180,15964
National Institute of Technology Agartala,"Chemical Engineering (4 Years, Bachelor of Technology)",OS,OBC-NCL,Female-only (including Supernumerary),19905,20010
National Institute of Technology Agartala,"Chemical Engineering (4 Years, Bachelor of Technology)",OS,SC,Gender-Neutral,7195,7798
National Institute of Technology Agartala,"Chemical Engineering (4 Years, Bachelor of Technology)",OS,SC,Female-only (including Supernumerary),10661,10661
National Institute of Technology Agartala,"Chemical Engineering (4 Years, Bachelor of Technology)",OS,ST,Gender-Neutral,2896,3003
National Institute of Technology Agartala,"Chemical Engineering (4 Years, Bachelor of Technology)",OS,ST,Female-only (including Supernumerary),4451,4451
National Institute of Technology Agartala,"Chemistry (5 Years, Bachelor of Science and Master of Science (Dual Degree))",HS,OPEN,Gender-Neutral,246115,298519
National Institute of Technology Agartala,"Chemistry (5 Years, Bachelor of Science and Master of Science (Dual Degree))",HS,SC,Gender-Neutral,27811,35667
National Institute of Technology Agartala,"Chemistry (5 Years, Bachelor of Science and Master of Science (Dual Degree))",HS,ST,Gender-Neutral,12083,37412
National Institute of Technology Agartala,"Chemistry (5 Years, Bachelor of Science and Master of Science (Dual Degree))",OS,OPEN,Gender-Neutral,53322,56937
National Institute of Technology Agartala,"Chemistry (5 Years, Bachelor of Science and Master of Science (Dual Degree))",OS,EWS,Gender-Neutral,9327,9327
National Institute of Technology Agartala,"Chemistry (5 Years, Bachelor of Science and Master of Science (Dual Degree))",OS,OBC-NCL,Gender-Neutral,17943,18489
National Institute of Technology Agartala,"Chemistry (5 Years, Bachelor of Science and Master of Science (Dual Degree))",OS,SC,Gender-Neutral,7359,9573
National Institute of Technology Agartala,"Chemistry (5 Years, Bachelor of Science and Master of Science (Dual Degree))",OS,ST,Gender-Neutral,3851,3851
National Institute of Technology Agartala,"Civil Engineering (4 Years, Bachelor of Technology)",HS,OPEN,Gender-Neutral,153525,217289
National Institute of Technology Agartala,"Civil Engineering (4 Years, Bachelor of Technology)",HS,OPEN,Female-only (including Supernumerary),175593,217027
National Institute of Technology Agartala,"Civil Engineering (4 Years, Bachelor of Technology)",HS,SC,Gender-Neutral,15017,24146
National Institute of Technology Agartala,"Civil Engineering (4 Years, Bachelor of Technology)",HS,SC,Female-only (including Supernumerary),18921,18979
National Institute of Technology Agartala,"Civil Engineering (4 Years, Bachelor of Technology)",HS,ST,Gender-Neutral,8900,19732
National Institute of Technology Agartala,"Civil Engineering (4 Years, Bachelor of Technology)",HS,ST,Female-only (including Supernumerary),6867,12901
National Institute of Technology Agartala,"Civil Engineering (4 Years, Bachelor of Technology)",OS,OPEN,Gender-Neutral,41899,50745
National Institute of Technology Agartala,"Civil Engineering (4 Years, Bachelor of Technology)",OS,OPEN,Female-only (including Supernumerary),58458,63454
National Institute of Technology Agartala,"Civil Engineering (4 Years, Bachelor of Technology)",OS,EWS,Gender-Neutral,8209,8369
National Institute of Technology Agartala,"Civil Engineering (4 Years, Bachelor of Technology)",OS,EWS,Female-only (including Supernumerary),10368,10368
National Institute of Technology Agartala,"Civil Engineering (4 Years, Bachelor of Technology)",OS,OBC-NCL,Gender-Neutral,15449,16985
National Institute of Technology Agartala,"Civil Engineering (4 Years, Bachelor of Technology)",OS,OBC-NCL,Female-only (including Supernumerary),21104,23256
National Institute of Technology Agartala,"Civil Engineering (4 Years, Bachelor of Technology)",OS,SC,Gender-Neutral,7730,7995
National Institute of Technology Agartala,"Civil Engineering (4 Years, Bachelor of Technology)",OS,SC,Female-only (including Supernumerary),11080,11177
National Institute of Technology Agartala,"Civil Engineering (4 Years, Bachelor of Technology)",OS,ST,Gender-Neutral,2456,2579
National Institute of Technology Agartala,"Civil Engineering (4 Years, Bachelor of Technology)",OS,ST,Female-only (including Supernumerary),3123,3123
National Institute of Technology Agartala,"Computational Mathematics (5 Years, Bachelor and Master of Technology (Dual Degree))",HS,OPEN,Gender-Neutral,75987,159386
National Institute of Technology Agartala,"Computational Mathematics (5 Years, Bachelor and Master of Technology (Dual Degree))",HS,SC,Gender-Neutral,16797,19043
National Institute of Technology Agartala,"Computational Mathematics (5 Years, Bachelor and Master of Technology (Dual Degree))",OS,OPEN,Gender-Neutral,19833,30927
National Institute of Technology Agartala,"Computational Mathematics (5 Years, Bachelor and Master of Technology (Dual Degree))",OS,EWS,Gender-Neutral,5201,5201
National Institute of Technology Agartala,"Computational Mathematics (5 Years, Bachelor and Master of Technology (Dual Degree))",OS,OBC-NCL,Gender-Neutral,11174,13665
National Institute of Technology Agartala,"Computational Mathematics (5 Years, Bachelor and Master of Technology (Dual Degree))",OS,SC,Gender-Neutral,5013,6296
National Institute of Technology Agartala,"Computational Mathematics (5 Years, Bachelor and Master of Technology (Dual Degree))",OS,ST,Gender-Neutral,2162,2162
National Institute of Technology Agartala,"Computer Science and Engineering (4 Years, Bachelor of Technology)",HS,OPEN,Gender-Neutral,9028,73180
National Institute of Technology Agartala,"Computer Science and Engineering (4 Years, Bachelor of Technology)",HS,OPEN,Female-only (including Supernumerary),29647,60486
National Institute of Technology Agartala,"Computer Science and Engineering (4 Years, Bachelor of Technology)",HS,OPEN (PwD),Gender-Neutral,2276,2276
National Institute of Technology Agartala,"Computer Science and Engineering (4 Years, Bachelor of Technology)",HS,EWS,Gender-Neutral,14754,25178
National Institute of Technology Agartala,"Computer Science and Engineering (4 Years, Bachelor of Technology)",HS,EWS,Female-only (including Supernumerary),18530,25228
National Institute of Technology Agartala,"Computer Science and Engineering (4 Years, Bachelor of Technology)",HS,SC,Gender-Neutral,3000,6092
National Institute of Technology Agartala,"Computer Science and Engineering (4 Years, Bachelor of Technology)",HS,SC,Female-only (including Supernumerary),5038,8848
National Institute of Technology Agartala,"Computer Science and Engineering (4 Years, Bachelor of Technology)",HS,SC (PwD),Gender-Neutral,221,221
National Institute of Technology Agartala,"Computer Science and Engineering (4 Years, Bachelor of Technology)",HS,ST,Gender-Neutral,755,14266
National Institute of Technology Agartala,"Computer Science and Engineering (4 Years, Bachelor of Technology)",HS,ST,Female-only (including Supernumerary),2326,7155
National Institute of Technology Agartala,"Computer Science and Engineering (4 Years, Bachelor of Technology)",OS,OPEN,Gender-Neutral,8121,19544
National Institute of Technology Agartala,"Computer Science and Engineering (4 Years, Bachelor of Technology)",OS,OPEN,Female-only (including Supernumerary),27900,32956
National Institute of Technology Agartala,"Computer Science and Engineering (4 Years, Bachelor of Technology)",OS,EWS,Gender-Neutral,3031,3133
National Institute of Technology Agartala,"Computer Science and Engineering (4 Years, Bachelor of Technology)",OS,EWS,Female-only (including Supernumerary),5774,5997
National Institute of Technology Agartala,"Computer Science and Engineering (4 Years, Bachelor of Technology)",OS,EWS (PwD),Gender-Neutral,185,204
National Institute of Technology Agartala,"Computer Science and Engineering (4 Years, Bachelor of Technology)",OS,OBC-NCL,Gender-Neutral,5145,6951
National Institute of Technology Agartala,"Computer Science and Engineering (4 Years, Bachelor of Technology)",OS,OBC-NCL,Female-only (including Supernumerary),10241,13401
National Institute of Technology Agartala,"Computer Science and Engineering (4 Years, Bachelor of Technology)",OS,OBC-NCL (PwD),Gender-Neutral,577,577
National Institute of Technology Agartala,"Computer Science and Engineering (4 Years, Bachelor of Technology)",OS,SC,Gender-Neutral,2461,3682
National Institute of Technology Agartala,"Computer Science and Engineering (4 Years, Bachelor of Technology)",OS,SC,Female-only (including Supernumerary),4935,6133
National Institute of Technology Agartala,"Computer Science and Engineering (4 Years, Bachelor of Technology)",OS,SC (PwD),Gender-Neutral,77,77
National Institute of Technology Agartala,"Computer Science and Engineering (4 Years, Bachelor of Technology)",OS,ST,Gender-Neutral,1113,1464
National Institute of Technology Agartala,"Computer Science and Engineering (4 Years, Bachelor of Technology)",OS,ST,Female-only (including Supernumerary),2510,2510
National Institute of Technology Agartala,"Electrical Engineering (4 Years, Bachelor of Technology)",HS,OPEN,Gender-Neutral,57501,120964
National Institute of Technology Agartala,"Electrical Engineering (4 Years, Bachelor of Technology)",HS,OPEN,Female-only (including Supernumerary),101741,114900
National Institute of Technology Agartala,"Electrical Engineering (4 Years, Bachelor of Technology)",HS,EWS,Gender-Neutral,40805,90195
National Institute of Technology Agartala,"Electrical Engineering (4 Years, Bachelor of Technology)",HS,EWS,Female-only (including Supernumerary),39400,39400
National Institute of Technology Agartala,"Electrical Engineering (4 Years, Bachelor of Technology)",HS,SC,Gender-Neutral,10847,11553
National Institute of Technology Agartala,"Electrical Engineering (4 Years, Bachelor of Technology)",HS,SC,Female-only (including Supernumerary),15030,18796
National Institute of Technology Agartala,"Electrical Engineering (4 Years, Bachelor of Technology)",HS,ST,Gender-Neutral,9409,41930
National Institute of Technology Agartala,"Electrical Engineering (4 Years, Bachelor of Technology)",HS,ST,Female-only (including Supernumerary),13838,28459
National Institute of Technology Agartala,"Electrical Engineering (4 Years, Bachelor of Technology)",OS,OPEN,Gender-Neutral,27996,36023
National Institute of Technology Agartala,"Electrical Engineering (4 Years, Bachelor of Technology)",OS,OPEN,Female-only (including Supernumerary),42555,47047
National Institute of Technology Agartala,"Electrical Engineering (4 Years, Bachelor of Technology)",OS,OPEN (PwD),Gender-Neutral,2132,2132
National Institute of Technology Agartala,"Electrical Engineering (4 Years, Bachelor of Technology)",OS,EWS,Gender-Neutral,5957,6171
National Institute of Technology Agartala,"Electrical Engineering (4 Years, Bachelor of Technology)",OS,EWS,Female-only (including Supernumerary),7789,7789
National Institute of Technology Agartala,"Electrical Engineering (4 Years, Bachelor of Technology)",OS,OBC-NCL,Gender-Neutral,10127,12403
National Institute of Technology Agartala,"Electrical Engineering (4 Years, Bachelor of Technology)",OS,OBC-NCL,Female-only (including Supernumerary),16383,17517
National Institute of Technology Agartala,"Electrical Engineering (4 Years, Bachelor of Technology)",OS,SC,Gender-Neutral,5431,5995
National Institute of Technology Agartala,"Electrical Engineering (4 Years, Bachelor of Technology)",OS,SC,Female-only (including Supernumerary),8287,8596
National Institute of Technology Agartala,"Electrical Engineering (4 Years, Bachelor of Technology)",OS,ST,Gender-Neutral,2221,2487
National Institute of Technology Agartala,"Electrical Engineering (4 Years, Bachelor of Technology)",OS,ST,Female-only (including Supernumerary),3641,3641
National Institute of Technology Agartala,"Electronics and Communication Engineering (4 Years, Bachelor of Technology)",HS,OPEN,Gender-Neutral,36570,96256
National Institute of Technology Agartala,"Electronics and Communication Engineering (4 Years, Bachelor of Technology)",HS,OPEN,Female-only (including Supernumerary),79447,101333
National Institute of Technology Agartala,"Electronics and Communication Engineering (4 Years, Bachelor of Technology)",HS,EWS,Gender-Neutral,22888,32467
National Institute of Technology Agartala,"Electronics and Communication Engineering (4 Years, Bachelor of Technology)",HS,EWS,Female-only (including Supernumerary),36354,36354
National Institute of Technology Agartala,"Electronics and Communication Engineering (4 Years, Bachelor of Technology)",HS,SC,Gender-Neutral,5922,10747
National Institute of Technology Agartala,"Electronics and Communication Engineering (4 Years, Bachelor of Technology)",HS,SC,Female-only (including Supernumerary),9882,14348
National Institute of Technology Agartala,"Electronics and Communication Engineering (4 Years, Bachelor of Technology)",HS,ST,Gender-Neutral,1338,28056
National Institute of Technology Agartala,"Electronics and Communication Engineering (4 Years, Bachelor of Technology)",HS,ST,Female-only (including Supernumerary),16884,24537
National Institute of Technology Agartala,"Electronics and Communication Engineering (4 Years, Bachelor of Technology)",OS,OPEN,Gender-Neutral,20083,25977
National Institute of Technology Agartala,"Electronics and Communication Engineering (4 Years, Bachelor of Technology)",OS,OPEN,Female-only (including Supernumerary),35635,39625
National Institute of Technology Agartala,"Electronics and Communication Engineering (4 Years, Bachelor of Technology)",OS,OPEN (PwD),Gender-Neutral,957,957
National Institute of Technology Agartala,"Electronics and Communication Engineering (4 Years, Bachelor of Technology)",OS,EWS,Gender-Neutral,4100,4337
National Institute of Technology Agartala,"Electronics and Communication Engineering (4 Years, Bachelor of Technology)",OS,EWS,Female-only (including Supernumerary),6371,6371
National Institute of Technology Agartala,"Electronics and Communication Engineering (4 Years, Bachelor of Technology)",OS,OBC-NCL,Gender-Neutral,7535,8905
National Institute of Technology Agartala,"Electronics and Communication Engineering (4 Years, Bachelor of Technology)",OS,OBC-NCL,Female-only (including Supernumerary),13844,14694
National Institute of Technology Agartala,"Electronics and Communication Engineering (4 Years, Bachelor of Technology)",OS,OBC-NCL (PwD),Gender-Neutral,689,689
National Institute of Technology Agartala,"Electronics and Communication Engineering (4 Years, Bachelor of Technology)",OS,SC,Gender-Neutral,3784,4937
National Institute of Technology Agartala,"Electronics and Communication Engineering (4 Years, Bachelor of Technology)",OS,SC,Female-only (including Supernumerary),6370,6717
National Institute of Technology Agartala,"Electronics and Communication Engineering (4 Years, Bachelor of Technology)",OS,ST,Gender-Neutral,1656,1942
National Institute of Technology Agartala,"Electronics and Communication Engineering (4 Years, Bachelor of Technology)",OS,ST,Female-only (including Supernumerary),2795,2795
National Institute of Technology Agartala,"Electronics and Instrumentation Engineering (4 Years, Bachelor of Technology)",HS,OPEN,Gender-Neutral,96471,141630
National Institute of Technology Agartala,"Electronics and Instrumentation Engineering (4 Years, Bachelor of Technology)",HS,OPEN,Female-only (including Supernumerary),118749,131661
National Institute of Technology Agartala,"Electronics and Instrumentation Engineering (4 Years, Bachelor of Technology)",HS,EWS,Gender-Neutral,40078,57351
National Institute of Technology Agartala,"Electronics and Instrumentation Engineering (4 Years, Bachelor of Technology)",HS,SC,Gender-Neutral,12676,12877
National Institute of Technology Agartala,"Electronics and Instrumentation Engineering (4 Years, Bachelor of Technology)",HS,SC,Female-only (including Supernumerary),18821,19995
National Institute of Technology Agartala,"Electronics and Instrumentation Engineering (4 Years, Bachelor of Technology)",OS,OPEN,Gender-Neutral,22986,33597
National Institute of Technology Agartala,"Electronics and Instrumentation Engineering (4 Years, Bachelor of Technology)",OS,OPEN,Female-only (including Supernumerary),42990,45959
National Institute of Technology Agartala,"Electronics and Instrumentation Engineering (4 Years, Bachelor of Technology)",OS,OPEN (PwD),Gender-Neutral,1434,2441
National Institute of Technology Agartala,"Electronics and Instrumentation Engineering (4 Years, Bachelor of Technology)",OS,EWS,Gender-Neutral,5431,5981
National Institute of Technology Agartala,"Electronics and Instrumentation Engineering (4 Years, Bachelor of Technology)",OS,EWS,Female-only (including Supernumerary),8374,8374
National Institute of Technology Agartala,"Electronics and Instrumentation Engineering (4 Years, Bachelor of Technology)",OS,OBC-NCL,Gender-Neutral,9958,13389
National Institute of Technology Agartala,"Electronics and Instrumentation Engineering (4 Years, Bachelor of Technology)",OS,OBC-NCL,Female-only (including Supernumerary),19032,19679
National Institute of Technology Agartala,"Electronics and Instrumentation Engineering (4 Years, Bachelor of Technology)",OS,SC,Gender-Neutral,5414,6686
National Institute of Technology Agartala,"Electronics and Instrumentation Engineering (4 Years, Bachelor of Technology)",OS,SC,Female-only (including Supernumerary),9526,9526
National Institute of Technology Agartala,"Electronics and Instrumentation Engineering (4 Years, Bachelor of Technology)",OS,ST,Gender-Neutral,2716,2716
National Institute of Technology Agartala,"Electronics and Instrumentation Engineering (4 Years, Bachelor of Technology)",OS,ST,Female-only (including Supernumerary),3979,3979
National Institute of Technology Agartala,"Engineering Physics (5 Years, Bachelor and Master of Technology (Dual Degree))",HS,OPEN,Gender-Neutral,179536,226647
National Institute of Technology Agartala,"Engineering Physics (5 Years, Bachelor and Master of Technology (Dual Degree))",HS,SC,Gender-Neutral,25867,32523
National Institute of Technology Agartala,"Engineering Physics (5 Years, Bachelor and Master of Technology (Dual Degree))",OS,OPEN,Gender-Neutral,43591,45025
National Institute of Technology Agartala,"Engineering Physics (5 Years, Bachelor and Master of Technology (Dual Degree))",OS,EWS,Gender-Neutral,7624,7624
National Institute of Technology Agartala,"Engineering Physics (5 Years, Bachelor and Master of Technology (Dual Degree))",OS,OBC-NCL,Gender-Neutral,13855,16398
National Institute of Technology Agartala,"Engineering Physics (5 Years, Bachelor and Master of Technology (Dual Degree))",OS,SC,Gender-Neutral,7485,8006
National Institute of Technology Agartala,"Engineering Physics (5 Years, Bachelor and Master of Technology (Dual Degree))",OS,ST,Gender-Neutral,3509,3509
National Institute of Technology Agartala,"Mathematics & Computing (5 Years, Bachelor of Science and Master of Science (Dual Degree))",HS,OPEN,Gender-Neutral,56381,233382
National Institute of Technology Agartala,"Mathematics & Computing (5 Years, Bachelor of Science and Master of Science (Dual Degree))",HS,EWS,Gender-Neutral,62273,62273
National Institute of Technology Agartala,"Mathematics & Computing (5 Years, Bachelor of Science and Master of Science (Dual Degree))",HS,SC,Gender-Neutral,19129,19129
National Institute of Technology Agartala,"Mathematics & Computing (5 Years, Bachelor of Science and Master of Science (Dual Degree))",HS,ST,Gender-Neutral,8498,29783
National Institute of Technology Agartala,"Mathematics & Computing (5 Years, Bachelor of Science and Master of Science (Dual Degree))",OS,OPEN,Gender-Neutral,26272,31639
National Institute of Technology Agartala,"Mathematics & Computing (5 Years, Bachelor of Science and Master of Science (Dual Degree))",OS,EWS,Gender-Neutral,5223,5223
National Institute of Technology Agartala,"Mathematics & Computing (5 Years, Bachelor of Science and Master of Science (Dual Degree))",OS,EWS (PwD),Gender-Neutral,226,226
National Institute of Technology Agartala,"Mathematics & Computing (5 Years, Bachelor of Science and Master of Science (Dual Degree))",OS,OBC-NCL,Gender-Neutral,12265,13839
National Institute of Technology Agartala,"Mathematics & Computing (5 Years, Bachelor of Science and Master of Science (Dual Degree))",OS,SC,Gender-Neutral,6072,6702
National Institute of Technology Agartala,"Mathematics & Computing (5 Years, Bachelor of Science and Master of Science (Dual Degree))",OS,ST,Gender-Neutral,2728,2728
National Institute of Technology Agartala,"Mechanical Engineering (4 Years, Bachelor of Technology)",HS,OPEN,Gender-Neutral,92131,173117
National Institute of Technology Agartala,"Mechanical Engineering (4 Years, Bachelor of Technology)",HS,OPEN,Female-only (including Supernumerary),142075,181797
National Institute of Technology Agartala,"Mechanical Engineering (4 Years, Bachelor of Technology)",HS,EWS,Gender-Neutral,36207,36207
National Institute of Technology Agartala,"Mechanical Engineering (4 Years, Bachelor of Technology)",HS,EWS,Female-only (including Supernumerary),100431,100431
National Institute of Technology Agartala,"Mechanical Engineering (4 Years, Bachelor of Technology)",HS,SC,Gender-Neutral,14041,21039
National Institute of Technology Agartala,"Mechanical Engineering (4 Years, Bachelor of Technology)",HS,SC,Female-only (including Supernumerary),20185,26256
National Institute of Technology Agartala,"Mechanical Engineering (4 Years, Bachelor of Technology)",HS,ST,Gender-Neutral,2657,45933
National Institute of Technology Agartala,"Mechanical Engineering (4 Years, Bachelor of Technology)",OS,OPEN,Gender-Neutral,35554,44120
National Institute of Technology Agartala,"Mechanical Engineering (4 Years, Bachelor of Technology)",OS,OPEN,Female-only (including Supernumerary),48588,53644
National Institute of Technology Agartala,"Mechanical Engineering (4 Years, Bachelor of Technology)",OS,OPEN (PwD),Gender-Neutral,2981,2981
National Institute of Technology Agartala,"Mechanical Engineering (4 Years, Bachelor of Technology)",OS,EWS,Gender-Neutral,7124,7248
National Institute of Technology Agartala,"Mechanical Engineering (4 Years, Bachelor of Technology)",OS,EWS,Female-only (including Supernumerary),9539,9539
National Institute of Technology Agartala,"Mechanical Engineering (4 Years, Bachelor of Technology)",OS,OBC-NCL,Gender-Neutral,12730,14571
National Institute of Technology Agartala,"Mechanical Engineering (4 Years, Bachelor of Technology)",OS,OBC-NCL,Female-only (including Supernumerary),20713,21142
National Institute of Technology Agartala,"Mechanical Engineering (4 Years, Bachelor of Technology)",OS,SC,Gender-Neutral,6404,7347
National Institute of Technology Agartala,"Mechanical Engineering (4 Years, Bachelor of Technology)",OS,SC,Female-only (including Supernumerary),10158,11044
National Institute of Technology Agartala,"Mechanical Engineering (4 Years, Bachelor of Technology)",OS,ST,Gender-Neutral,2457,2779
National Institute of Technology Agartala,"Mechanical Engineering (4 Years, Bachelor of Technology)",OS,ST,Female-only (including Supernumerary),4034,4034
National Institute of Technology Agartala,"Physics (5 Years, Bachelor of Science and Master of Science (Dual Degree))",HS,OPEN,Gender-Neutral,127978,236979
National Institute of Technology Agartala,"Physics (5 Years, Bachelor of Science and Master of Science (Dual Degree))",HS,SC,Gender-Neutral,25507,25507
National Institute of Technology Agartala,"Physics (5 Years, Bachelor of Science and Master of Science (Dual Degree))",HS,ST,Gender-Neutral,21009,21009
National Institute of Technology Agartala,"Physics (5 Years, Bachelor of Science and Master of Science (Dual Degree))",OS,OPEN,Gender-Neutral,18136,47952
National Institute of Technology Agartala,"Physics (5 Years, Bachelor of Science and Master of Science (Dual Degree))",OS,OBC-NCL,Gender-Neutral,16888,18252
National Institute of Technology Agartala,"Physics (5 Years, Bachelor of Science and Master of Science (Dual Degree))",OS,SC,Gender-Neutral,7896,8362
National Institute of Technology Agartala,"Physics (5 Years, Bachelor of Science and Master of Science (Dual Degree))",OS,ST,Gender-Neutral,3126,3126
National Institute of Technology Agartala,"Production Engineering (4 Years, Bachelor of Technology)",HS,OPEN,Gender-Neutral,227666,300806
National Institute of Technology Agartala,"Production Engineering (4 Years, Bachelor of Technology)",HS,OPEN,Female-only (including Supernumerary),229506,252264
National Institute of Technology Agartala,"Production Engineering (4 Years, Bachelor of Technology)",HS,SC,Gender-Neutral,24331,31390
National Institute of Technology Agartala,"Production Engineering (4 Years, Bachelor of Technology)",HS,SC,Female-only (including Supernumerary),21619,34040
National Institute of Technology Agartala,"Production Engineering (4 Years, Bachelor of Technology)",HS,ST,Gender-Neutral,21673,21673
National Institute of Technology Agartala,"Production Engineering (4 Years, Bachelor of Technology)",OS,OPEN,Gender-Neutral,46759,54098
National Institute of Technology Agartala,"Production Engineering (4 Years, Bachelor of Technology)",OS,OPEN,Female-only (including Supernumerary),59503,60885
National Institute of Technology Agartala,"Production Engineering (4 Years, Bachelor of Technology)",OS,EWS,Gender-Neutral,8815,9128
National Institute of Technology Agartala,"Production Engineering (4 Years, Bachelor of Technology)",OS,EWS,Female-only (including Supernumerary),10226,10226
National Institute of Technology Agartala,"Production Engineering (4 Years, Bachelor of Technology)",OS,OBC-NCL,Gender-Neutral,16797,18085
National Institute of Technology Agartala,"Production Engineering (4 Years, Bachelor of Technology)",OS,OBC-NCL,Female-only (including Supernumerary),22708,23517
National Institute of Technology Agartala,"Production Engineering (4 Years, Bachelor of Technology)",OS,SC,Gender-Neutral,8204,9276
National Institute of Technology Agartala,"Production Engineering (4 Years, Bachelor of Technology)",OS,SC,Female-only (including Supernumerary),11300,11860
National Institute of Technology Agartala,"Production Engineering (4 Years, Bachelor of Technology)",OS,ST,Gender-Neutral,3017,3622
National Institute of Technology Agartala,"Production Engineering (4 Years, Bachelor of Technology)",OS,ST,Female-only (including Supernumerary),4762,4762
National Institute of Technology Calicut,"Architecture (5 Years, Bachelor of Architecture)",HS,OPEN,Gender-Neutral,68,271
National Institute of Technology Calicut,"Architecture (5 Years, Bachelor of Architecture)",HS,OPEN,Female-only (including Supernumerary),83,138
National Institute of Technology Calicut,"Architecture (5 Years, Bachelor of Architecture)",HS,OPEN (PwD),Gender-Neutral,62,62
National Institute of Technology Calicut,"Architecture (5 Years, Bachelor of Architecture)",HS,EWS,Gender-Neutral,211,595
National Institute of Technology Calicut,"Architecture (5 Years, Bachelor of Architecture)",HS,EWS,Female-only (including Supernumerary),479,479
National Institute of Technology Calicut,"Architecture (5 Years, Bachelor of Architecture)",HS,OBC-NCL,Gender-Neutral,78,133
National Institute of Technology Calicut,"Architecture (5 Years, Bachelor of Architecture)",HS,OBC-NCL,Female-only (including Supernumerary),96,105
National Institute of Technology Calicut,"Architecture (5 Years, Bachelor of Architecture)",HS,SC,Gender-Neutral,13,289
National Institute of Technology Calicut,"Architecture (5 Years, Bachelor of Architecture)",HS,SC,Female-only (including Supernumerary),298,298
National Institute of Technology Calicut,"Architecture (5 Years, Bachelor of Architecture)",HS,ST,Gender-Neutral,51,415
National Institute of Technology Calicut,"Architecture (5 Years, Bachelor of Architecture)",OS,OPEN,Gender-Neutral,239,466
National Institute of Technology Calicut,"Architecture (5 Years, Bachelor of Architecture)",OS,OPEN,Female-only (including Supernumerary),256,292
National Institute of Technology Calicut,"Architecture (5 Years, Bachelor of Architecture)",OS,OPEN (PwD),Female-only (including Supernumerary),38,38
National Institute of Technology Calicut,"Architecture (5 Years, Bachelor of Architecture)",OS,EWS,Gender-Neutral,121,136
National Institute of Technology Calicut,"Architecture (5 Years, Bachelor of Architecture)",OS,OBC-NCL,Gender-Neutral,135,299
National Institute of Technology Calicut,"Architecture (5 Years, Bachelor of Architecture)",OS,OBC-NCL,Female-only (including Supernumerary),217,217
National Institute of Technology Calicut,"Architecture (5 Years, Bachelor of Architecture)",OS,SC,Gender-Neutral,86,104
National Institute of Technology Calicut,"Architecture (5 Years, Bachelor of Architecture)",OS,SC,Female-only (including Supernumerary),52,52
National Institute of Technology Calicut,"Architecture (5 Years, Bachelor of Architecture)",OS,ST,Gender-Neutral,50,50
National Institute of Technology Calicut,"Architecture (5 Years, Bachelor of Architecture)",OS,ST,Female-only (including Supernumerary),55,55
National Institute of Technology Calicut,"Bio Technology (4 Years, Bachelor of Technology)",HS,OPEN,Gender-Neutral,28517,32361
National Institute of Technology Calicut,"Bio Technology (4 Years, Bachelor of Technology)",HS,OPEN,Female-only (including Supernumerary),18789,18789
National Institute of Technology Calicut,"Bio Technology (4 Years, Bachelor of Technology)",HS,OPEN (PwD),Gender-Neutral,1696,3033
National Institute of Technology Calicut,"Bio Technology (4 Years, Bachelor of Technology)",HS,EWS,Gender-Neutral,52076,52076
National Institute of Technology Calicut,"Bio Technology (4 Years, Bachelor of Technology)",HS,EWS,Female-only (including Supernumerary),16197,16197
National Institute of Technology Calicut,"Bio Technology (4 Years, Bachelor of Technology)",HS,OBC-NCL,Gender-Neutral,11012,11278
National Institute of Technology Calicut,"Bio Technology (4 Years, Bachelor of Technology)",HS,OBC-NCL,Female-only (including Supernumerary),9267,9267
National Institute of Technology Calicut,"Bio Technology (4 Years, Bachelor of Technology)",HS,OBC-NCL (PwD),Gender-Neutral,1440,1440
National Institute of Technology Calicut,"Bio Technology (4 Years, Bachelor of Technology)",HS,SC,Gender-Neutral,3526,9508
National Institute of Technology Calicut,"Bio Technology (4 Years, Bachelor of Technology)",HS,ST,Female-only (including Supernumerary),20287,20287
National Institute of Technology Calicut,"Bio Technology (4 Years, Bachelor of Technology)",OS,OPEN,Gender-Neutral,31679,34678
National Institute of Technology Calicut,"Bio Technology (4 Years, Bachelor of Technology)",OS,OPEN,Female-only (including Supernumerary),26392,27660
National Institute of Technology Calicut,"Bio Technology (4 Years, Bachelor of Technology)",OS,EWS,Gender-Neutral,6209,6217
National Institute of Technology Calicut,"Bio Technology (4 Years, Bachelor of Technology)",OS,OBC-NCL,Gender-Neutral,11102,11950
National Institute of Technology Calicut,"Bio Technology (4 Years, Bachelor of Technology)",OS,OBC-NCL,Female-only (including Supernumerary),12177,12177
National Institute of Technology Calicut,"Bio Technology (4 Years, Bachelor of Technology)",OS,SC,Gender-Neutral,4956,5691
National Institute of Technology Calicut,"Bio Technology (4 Years, Bachelor of Technology)",OS,SC,Female-only (including Supernumerary),8909,8909
National Institute of Technology Calicut,"Bio Technology (4 Years, Bachelor of Technology)",OS,ST,Gender-Neutral,1867,1867
National Institute of Technology Calicut,"Chemical Engineering (4 Years, Bachelor of Technology)",HS,OPEN,Gender-Neutral,19284,29514
National Institute of Technology Calicut,"Chemical Engineering (4 Years, Bachelor of Technology)",HS,OPEN,Female-only (including Supernumerary),21455,24505
National Institute of Technology Calicut,"Chemical Engineering (4 Years, Bachelor of Technology)",HS,EWS,Gender-Neutral,26082,43883
National Institute of Technology Calicut,"Chemical Engineering (4 Years, Bachelor of Technology)",HS,EWS,Female-only (including Supernumerary),10755,10755
National Institute of Technology Calicut,"Chemical Engineering (4 Years, Bachelor of Technology)",HS,OBC-NCL,Gender-Neutral,8456,10266
National Institute of Technology Calicut,"Chemical Engineering (4 Years, Bachelor of Technology)",HS,OBC-NCL,Female-only (including Supernumerary),9567,10150
National Institute of Technology Calicut,"Chemical Engineering (4 Years, Bachelor of Technology)",HS,SC,Gender-Neutral,12039,14849
National Institute of Technology Calicut,"Chemical Engineering (4 Years, Bachelor of Technology)",HS,SC,Female-only (including Supernumerary),10671,10671
National Institute of Technology Calicut,"Chemical Engineering (4 Years, Bachelor of Technology)",HS,ST,Gender-Neutral,19037,29399
National Institute of Technology Calicut,"Chemical Engineering (4 Years, Bachelor of Technology)",HS,ST,Female-only (including Supernumerary),12872,12872
National Institute of Technology Calicut,"Chemical Engineering (4 Years, Bachelor of Technology)",OS,OPEN,Gender-Neutral,18368,24067
National Institute of Technology Calicut,"Chemical Engineering (4 Years, Bachelor of Technology)",OS,OPEN,Female-only (including Supernumerary),25156,32646
National Institute of Technology Calicut,"Chemical Engineering (4 Years, Bachelor of Technology)",OS,OPEN (PwD),Gender-Neutral,1016,1016
National Institute of Technology Calicut,"Chemical Engineering (4 Years, Bachelor of Technology)",OS,EWS,Gender-Neutral,3835,4541
National Institute of Technology Calicut,"Chemical Engineering (4 Years, Bachelor of Technology)",OS,EWS,Female-only (including Supernumerary),5366,5366
National Institute of Technology Calicut,"Chemical Engineering (4 Years, Bachelor of Technology)",OS,OBC-NCL,Gender-Neutral,6795,8918
National Institute of Technology Calicut,"Chemical Engineering (4 Years, Bachelor of Technology)",OS,OBC-NCL,Female-only (including Supernumerary),9611,11326
National Institute of Technology Calicut,"Chemical Engineering (4 Years, Bachelor of Technology)",OS,OBC-NCL (PwD),Gender-Neutral,573,573
National Institute of Technology Calicut,"Chemical Engineering (4 Years, Bachelor of Technology)",OS,SC,Gender-Neutral,3732,4985
National Institute of Technology Calicut,"Chemical Engineering (4 Years, Bachelor of Technology)",OS,SC,Female-only (including Supernumerary),6099,6197
National Institute of Technology Calicut,"Chemical Engineering (4 Years, Bachelor of Technology)",OS,ST,Gender-Neutral,1628,1689
National Institute of Technology Calicut,"Chemical Engineering (4 Years, Bachelor of Technology)",OS,ST,Female-only (including Supernumerary),1887,1887
National Institute of Technology Calicut,"Civil Engineering (4 Years, Bachelor of Technology)",HS,OPEN,Gender-Neutral,26868,39320
National Institute of Technology Calicut,"Civil Engineering (4 Years, Bachelor of Technology)",HS,OPEN,Female-only (including Supernumerary),22602,35631
National Institute of Technology Calicut,"Civil Engineering (4 Years, Bachelor of Technology)",HS,OPEN (PwD),Gender-Neutral,2250,2250
National Institute of Technology Calicut,"Civil Engineering (4 Years, Bachelor of Technology)",HS,OPEN (PwD),Female-only (including Supernumerary),3628,3628
National Institute of Technology Calicut,"Civil Engineering (4 Years, Bachelor of Technology)",HS,EWS,Gender-Neutral,51312,73191
National Institute of Technology Calicut,"Civil Engineering (4 Years, Bachelor of Technology)",HS,EWS,Female-only (including Supernumerary),26099,57585
National Institute of Technology Calicut,"Civil Engineering (4 Years, Bachelor of Technology)",HS,OBC-NCL,Gender-Neutral,11567,14047
National Institute of Technology Calicut,"Civil Engineering (4 Years, Bachelor of Technology)",HS,OBC-NCL,Female-only (including Supernumerary),11189,11837
National Institute of Technology Calicut,"Civil Engineering (4 Years, Bachelor of Technology)",HS,OBC-NCL (PwD),Gender-Neutral,1558,1558
National Institute of Technology Calicut,"Civil Engineering (4 Years, Bachelor of Technology)",HS,SC,Gender-Neutral,7322,16101
National Institute of Technology Calicut,"Civil Engineering (4 Years, Bachelor of Technology)",HS,SC,Female-only (including Supernumerary),11136,14337
National Institute of Technology Calicut,"Civil Engineering (4 Years, Bachelor of Technology)",HS,ST,Gender-Neutral,8191,34138
National Institute of Technology Calicut,"Civil Engineering (4 Years, Bachelor of Technology)",HS,ST,Female-only (including Supernumerary),12142,21106
National Institute of Technology Calicut,"Civil Engineering (4 Years, Bachelor of Technology)",OS,OPEN,Gender-Neutral,17268,31899
National Institute of Technology Calicut,"Civil Engineering (4 Years, Bachelor of Technology)",OS,OPEN,Female-only (including Supernumerary),33447,41585
National Institute of Technology Calicut,"Civil Engineering (4 Years, Bachelor of Technology)",OS,OPEN (PwD),Gender-Neutral,1743,1743
National Institute of Technology Calicut,"Civil Engineering (4 Years, Bachelor of Technology)",OS,EWS,Gender-Neutral,5126,5317
National Institute of Technology Calicut,"Civil Engineering (4 Years, Bachelor of Technology)",OS,EWS,Female-only (including Supernumerary),6867,6867
National Institute of Technology Calicut,"Civil Engineering (4 Years, Bachelor of Technology)",OS,OBC-NCL,Gender-Neutral,8975,10954
National Institute of Technology Calicut,"Civil Engineering (4 Years, Bachelor of Technology)",OS,OBC-NCL,Female-only (including Supernumerary),12950,13733
National Institute of Technology Calicut,"Civil Engineering (4 Years, Bachelor of Technology)",OS,OBC-NCL (PwD),Gender-Neutral,885,885
National Institute of Technology Calicut,"Civil Engineering (4 Years, Bachelor of Technology)",OS,OBC-NCL (PwD),Female-only (including Supernumerary),881,881
National Institute of Technology Calicut,"Civil Engineering (4 Years, Bachelor of Technology)",OS,SC,Gender-Neutral,4832,5530
National Institute of Technology Calicut,"Civil Engineering (4 Years, Bachelor of Technology)",OS,SC,Female-only (including Supernumerary),6352,7665
National Institute of Technology Calicut,"Civil Engineering (4 Years, Bachelor of Technology)",OS,ST,Gender-Neutral,1230,1515
National Institute of Technology Calicut,"Civil Engineering (4 Years, Bachelor of Technology)",OS,ST,Female-only (including Supernumerary),1967,1967
National Institute of Technology Calicut,"Computer Science and Engineering (4 Years, Bachelor of Technology)",HS,OPEN,Gender-Neutral,4488,9125
National Institute of Technology Calicut,"Computer Science and Engineering (4 Years, Bachelor of Technology)",HS,OPEN,Female-only (including Supernumerary),5110,9330
National Institute of Technology Calicut,"Computer Science and Engineering (4 Years, Bachelor of Technology)",HS,OPEN (PwD),Gender-Neutral,170,170
National Institute of Technology Calicut,"Computer Science and Engineering (4 Years, Bachelor of Technology)",HS,OPEN (PwD),Female-only (including Supernumerary),193,193
National Institute of Technology Calicut,"Computer Science and Engineering (4 Years, Bachelor of Technology)",HS,EWS,Gender-Neutral,4562,20059
National Institute of Technology Calicut,"Computer Science and Engineering (4 Years, Bachelor of Technology)",HS,EWS,Female-only (including Supernumerary),14720,14720
National Institute of Technology Calicut,"Computer Science and Engineering (4 Years, Bachelor of Technology)",HS,OBC-NCL,Gender-Neutral,2084,3220
National Institute of Technology Calicut,"Computer Science and Engineering (4 Years, Bachelor of Technology)",HS,OBC-NCL,Female-only (including Supernumerary),2709,4350
National Institute of Technology Calicut,"Computer Science and Engineering (4 Years, Bachelor of Technology)",HS,OBC-NCL (PwD),Gender-Neutral,165,165
National Institute of Technology Calicut,"Computer Science and Engineering (4 Years, Bachelor of Technology)",HS,SC,Gender-Neutral,515,3043
National Institute of Technology Calicut,"Computer Science and Engineering (4 Years, Bachelor of Technology)",HS,SC,Female-only (including Supernumerary),5952,7468
National Institute of Technology Calicut,"Computer Science and Engineering (4 Years, Bachelor of Technology)",HS,ST,Gender-Neutral,784,4056
National Institute of Technology Calicut,"Computer Science and Engineering (4 Years, Bachelor of Technology)",HS,ST,Female-only (including Supernumerary),2705,2705
National Institute of Technology Calicut,"Computer Science and Engineering (4 Years, Bachelor of Technology)",OS,OPEN,Gender-Neutral,2614,4185
National Institute of Technology Calicut,"Computer Science and Engineering (4 Years, Bachelor of Technology)",OS,OPEN,Female-only (including Supernumerary),4989,7094
National Institute of Technology Calicut,"Computer Science and Engineering (4 Years, Bachelor of Technology)",OS,OPEN (PwD),Gender-Neutral,94,94
National Institute of Technology Calicut,"Computer Science and Engineering (4 Years, Bachelor of Technology)",OS,EWS,Gender-Neutral,594,643
National Institute of Technology Calicut,"Computer Science and Engineering (4 Years, Bachelor of Technology)",OS,EWS,Female-only (including Supernumerary),996,1062
National Institute of Technology Calicut,"Computer Science and Engineering (4 Years, Bachelor of Technology)",OS,EWS (PwD),Gender-Neutral,22,22
National Institute of Technology Calicut,"Computer Science and Engineering (4 Years, Bachelor of Technology)",OS,OBC-NCL,Gender-Neutral,1061,1442
National Institute of Technology Calicut,"Computer Science and Engineering (4 Years, Bachelor of Technology)",OS,OBC-NCL,Female-only (including Supernumerary),2056,3095
National Institute of Technology Calicut,"Computer Science and Engineering (4 Years, Bachelor of Technology)",OS,OBC-NCL (PwD),Gender-Neutral,98,98
National Institute of Technology Calicut,"Computer Science and Engineering (4 Years, Bachelor of Technology)",OS,SC,Gender-Neutral,482,843
National Institute of Technology Calicut,"Computer Science and Engineering (4 Years, Bachelor of Technology)",OS,SC,Female-only (including Supernumerary),1084,1131
National Institute of Technology Calicut,"Computer Science and Engineering (4 Years, Bachelor of Technology)",OS,SC (PwD),Gender-Neutral,18,18
National Institute of Technology Calicut,"Computer Science and Engineering (4 Years, Bachelor of Technology)",OS,ST,Gender-Neutral,229,269
National Institute of Technology Calicut,"Computer Science and Engineering (4 Years, Bachelor of Technology)",OS,ST,Female-only (including Supernumerary),555,555
National Institute of Technology Calicut,"Computer Science and Engineering (4 Years, Bachelor of Technology)",OS,ST (PwD),Female-only (including Supernumerary),25,25
National Institute of Technology Calicut,"Electrical and Electronics Engineering (4 Years, Bachelor of Technology)",HS,OPEN,Gender-Neutral,12281,15954
National Institute of Technology Calicut,"Electrical and Electronics Engineering (4 Years, Bachelor of Technology)",HS,OPEN,Female-only (including Supernumerary),13963,19305
National Institute of Technology Calicut,"Electrical and Electronics Engineering (4 Years, Bachelor of Technology)",HS,OPEN (PwD),Gender-Neutral,413,521
National Institute of Technology Calicut,"Electrical and Electronics Engineering (4 Years, Bachelor of Technology)",HS,EWS,Gender-Neutral,15206,26831
National Institute of Technology Calicut,"Electrical and Electronics Engineering (4 Years, Bachelor of Technology)",HS,EWS,Female-only (including Supernumerary),25910,25910
National Institute of Technology Calicut,"Electrical and Electronics Engineering (4 Years, Bachelor of Technology)",HS,OBC-NCL,Gender-Neutral,4082,5152
National Institute of Technology Calicut,"Electrical and Electronics Engineering (4 Years, Bachelor of Technology)",HS,OBC-NCL,Female-only (including Supernumerary),5869,6507
National Institute of Technology Calicut,"Electrical and Electronics Engineering (4 Years, Bachelor of Technology)",HS,OBC-NCL (PwD),Gender-Neutral,260,260
National Institute of Technology Calicut,"Electrical and Electronics Engineering (4 Years, Bachelor of Technology)",HS,OBC-NCL (PwD),Female-only (including Supernumerary),475,475
National Institute of Technology Calicut,"Electrical and Electronics Engineering (4 Years, Bachelor of Technology)",HS,SC,Gender-Neutral,7084,9899
National Institute of Technology Calicut,"Electrical and Electronics Engineering (4 Years, Bachelor of Technology)",HS,SC,Female-only (including Supernumerary),4532,7981
National Institute of Technology Calicut,"Electrical and Electronics Engineering (4 Years, Bachelor of Technology)",HS,ST,Gender-Neutral,2835,16825
National Institute of Technology Calicut,"Electrical and Electronics Engineering (4 Years, Bachelor of Technology)",HS,ST,Female-only (including Supernumerary),16680,16680
National Institute of Technology Calicut,"Electrical and Electronics Engineering (4 Years, Bachelor of Technology)",OS,OPEN,Gender-Neutral,7763,10496
National Institute of Technology Calicut,"Electrical and Electronics Engineering (4 Years, Bachelor of Technology)",OS,OPEN,Female-only (including Supernumerary),13966,15629
National Institute of Technology Calicut,"Electrical and Electronics Engineering (4 Years, Bachelor of Technology)",OS,OPEN (PwD),Gender-Neutral,371,371
National Institute of Technology Calicut,"Electrical and Electronics Engineering (4 Years, Bachelor of Technology)",OS,OPEN (PwD),Female-only (including Supernumerary),902,902
National Institute of Technology Calicut,"Electrical and Electronics Engineering (4 Years, Bachelor of Technology)",OS,EWS,Gender-Neutral,1537,1862
National Institute of Technology Calicut,"Electrical and Electronics Engineering (4 Years, Bachelor of Technology)",OS,EWS,Female-only (including Supernumerary),2679,2753
National Institute of Technology Calicut,"Electrical and Electronics Engineering (4 Years, Bachelor of Technology)",OS,EWS (PwD),Gender-Neutral,132,132
National Institute of Technology Calicut,"Electrical and Electronics Engineering (4 Years, Bachelor of Technology)",OS,OBC-NCL,Gender-Neutral,2789,4118
National Institute of Technology Calicut,"Electrical and Electronics Engineering (4 Years, Bachelor of Technology)",OS,OBC-NCL,Female-only (including Supernumerary),5370,5716
National Institute of Technology Calicut,"Electrical and Electronics Engineering (4 Years, Bachelor of Technology)",OS,OBC-NCL (PwD),Gender-Neutral,328,328
National Institute of Technology Calicut,"Electrical and Electronics Engineering (4 Years, Bachelor of Technology)",OS,SC,Gender-Neutral,1837,2680
National Institute of Technology Calicut,"Electrical and Electronics Engineering (4 Years, Bachelor of Technology)",OS,SC,Female-only (including Supernumerary),2512,2919
National Institute of Technology Calicut,"Electrical and Electronics Engineering (4 Years, Bachelor of Technology)",OS,ST,Gender-Neutral,468,869
National Institute of Technology Calicut,"Electrical and Electronics Engineering (4 Years, Bachelor of Technology)",OS,ST,Female-only (including Supernumerary),1446,1446
National Institute of Technology Calicut,"Electronics and Communication Engineering (4 Years, Bachelor of Technology)",HS,OPEN,Gender-Neutral,4211,12085
National Institute of Technology Calicut,"Electronics and Communication Engineering (4 Years, Bachelor of Technology)",HS,OPEN,Female-only (including Supernumerary),9897,13457
National Institute of Technology Calicut,"Electronics and Communication Engineering (4 Years, Bachelor of Technology)",HS,OPEN (PwD),Gender-Neutral,58,58
National Institute of Technology Calicut,"Electronics and Communication Engineering (4 Years, Bachelor of Technology)",HS,EWS,Gender-Neutral,13380,22874
National Institute of Technology Calicut,"Electronics and Communication Engineering (4 Years, Bachelor of Technology)",HS,EWS,Female-only (including Supernumerary),13421,13421
National Institute of Technology Calicut,"Electronics and Communication Engineering (4 Years, Bachelor of Technology)",HS,OBC-NCL,Gender-Neutral,2862,3982
National Institute of Technology Calicut,"Electronics and Communication Engineering (4 Years, Bachelor of Technology)",HS,OBC-NCL,Female-only (including Supernumerary),4401,5134
National Institute of Technology Calicut,"Electronics and Communication Engineering (4 Years, Bachelor of Technology)",HS,OBC-NCL (PwD),Gender-Neutral,279,279
National Institute of Technology Calicut,"Electronics and Communication Engineering (4 Years, Bachelor of Technology)",HS,SC,Gender-Neutral,1152,6719
National Institute of Technology Calicut,"Electronics and Communication Engineering (4 Years, Bachelor of Technology)",HS,SC,Female-only (including Supernumerary),7748,9031
National Institute of Technology Calicut,"Electronics and Communication Engineering (4 Years, Bachelor of Technology)",HS,ST,Gender-Neutral,1387,6198
National Institute of Technology Calicut,"Electronics and Communication Engineering (4 Years, Bachelor of Technology)",HS,ST,Female-only (including Supernumerary),5467,5467
National Institute of Technology Calicut,"Electronics and Communication Engineering (4 Years, Bachelor of Technology)",OS,OPEN,Gender-Neutral,4721,7056
National Institute of Technology Calicut,"Electronics and Communication Engineering (4 Years, Bachelor of Technology)",OS,OPEN,Female-only (including Supernumerary),7613,9692
National Institute of Technology Calicut,"Electronics and Communication Engineering (4 Years, Bachelor of Technology)",OS,OPEN (PwD),Female-only (including Supernumerary),707,707
National Institute of Technology Calicut,"Electronics and Communication Engineering (4 Years, Bachelor of Technology)",OS,EWS,Gender-Neutral,975,1081
National Institute of Technology Calicut,"Electronics and Communication Engineering (4 Years, Bachelor of Technology)",OS,EWS,Female-only (including Supernumerary),1579,1579
National Institute of Technology Calicut,"Electronics and Communication Engineering (4 Years, Bachelor of Technology)",OS,EWS (PwD),Gender-Neutral,56,91
National Institute of Technology Calicut,"Electronics and Communication Engineering (4 Years, Bachelor of Technology)",OS,OBC-NCL,Gender-Neutral,1845,2422
National Institute of Technology Calicut,"Electronics and Communication Engineering (4 Years, Bachelor of Technology)",OS,OBC-NCL,Female-only (including Supernumerary),3226,4171
National Institute of Technology Calicut,"Electronics and Communication Engineering (4 Years, Bachelor of Technology)",OS,OBC-NCL (PwD),Gender-Neutral,133,133
National Institute of Technology Calicut,"Electronics and Communication Engineering (4 Years, Bachelor of Technology)",OS,SC,Gender-Neutral,1009,1665
National Institute of Technology Calicut,"Electronics and Communication Engineering (4 Years, Bachelor of Technology)",OS,SC,Female-only (including Supernumerary),2631,3773
National Institute of Technology Calicut,"Electronics and Communication Engineering (4 Years, Bachelor of Technology)",OS,ST,Gender-Neutral,320,411
National Institute of Technology Calicut,"Electronics and Communication Engineering (4 Years, Bachelor of Technology)",OS,ST,Female-only (including Supernumerary),906,1220
National Institute of Technology Calicut,"Engineering Physics (4 Years, Bachelor of Technology)",HS,OPEN,Gender-Neutral,15963,21437
National Institute of Technology Calicut,"Engineering Physics (4 Years, Bachelor of Technology)",HS,OPEN,Female-only (including Supernumerary),24186,24186
National Institute of Technology Calicut,"Engineering Physics (4 Years, Bachelor of Technology)",HS,EWS,Gender-Neutral,33778,33778
National Institute of Technology Calicut,"Engineering Physics (4 Years, Bachelor of Technology)",HS,EWS,Female-only (including Supernumerary),88460,88460
National Institute of Technology Calicut,"Engineering Physics (4 Years, Bachelor of Technology)",HS,OBC-NCL,Gender-Neutral,7882,9749
National Institute of Technology Calicut,"Engineering Physics (4 Years, Bachelor of Technology)",HS,OBC-NCL,Female-only (including Supernumerary),9539,9539
National Institute of Technology Calicut,"Engineering Physics (4 Years, Bachelor of Technology)",HS,SC,Gender-Neutral,5321,5321
National Institute of Technology Calicut,"Engineering Physics (4 Years, Bachelor of Technology)",HS,SC,Female-only (including Supernumerary),10926,10926
National Institute of Technology Calicut,"Engineering Physics (4 Years, Bachelor of Technology)",HS,ST,Gender-Neutral,1685,1685
National Institute of Technology Calicut,"Engineering Physics (4 Years, Bachelor of Technology)",OS,OPEN,Gender-Neutral,8191,13950
National Institute of Technology Calicut,"Engineering Physics (4 Years, Bachelor of Technology)",OS,OPEN,Female-only (including Supernumerary),25618,26715
National Institute of Technology Calicut,"Engineering Physics (4 Years, Bachelor of Technology)",OS,OPEN (PwD),Gender-Neutral,1671,1671
National Institute of Technology Calicut,"Engineering Physics (4 Years, Bachelor of Technology)",OS,EWS,Gender-Neutral,2923,3099
National Institute of Technology Calicut,"Engineering Physics (4 Years, Bachelor of Technology)",OS,OBC-NCL,Gender-Neutral,5434,6881
National Institute of Technology Calicut,"Engineering Physics (4 Years, Bachelor of Technology)",OS,OBC-NCL,Female-only (including Supernumerary),12361,12361
National Institute of Technology Calicut,"Engineering Physics (4 Years, Bachelor of Technology)",OS,SC,Gender-Neutral,3752,4856
National Institute of Technology Calicut,"Engineering Physics (4 Years, Bachelor of Technology)",OS,ST,Gender-Neutral,1258,1258
National Institute of Technology Calicut,"Engineering Physics (4 Years, Bachelor of Technology)",OS,ST,Female-only (including Supernumerary),4205,4205
National Institute of Technology Calicut,"Materials Science and Engineering (4 Years, Bachelor of Technology)",HS,OPEN,Gender-Neutral,30870,36082
National Institute of Technology Calicut,"Materials Science and Engineering (4 Years, Bachelor of Technology)",HS,OPEN,Female-only (including Supernumerary),32439,32439
National Institute of Technology Calicut,"Materials Science and Engineering (4 Years, Bachelor of Technology)",HS,OPEN (PwD),Gender-Neutral,1128,1128
National Institute of Technology Calicut,"Materials Science and Engineering (4 Years, Bachelor of Technology)",HS,EWS,Gender-Neutral,33781,33781
National Institute of Technology Calicut,"Materials Science and Engineering (4 Years, Bachelor of Technology)",HS,OBC-NCL,Gender-Neutral,10999,12355
National Institute of Technology Calicut,"Materials Science and Engineering (4 Years, Bachelor of Technology)",HS,OBC-NCL,Female-only (including Supernumerary),10680,10680
National Institute of Technology Calicut,"Materials Science and Engineering (4 Years, Bachelor of Technology)",HS,SC,Gender-Neutral,15399,16049
National Institute of Technology Calicut,"Materials Science and Engineering (4 Years, Bachelor of Technology)",HS,SC,Female-only (including Supernumerary),18073,18073
National Institute of Technology Calicut,"Materials Science and Engineering (4 Years, Bachelor of Technology)",HS,ST,Gender-Neutral,36888,36888
National Institute of Technology Calicut,"Materials Science and Engineering (4 Years, Bachelor of Technology)",OS,OPEN,Gender-Neutral,20228,30399
National Institute of Technology Calicut,"Materials Science and Engineering (4 Years, Bachelor of Technology)",OS,OPEN,Female-only (including Supernumerary),33990,33990
National Institute of Technology Calicut,"Materials Science and Engineering (4 Years, Bachelor of Technology)",OS,EWS,Gender-Neutral,6173,6173
National Institute of Technology Calicut,"Materials Science and Engineering (4 Years, Bachelor of Technology)",OS,EWS,Female-only (including Supernumerary),7627,7627
National Institute of Technology Calicut,"Materials Science and Engineering (4 Years, Bachelor of Technology)",OS,OBC-NCL,Gender-Neutral,11558,12253
National Institute of Technology Calicut,"Materials Science and Engineering (4 Years, Bachelor of Technology)",OS,OBC-NCL,Female-only (including Supernumerary),14486,14486
National Institute of Technology Calicut,"Materials Science and Engineering (4 Years, Bachelor of Technology)",OS,SC,Gender-Neutral,6154,6324
National Institute of Technology Calicut,"Materials Science and Engineering (4 Years, Bachelor of Technology)",OS,ST,Gender-Neutral,1940,1940
National Institute of Technology Calicut,"Mechanical Engineering (4 Years, Bachelor of Technology)",HS,OPEN,Gender-Neutral,16058,22263
National Institute of Technology Calicut,"Mechanical Engineering (4 Years, Bachelor of Technology)",HS,OPEN,Female-only (including Supernumerary),19402,26852
National Institute of Technology Calicut,"Mechanical Engineering (4 Years, Bachelor of Technology)",HS,OPEN (PwD),Gender-Neutral,917,1321
National Institute of Technology Calicut,"Mechanical Engineering (4 Years, Bachelor of Technology)",HS,EWS,Gender-Neutral,16862,36039
National Institute of Technology Calicut,"Mechanical Engineering (4 Years, Bachelor of Technology)",HS,EWS,Female-only (including Supernumerary),31528,38676
National Institute of Technology Calicut,"Mechanical Engineering (4 Years, Bachelor of Technology)",HS,OBC-NCL,Gender-Neutral,5789,7704
National Institute of Technology Calicut,"Mechanical Engineering (4 Years, Bachelor of Technology)",HS,OBC-NCL,Female-only (including Supernumerary),7442,9559
National Institute of Technology Calicut,"Mechanical Engineering (4 Years, Bachelor of Technology)",HS,OBC-NCL (PwD),Gender-Neutral,1872,1872
National Institute of Technology Calicut,"Mechanical Engineering (4 Years, Bachelor of Technology)",HS,OBC-NCL (PwD),Female-only (including Supernumerary),1928,1928
National Institute of Technology Calicut,"Mechanical Engineering (4 Years, Bachelor of Technology)",HS,SC,Gender-Neutral,4815,13856
National Institute of Technology Calicut,"Mechanical Engineering (4 Years, Bachelor of Technology)",HS,SC,Female-only (including Supernumerary),9900,10192
National Institute of Technology Calicut,"Mechanical Engineering (4 Years, Bachelor of Technology)",HS,ST,Gender-Neutral,5369,15322
National Institute of Technology Calicut,"Mechanical Engineering (4 Years, Bachelor of Technology)",OS,OPEN,Gender-Neutral,13069,18886
National Institute of Technology Calicut,"Mechanical Engineering (4 Years, Bachelor of Technology)",OS,OPEN,Female-only (including Supernumerary),25855,28187
National Institute of Technology Calicut,"Mechanical Engineering (4 Years, Bachelor of Technology)",OS,OPEN (PwD),Gender-Neutral,963,963
National Institute of Technology Calicut,"Mechanical Engineering (4 Years, Bachelor of Technology)",OS,OPEN (PwD),Female-only (including Supernumerary),1683,1683
National Institute of Technology Calicut,"Mechanical Engineering (4 Years, Bachelor of Technology)",OS,EWS,Gender-Neutral,2974,3348
National Institute of Technology Calicut,"Mechanical Engineering (4 Years, Bachelor of Technology)",OS,EWS,Female-only (including Supernumerary),4641,4702
National Institute of Technology Calicut,"Mechanical Engineering (4 Years, Bachelor of Technology)",OS,OBC-NCL,Gender-Neutral,4997,6584
National Institute of Technology Calicut,"Mechanical Engineering (4 Years, Bachelor of Technology)",OS,OBC-NCL,Female-only (including Supernumerary),10373,11749
National Institute of Technology Calicut,"Mechanical Engineering (4 Years, Bachelor of Technology)",OS,OBC-NCL (PwD),Female-only (including Supernumerary),998,998
National Institute of Technology Calicut,"Mechanical Engineering (4 Years, Bachelor of Technology)",OS,SC,Gender-Neutral,3436,4556
National Institute of Technology Calicut,"Mechanical Engineering (4 Years, Bachelor of Technology)",OS,SC,Female-only (including Supernumerary),5180,6608
National Institute of Technology Calicut,"Mechanical Engineering (4 Years, Bachelor of Technology)",OS,ST,Gender-Neutral,1090,1457
National Institute of Technology Calicut,"Mechanical Engineering (4 Years, Bachelor of Technology)",OS,ST,Female-only (including Supernumerary),2063,2253
National Institute of Technology Calicut,"Production Engineering (4 Years, Bachelor of Technology)",HS,OPEN,Gender-Neutral,30031,39916
National Institute of Technology Calicut,"Production Engineering (4 Years, Bachelor of Technology)",HS,OPEN,Female-only (including Supernumerary),35414,38975
National Institute of Technology Calicut,"Production Engineering (4 Years, Bachelor of Technology)",HS,EWS,Gender-Neutral,48505,59113
National Institute of Technology Calicut,"Production Engineering (4 Years, Bachelor of Technology)",HS,EWS,Female-only (including Supernumerary),76781,76781
National Institute of Technology Calicut,"Production Engineering (4 Years, Bachelor of Technology)",HS,OBC-NCL,Gender-Neutral,12401,14553
National Institute of Technology Calicut,"Production Engineering (4 Years, Bachelor of Technology)",HS,OBC-NCL,Female-only (including Supernumerary),12663,12726
National Institute of Technology Calicut,"Production Engineering (4 Years, Bachelor of Technology)",HS,SC,Gender-Neutral,16371,18740
National Institute of Technology Calicut,"Production Engineering (4 Years, Bachelor of Technology)",HS,SC,Female-only (including Supernumerary),18532,18532
National Institute of Technology Calicut,"Production Engineering (4 Years, Bachelor of Technology)",OS,OPEN,Gender-Neutral,26194,30932
National Institute of Technology Calicut,"Production Engineering (4 Years, Bachelor of Technology)",OS,OPEN,Female-only (including Supernumerary),39536,41373
National Institute of Technology Calicut,"Production Engineering (4 Years, Bachelor of Technology)",OS,OPEN (PwD),Female-only (including Supernumerary),2272,2272
National Institute of Technology Calicut,"Production Engineering (4 Years, Bachelor of Technology)",OS,EWS,Gender-Neutral,5611,6176
National Institute of Technology Calicut,"Production Engineering (4 Years, Bachelor of Technology)",OS,OBC-NCL,Gender-Neutral,8853,11455
National Institute of Technology Calicut,"Production Engineering (4 Years, Bachelor of Technology)",OS,OBC-NCL,Female-only (including Supernumerary),14652,14652
National Institute of Technology Calicut,"Production Engineering (4 Years, Bachelor of Technology)",OS,OBC-NCL (PwD),Gender-Neutral,1002,1002
National Institute of Technology Calicut,"Production Engineering (4 Years, Bachelor of Technology)",OS,SC,Gender-Neutral,5488,5806
National Institute of Technology Calicut,"Production Engineering (4 Years, Bachelor of Technology)",OS,SC,Female-only (including Supernumerary),8081,8081
National Institute of Technology Calicut,"Production Engineering (4 Years, Bachelor of Technology)",OS,ST,Gender-Neutral,1889,1889
National Institute of Technology Calicut,"Production Engineering (4 Years, Bachelor of Technology)",OS,ST,Female-only (including Supernumerary),3414,3414
National Institute of Technology Delhi,"Aerospace Engineering (4 Years, Bachelor of Technology)",HS,OPEN,Gender-Neutral,17286,19263
National Institute of Technology Delhi,"Aerospace Engineering (4 Years, Bachelor of Technology)",HS,OPEN,Female-only (including Supernumerary),23613,23613
National Institute of Technology Delhi,"Aerospace Engineering (4 Years, Bachelor of Technology)",HS,EWS,Female-only (including Supernumerary),7633,7633
National Institute of Technology Delhi,"Aerospace Engineering (4 Years, Bachelor of Technology)",HS,OBC-NCL,Gender-Neutral,10416,13550
National Institute of Technology Delhi,"Aerospace Engineering (4 Years, Bachelor of Technology)",HS,SC,Gender-Neutral,2853,2853
National Institute of Technology Delhi,"Aerospace Engineering (4 Years, Bachelor of Technology)",HS,SC,Female-only (including Supernumerary),6929,6929
National Institute of Technology Delhi,"Aerospace Engineering (4 Years, Bachelor of Technology)",HS,ST,Gender-Neutral,3567,3567
National Institute of Technology Delhi,"Aerospace Engineering (4 Years, Bachelor of Technology)",OS,OPEN,Gender-Neutral,5998,13890
National Institute of Technology Delhi,"Aerospace Engineering (4 Years, Bachelor of Technology)",OS,OPEN,Female-only (including Supernumerary),6370,6370
National Institute of Technology Delhi,"Aerospace Engineering (4 Years, Bachelor of Technology)",OS,EWS,Female-only (including Supernumerary),5142,5142
National Institute of Technology Delhi,"Aerospace Engineering (4 Years, Bachelor of Technology)",OS,EWS (PwD),Gender-Neutral,442,442
National Institute of Technology Delhi,"Aerospace Engineering (4 Years, Bachelor of Technology)",OS,OBC-NCL,Gender-Neutral,3899,4743
National Institute of Technology Delhi,"Aerospace Engineering (4 Years, Bachelor of Technology)",OS,SC,Gender-Neutral,1950,1950
National Institute of Technology Delhi,"Aerospace Engineering (4 Years, Bachelor of Technology)",OS,ST,Gender-Neutral,785,785
National Institute of Technology Delhi,"Artificial Intelligence and Data Science (4 Years, Bachelor of Technology)",HS,OPEN,Gender-Neutral,9112,11349
National Institute of Technology Delhi,"Artificial Intelligence and Data Science (4 Years, Bachelor of Technology)",HS,OPEN,Female-only (including Supernumerary),16573,16573
National Institute of Technology Delhi,"Artificial Intelligence and Data Science (4 Years, Bachelor of Technology)",HS,EWS,Gender-Neutral,2280,2280
National Institute of Technology Delhi,"Artificial Intelligence and Data Science (4 Years, Bachelor of Technology)",HS,OBC-NCL,Gender-Neutral,5695,6267
National Institute of Technology Delhi,"Artificial Intelligence and Data Science (4 Years, Bachelor of Technology)",HS,OBC-NCL,Female-only (including Supernumerary),10865,10865
National Institute of Technology Delhi,"Artificial Intelligence and Data Science (4 Years, Bachelor of Technology)",HS,SC,Gender-Neutral,2684,2684
National Institute of Technology Delhi,"Artificial Intelligence and Data Science (4 Years, Bachelor of Technology)",HS,ST,Gender-Neutral,2525,2525
National Institute of Technology Delhi,"Artificial Intelligence and Data Science (4 Years, Bachelor of Technology)",OS,OPEN,Gender-Neutral,7496,7717
National Institute of Technology Delhi,"Artificial Intelligence and Data Science (4 Years, Bachelor of Technology)",OS,OPEN,Female-only (including Supernumerary),13111,13111
National Institute of Technology Delhi,"Artificial Intelligence and Data Science (4 Years, Bachelor of Technology)",OS,OPEN (PwD),Gender-Neutral,194,194
National Institute of Technology Delhi,"Artificial Intelligence and Data Science (4 Years, Bachelor of Technology)",OS,EWS,Gender-Neutral,1318,1318
National Institute of Technology Delhi,"Artificial Intelligence and Data Science (4 Years, Bachelor of Technology)",OS,OBC-NCL,Gender-Neutral,2012,2105
National Institute of Technology Delhi,"Artificial Intelligence and Data Science (4 Years, Bachelor of Technology)",OS,OBC-NCL,Female-only (including Supernumerary),5621,5621
National Institute of Technology Delhi,"Artificial Intelligence and Data Science (4 Years, Bachelor of Technology)",OS,SC,Gender-Neutral,1172,1621
National Institute of Technology Delhi,"Civil Engineering (4 Years, Bachelor of Technology)",HS,OPEN,Gender-Neutral,28769,34497
National Institute of Technology Delhi,"Civil Engineering (4 Years, Bachelor of Technology)",HS,OPEN,Female-only (including Supernumerary),23962,23962
National Institute of Technology Delhi,"Civil Engineering (4 Years, Bachelor of Technology)",HS,EWS,Gender-Neutral,6588,6588
National Institute of Technology Delhi,"Civil Engineering (4 Years, Bachelor of Technology)",HS,OBC-NCL,Gender-Neutral,16844,18134
National Institute of Technology Delhi,"Civil Engineering (4 Years, Bachelor of Technology)",HS,OBC-NCL,Female-only (including Supernumerary),27213,27213
National Institute of Technology Delhi,"Civil Engineering (4 Years, Bachelor of Technology)",HS,SC,Gender-Neutral,5498,5498
National Institute of Technology Delhi,"Civil Engineering (4 Years, Bachelor of Technology)",HS,SC,Female-only (including Supernumerary),7381,7381
National Institute of Technology Delhi,"Civil Engineering (4 Years, Bachelor of Technology)",HS,ST,Gender-Neutral,3188,3188
National Institute of Technology Delhi,"Civil Engineering (4 Years, Bachelor of Technology)",OS,OPEN,Gender-Neutral,21210,26208
National Institute of Technology Delhi,"Civil Engineering (4 Years, Bachelor of Technology)",OS,OPEN,Female-only (including Supernumerary),36193,36193
National Institute of Technology Delhi,"Civil Engineering (4 Years, Bachelor of Technology)",OS,EWS,Female-only (including Supernumerary),7622,7622
National Institute of Technology Delhi,"Civil Engineering (4 Years, Bachelor of Technology)",OS,OBC-NCL,Gender-Neutral,9017,9096
National Institute of Technology Delhi,"Civil Engineering (4 Years, Bachelor of Technology)",OS,SC,Gender-Neutral,3317,3471
National Institute of Technology Delhi,"Civil Engineering (4 Years, Bachelor of Technology)",OS,ST,Gender-Neutral,379,379
National Institute of Technology Delhi,"Computer Science and Engineering (4 Years, Bachelor of Technology)",HS,OPEN,Gender-Neutral,5545,10950
National Institute of Technology Delhi,"Computer Science and Engineering (4 Years, Bachelor of Technology)",HS,OPEN,Female-only (including Supernumerary),10306,16763
National Institute of Technology Delhi,"Computer Science and Engineering (4 Years, Bachelor of Technology)",HS,OPEN (PwD),Gender-Neutral,268,268
National Institute of Technology Delhi,"Computer Science and Engineering (4 Years, Bachelor of Technology)",HS,EWS,Gender-Neutral,1789,2468
National Institute of Technology Delhi,"Computer Science and Engineering (4 Years, Bachelor of Technology)",HS,EWS,Female-only (including Supernumerary),2971,2971
National Institute of Technology Delhi,"Computer Science and Engineering (4 Years, Bachelor of Technology)",HS,OBC-NCL,Gender-Neutral,3664,5688
National Institute of Technology Delhi,"Computer Science and Engineering (4 Years, Bachelor of Technology)",HS,OBC-NCL,Female-only (including Supernumerary),4950,7187
National Institute of Technology Delhi,"Computer Science and Engineering (4 Years, Bachelor of Technology)",HS,OBC-NCL (PwD),Female-only (including Supernumerary),247,247
National Institute of Technology Delhi,"Computer Science and Engineering (4 Years, Bachelor of Technology)",HS,SC,Gender-Neutral,1543,2641
National Institute of Technology Delhi,"Computer Science and Engineering (4 Years, Bachelor of Technology)",HS,SC,Female-only (including Supernumerary),4528,4640
National Institute of Technology Delhi,"Computer Science and Engineering (4 Years, Bachelor of Technology)",HS,SC (PwD),Gender-Neutral,96,96
National Institute of Technology Delhi,"Computer Science and Engineering (4 Years, Bachelor of Technology)",HS,ST,Gender-Neutral,149,617
National Institute of Technology Delhi,"Computer Science and Engineering (4 Years, Bachelor of Technology)",HS,ST,Female-only (including Supernumerary),2135,2135
National Institute of Technology Delhi,"Computer Science and Engineering (4 Years, Bachelor of Technology)",OS,OPEN,Gender-Neutral,2438,7256
National Institute of Technology Delhi,"Computer Science and Engineering (4 Years, Bachelor of Technology)",OS,OPEN,Female-only (including Supernumerary),9039,13076
National Institute of Technology Delhi,"Computer Science and Engineering (4 Years, Bachelor of Technology)",OS,OPEN (PwD),Female-only (including Supernumerary),403,403
National Institute of Technology Delhi,"Computer Science and Engineering (4 Years, Bachelor of Technology)",OS,EWS,Gender-Neutral,1147,1316
National Institute of Technology Delhi,"Computer Science and Engineering (4 Years, Bachelor of Technology)",OS,EWS,Female-only (including Supernumerary),2128,2128
National Institute of Technology Delhi,"Computer Science and Engineering (4 Years, Bachelor of Technology)",OS,EWS (PwD),Gender-Neutral,57,57
National Institute of Technology Delhi,"Computer Science and Engineering (4 Years, Bachelor of Technology)",OS,OBC-NCL,Gender-Neutral,2574,3404
National Institute of Technology Delhi,"Computer Science and Engineering (4 Years, Bachelor of Technology)",OS,OBC-NCL,Female-only (including Supernumerary),3484,3595
National Institute of Technology Delhi,"Computer Science and Engineering (4 Years, Bachelor of Technology)",OS,OBC-NCL (PwD),Female-only (including Supernumerary),498,498
National Institute of Technology Delhi,"Computer Science and Engineering (4 Years, Bachelor of Technology)",OS,SC,Gender-Neutral,681,1512
National Institute of Technology Delhi,"Computer Science and Engineering (4 Years, Bachelor of Technology)",OS,SC,Female-only (including Supernumerary),2305,2872
National Institute of Technology Delhi,"Computer Science and Engineering (4 Years, Bachelor of Technology)",OS,ST,Gender-Neutral,334,443
National Institute of Technology Delhi,"Computer Science and Engineering (4 Years, Bachelor of Technology)",OS,ST,Female-only (including Supernumerary),913,913
National Institute of Technology Delhi,"Electrical Engineering (4 Years, Bachelor of Technology)",HS,OPEN,Gender-Neutral,12341,22117
National Institute of Technology Delhi,"Electrical Engineering (4 Years, Bachelor of Technology)",HS,OPEN,Female-only (including Supernumerary),25395,28805
National Institute of Technology Delhi,"Electrical Engineering (4 Years, Bachelor of Technology)",HS,EWS,Gender-Neutral,3658,4594
National Institute of Technology Delhi,"Electrical Engineering (4 Years, Bachelor of Technology)",HS,OBC-NCL,Gender-Neutral,10568,12218
National Institute of Technology Delhi,"Electrical Engineering (4 Years, Bachelor of Technology)",HS,OBC-NCL,Female-only (including Supernumerary),18366,18717
National Institute of Technology Delhi,"Electrical Engineering (4 Years, Bachelor of Technology)",HS,SC,Gender-Neutral,3065,3586
National Institute of Technology Delhi,"Electrical Engineering (4 Years, Bachelor of Technology)",HS,SC,Female-only (including Supernumerary),6912,6912
National Institute of Technology Delhi,"Electrical Engineering (4 Years, Bachelor of Technology)",HS,ST,Gender-Neutral,2634,3938
National Institute of Technology Delhi,"Electrical Engineering (4 Years, Bachelor of Technology)",OS,OPEN,Gender-Neutral,12167,16561
National Institute of Technology Delhi,"Electrical Engineering (4 Years, Bachelor of Technology)",OS,OPEN,Female-only (including Supernumerary),22966,25168
National Institute of Technology Delhi,"Electrical Engineering (4 Years, Bachelor of Technology)",OS,OPEN (PwD),Gender-Neutral,602,602
National Institute of Technology Delhi,"Electrical Engineering (4 Years, Bachelor of Technology)",OS,EWS,Gender-Neutral,2537,2551
National Institute of Technology Delhi,"Electrical Engineering (4 Years, Bachelor of Technology)",OS,EWS,Female-only (including Supernumerary),4125,4125
National Institute of Technology Delhi,"Electrical Engineering (4 Years, Bachelor of Technology)",OS,OBC-NCL,Gender-Neutral,5095,5751
National Institute of Technology Delhi,"Electrical Engineering (4 Years, Bachelor of Technology)",OS,OBC-NCL,Female-only (including Supernumerary),10436,10436
National Institute of Technology Delhi,"Electrical Engineering (4 Years, Bachelor of Technology)",OS,OBC-NCL (PwD),Gender-Neutral,371,371
National Institute of Technology Delhi,"Electrical Engineering (4 Years, Bachelor of Technology)",OS,SC,Gender-Neutral,2114,2935
National Institute of Technology Delhi,"Electrical Engineering (4 Years, Bachelor of Technology)",OS,SC,Female-only (including Supernumerary),4063,4063
National Institute of Technology Delhi,"Electrical Engineering (4 Years, Bachelor of Technology)",OS,ST,Gender-Neutral,1337,1448
National Institute of Technology Delhi,"Electrical Engineering (4 Years, Bachelor of Technology)",OS,ST,Female-only (including Supernumerary),1595,1595
National Institute of Technology Delhi,"Electronics and Communication Engineering (4 Years, Bachelor of Technology)",HS,OPEN,Gender-Neutral,11775,13698
National Institute of Technology Delhi,"Electronics and Communication Engineering (4 Years, Bachelor of Technology)",HS,OPEN,Female-only (including Supernumerary),17397,19928
National Institute of Technology Delhi,"Electronics and Communication Engineering (4 Years, Bachelor of Technology)",HS,EWS,Gender-Neutral,2540,2810
National Institute of Technology Delhi,"Electronics and Communication Engineering (4 Years, Bachelor of Technology)",HS,OBC-NCL,Gender-Neutral,5709,9285
National Institute of Technology Delhi,"Electronics and Communication Engineering (4 Years, Bachelor of Technology)",HS,OBC-NCL,Female-only (including Supernumerary),11232,17102
National Institute of Technology Delhi,"Electronics and Communication Engineering (4 Years, Bachelor of Technology)",HS,SC,Gender-Neutral,2692,3671
National Institute of Technology Delhi,"Electronics and Communication Engineering (4 Years, Bachelor of Technology)",HS,SC,Female-only (including Supernumerary),5450,5450
National Institute of Technology Delhi,"Electronics and Communication Engineering (4 Years, Bachelor of Technology)",HS,ST,Gender-Neutral,1619,2529
National Institute of Technology Delhi,"Electronics and Communication Engineering (4 Years, Bachelor of Technology)",OS,OPEN,Gender-Neutral,8844,11595
National Institute of Technology Delhi,"Electronics and Communication Engineering (4 Years, Bachelor of Technology)",OS,OPEN,Female-only (including Supernumerary),16788,17923
National Institute of Technology Delhi,"Electronics and Communication Engineering (4 Years, Bachelor of Technology)",OS,OPEN (PwD),Gender-Neutral,459,459
National Institute of Technology Delhi,"Electronics and Communication Engineering (4 Years, Bachelor of Technology)",OS,EWS,Gender-Neutral,1860,1912
National Institute of Technology Delhi,"Electronics and Communication Engineering (4 Years, Bachelor of Technology)",OS,EWS,Female-only (including Supernumerary),3074,3074
National Institute of Technology Delhi,"Electronics and Communication Engineering (4 Years, Bachelor of Technology)",OS,OBC-NCL,Gender-Neutral,3977,4507
National Institute of Technology Delhi,"Electronics and Communication Engineering (4 Years, Bachelor of Technology)",OS,OBC-NCL (PwD),Female-only (including Supernumerary),628,628
National Institute of Technology Delhi,"Electronics and Communication Engineering (4 Years, Bachelor of Technology)",OS,SC,Gender-Neutral,2168,2536
National Institute of Technology Delhi,"Electronics and Communication Engineering (4 Years, Bachelor of Technology)",OS,SC,Female-only (including Supernumerary),1752,1752
National Institute of Technology Delhi,"Electronics and Communication Engineering (4 Years, Bachelor of Technology)",OS,ST,Gender-Neutral,905,991
National Institute of Technology Delhi,"Electronics and Communication Engineering (4 Years, Bachelor of Technology)",OS,ST,Female-only (including Supernumerary),1518,1518
National Institute of Technology Delhi,"Mechanical Engineering (4 Years, Bachelor of Technology)",HS,OPEN,Gender-Neutral,8622,26186
National Institute of Technology Delhi,"Mechanical Engineering (4 Years, Bachelor of Technology)",HS,OPEN,Female-only (including Supernumerary),34334,36212
National Institute of Technology Delhi,"Mechanical Engineering (4 Years, Bachelor of Technology)",HS,EWS,Gender-Neutral,4611,4822
National Institute of Technology Delhi,"Mechanical Engineering (4 Years, Bachelor of Technology)",HS,OBC-NCL,Gender-Neutral,12475,14089
National Institute of Technology Delhi,"Mechanical Engineering (4 Years, Bachelor of Technology)",HS,OBC-NCL,Female-only (including Supernumerary),22044,22044
National Institute of Technology Delhi,"Mechanical Engineering (4 Years, Bachelor of Technology)",HS,OBC-NCL (PwD),Gender-Neutral,1741,1741
National Institute of Technology Delhi,"Mechanical Engineering (4 Years, Bachelor of Technology)",HS,SC,Gender-Neutral,5448,6093
National Institute of Technology Delhi,"Mechanical Engineering (4 Years, Bachelor of Technology)",HS,ST,Gender-Neutral,4069,4069
National Institute of Technology Delhi,"Mechanical Engineering (4 Years, Bachelor of Technology)",HS,ST,Female-only (including Supernumerary),8873,8873
National Institute of Technology Delhi,"Mechanical Engineering (4 Years, Bachelor of Technology)",OS,OPEN,Gender-Neutral,1737,20286
National Institute of Technology Delhi,"Mechanical Engineering (4 Years, Bachelor of Technology)",OS,OPEN,Female-only (including Supernumerary),26420,26420
National Institute of Technology Delhi,"Mechanical Engineering (4 Years, Bachelor of Technology)",OS,OPEN (PwD),Gender-Neutral,803,803
National Institute of Technology Delhi,"Mechanical Engineering (4 Years, Bachelor of Technology)",OS,EWS,Gender-Neutral,3455,3563
National Institute of Technology Delhi,"Mechanical Engineering (4 Years, Bachelor of Technology)",OS,OBC-NCL,Gender-Neutral,5858,8571
National Institute of Technology Delhi,"Mechanical Engineering (4 Years, Bachelor of Technology)",OS,OBC-NCL,Female-only (including Supernumerary),10275,15036
National Institute of Technology Delhi,"Mechanical Engineering (4 Years, Bachelor of Technology)",OS,SC,Gender-Neutral,2369,3934
National Institute of Technology Delhi,"Mechanical Engineering (4 Years, Bachelor of Technology)",OS,SC,Female-only (including Supernumerary),6847,6847
National Institute of Technology Delhi,"Mechanical Engineering (4 Years, Bachelor of Technology)",OS,ST,Gender-Neutral,1423,1423
National Institute of Technology Delhi,"VLSI Design and Technology (4 Years, Bachelor of Technology)",HS,OPEN,Gender-Neutral,14247,17545
National Institute of Technology Delhi,"VLSI Design and Technology (4 Years, Bachelor of Technology)",HS,OPEN,Female-only (including Supernumerary),24228,24228
National Institute of Technology Delhi,"VLSI Design and Technology (4 Years, Bachelor of Technology)",HS,OPEN (PwD),Gender-Neutral,615,615
National Institute of Technology Delhi,"VLSI Design and Technology (4 Years, Bachelor of Technology)",HS,EWS,Gender-Neutral,4319,4774
National Institute of Technology Delhi,"VLSI Design and Technology (4 Years, Bachelor of Technology)",HS,OBC-NCL,Gender-Neutral,10079,11436
National Institute of Technology Delhi,"VLSI Design and Technology (4 Years, Bachelor of Technology)",HS,OBC-NCL,Female-only (including Supernumerary),19405,19405
National Institute of Technology Delhi,"VLSI Design and Technology (4 Years, Bachelor of Technology)",HS,SC,Gender-Neutral,3763,3763
National Institute of Technology Delhi,"VLSI Design and Technology (4 Years, Bachelor of Technology)",HS,SC,Female-only (including Supernumerary),7775,7775
National Institute of Technology Delhi,"VLSI Design and Technology (4 Years, Bachelor of Technology)",OS,OPEN,Gender-Neutral,10688,13596
National Institute of Technology Delhi,"VLSI Design and Technology (4 Years, Bachelor of Technology)",OS,OPEN,Female-only (including Supernumerary),22510,22510
National Institute of Technology Delhi,"VLSI Design and Technology (4 Years, Bachelor of Technology)",OS,EWS,Female-only (including Supernumerary),4598,4598
National Institute of Technology Delhi,"VLSI Design and Technology (4 Years, Bachelor of Technology)",OS,OBC-NCL,Gender-Neutral,5195,5708
National Institute of Technology Delhi,"VLSI Design and Technology (4 Years, Bachelor of Technology)",OS,SC,Gender-Neutral,3799,3930
National Institute of Technology Delhi,"VLSI Design and Technology (4 Years, Bachelor of Technology)",OS,ST,Gender-Neutral,1730,1730
National Institute of Technology Durgapur,"B.Tech in Mathematics and Computing (4 Years, Bachelor of Technology)",HS,OPEN,Gender-Neutral,12811,16142
National Institute of Technology Durgapur,"B.Tech in Mathematics and Computing (4 Years, Bachelor of Technology)",HS,OPEN,Female-only (including Supernumerary),21013,26580
National Institute of Technology Durgapur,"B.Tech in Mathematics and Computing (4 Years, Bachelor of Technology)",HS,OPEN (PwD),Gender-Neutral,2391,2391
National Institute of Technology Durgapur,"B.Tech in Mathematics and Computing (4 Years, Bachelor of Technology)",HS,EWS,Gender-Neutral,4484,4901
National Institute of Technology Durgapur,"B.Tech in Mathematics and Computing (4 Years, Bachelor of Technology)",HS,EWS,Female-only (including Supernumerary),10441,10441
National Institute of Technology Durgapur,"B.Tech in Mathematics and Computing (4 Years, Bachelor of Technology)",HS,OBC-NCL,Gender-Neutral,6095,11771
National Institute of Technology Durgapur,"B.Tech in Mathematics and Computing (4 Years, Bachelor of Technology)",HS,OBC-NCL,Female-only (including Supernumerary),16503,21124
National Institute of Technology Durgapur,"B.Tech in Mathematics and Computing (4 Years, Bachelor of Technology)",HS,SC,Gender-Neutral,1659,2715
National Institute of Technology Durgapur,"B.Tech in Mathematics and Computing (4 Years, Bachelor of Technology)",HS,SC,Female-only (including Supernumerary),6640,6640
National Institute of Technology Durgapur,"B.Tech in Mathematics and Computing (4 Years, Bachelor of Technology)",HS,ST,Gender-Neutral,4615,4615
National Institute of Technology Durgapur,"B.Tech in Mathematics and Computing (4 Years, Bachelor of Technology)",HS,ST,Female-only (including Supernumerary),5506,5506
National Institute of Technology Durgapur,"B.Tech in Mathematics and Computing (4 Years, Bachelor of Technology)",OS,OPEN,Gender-Neutral,9154,10824
National Institute of Technology Durgapur,"B.Tech in Mathematics and Computing (4 Years, Bachelor of Technology)",OS,OPEN,Female-only (including Supernumerary),13385,16472
National Institute of Technology Durgapur,"B.Tech in Mathematics and Computing (4 Years, Bachelor of Technology)",OS,EWS,Gender-Neutral,1592,1665
National Institute of Technology Durgapur,"B.Tech in Mathematics and Computing (4 Years, Bachelor of Technology)",OS,EWS,Female-only (including Supernumerary),2742,2742
National Institute of Technology Durgapur,"B.Tech in Mathematics and Computing (4 Years, Bachelor of Technology)",OS,OBC-NCL,Gender-Neutral,3645,4183
National Institute of Technology Durgapur,"B.Tech in Mathematics and Computing (4 Years, Bachelor of Technology)",OS,OBC-NCL,Female-only (including Supernumerary),8392,8885
National Institute of Technology Durgapur,"B.Tech in Mathematics and Computing (4 Years, Bachelor of Technology)",OS,OBC-NCL (PwD),Gender-Neutral,448,448
National Institute of Technology Durgapur,"B.Tech in Mathematics and Computing (4 Years, Bachelor of Technology)",OS,SC,Gender-Neutral,2191,2746
National Institute of Technology Durgapur,"B.Tech in Mathematics and Computing (4 Years, Bachelor of Technology)",OS,ST,Gender-Neutral,847,847
National Institute of Technology Durgapur,"B.Tech in Mathematics and Computing (4 Years, Bachelor of Technology)",OS,ST,Female-only (including Supernumerary),2125,2125
National Institute of Technology Durgapur,"Bio Technology (4 Years, Bachelor of Technology)",HS,OPEN,Gender-Neutral,41918,50047
National Institute of Technology Durgapur,"Bio Technology (4 Years, Bachelor of Technology)",HS,OPEN,Female-only (including Supernumerary),25088,38799
National Institute of Technology Durgapur,"Bio Technology (4 Years, Bachelor of Technology)",HS,OPEN (PwD),Gender-Neutral,2200,2200
National Institute of Technology Durgapur,"Bio Technology (4 Years, Bachelor of Technology)",HS,EWS,Gender-Neutral,15513,15786
National Institute of Technology Durgapur,"Bio Technology (4 Years, Bachelor of Technology)",HS,EWS,Female-only (including Supernumerary),35087,35087
National Institute of Technology Durgapur,"Bio Technology (4 Years, Bachelor of Technology)",HS,OBC-NCL,Gender-Neutral,19544,37738
National Institute of Technology Durgapur,"Bio Technology (4 Years, Bachelor of Technology)",HS,OBC-NCL,Female-only (including Supernumerary),30378,32414
National Institute of Technology Durgapur,"Bio Technology (4 Years, Bachelor of Technology)",HS,SC,Gender-Neutral,6513,8588
National Institute of Technology Durgapur,"Bio Technology (4 Years, Bachelor of Technology)",HS,SC,Female-only (including Supernumerary),4342,4342
National Institute of Technology Durgapur,"Bio Technology (4 Years, Bachelor of Technology)",HS,ST,Gender-Neutral,7590,8845
National Institute of Technology Durgapur,"Bio Technology (4 Years, Bachelor of Technology)",HS,ST,Female-only (including Supernumerary),13528,13528
National Institute of Technology Durgapur,"Bio Technology (4 Years, Bachelor of Technology)",OS,OPEN,Gender-Neutral,35794,44598
National Institute of Technology Durgapur,"Bio Technology (4 Years, Bachelor of Technology)",OS,OPEN,Female-only (including Supernumerary),45243,51424
National Institute of Technology Durgapur,"Bio Technology (4 Years, Bachelor of Technology)",OS,OPEN (PwD),Gender-Neutral,1296,1296
National Institute of Technology Durgapur,"Bio Technology (4 Years, Bachelor of Technology)",OS,EWS,Gender-Neutral,7185,7684
National Institute of Technology Durgapur,"Bio Technology (4 Years, Bachelor of Technology)",OS,EWS,Female-only (including Supernumerary),8449,8449
National Institute of Technology Durgapur,"Bio Technology (4 Years, Bachelor of Technology)",OS,OBC-NCL,Gender-Neutral,14215,15030
National Institute of Technology Durgapur,"Bio Technology (4 Years, Bachelor of Technology)",OS,OBC-NCL,Female-only (including Supernumerary),20041,20311
National Institute of Technology Durgapur,"Bio Technology (4 Years, Bachelor of Technology)",OS,OBC-NCL (PwD),Gender-Neutral,1073,1073
National Institute of Technology Durgapur,"Bio Technology (4 Years, Bachelor of Technology)",OS,SC,Gender-Neutral,4583,6367
National Institute of Technology Durgapur,"Bio Technology (4 Years, Bachelor of Technology)",OS,SC,Female-only (including Supernumerary),9530,9530
National Institute of Technology Durgapur,"Bio Technology (4 Years, Bachelor of Technology)",OS,ST,Gender-Neutral,2439,2906
National Institute of Technology Durgapur,"Bio Technology (4 Years, Bachelor of Technology)",OS,ST,Female-only (including Supernumerary),4401,4401
National Institute of Technology Durgapur,"Biotechnology (5 Years, Bachelor and Master of Technology (Dual Degree))",HS,OPEN,Gender-Neutral,39332,39332
National Institute of Technology Durgapur,"Biotechnology (5 Years, Bachelor and Master of Technology (Dual Degree))",HS,EWS,Female-only (including Supernumerary),34522,34522
National Institute of Technology Durgapur,"Biotechnology (5 Years, Bachelor and Master of Technology (Dual Degree))",HS,OBC-NCL,Gender-Neutral,17664,17664
National Institute of Technology Durgapur,"Biotechnology (5 Years, Bachelor and Master of Technology (Dual Degree))",HS,SC,Gender-Neutral,9379,9379
National Institute of Technology Durgapur,"Biotechnology (5 Years, Bachelor and Master of Technology (Dual Degree))",OS,OPEN,Gender-Neutral,41093,42109
National Institute of Technology Durgapur,"Biotechnology (5 Years, Bachelor and Master of Technology (Dual Degree))",OS,ST,Gender-Neutral,2920,2920
National Institute of Technology Durgapur,"Chemical Engineering (4 Years, Bachelor of Technology)",HS,OPEN,Gender-Neutral,27424,36168
National Institute of Technology Durgapur,"Chemical Engineering (4 Years, Bachelor of Technology)",HS,OPEN,Female-only (including Supernumerary),33919,35209
National Institute of Technology Durgapur,"Chemical Engineering (4 Years, Bachelor of Technology)",HS,OPEN (PwD),Gender-Neutral,1164,1164
National Institute of Technology Durgapur,"Chemical Engineering (4 Years, Bachelor of Technology)",HS,EWS,Gender-Neutral,9875,11968
National Institute of Technology Durgapur,"Chemical Engineering (4 Years, Bachelor of Technology)",HS,EWS,Female-only (including Supernumerary),16315,16315
National Institute of Technology Durgapur,"Chemical Engineering (4 Years, Bachelor of Technology)",HS,OBC-NCL,Gender-Neutral,22063,25112
National Institute of Technology Durgapur,"Chemical Engineering (4 Years, Bachelor of Technology)",HS,OBC-NCL,Female-only (including Supernumerary),28881,29454
National Institute of Technology Durgapur,"Chemical Engineering (4 Years, Bachelor of Technology)",HS,SC,Gender-Neutral,4097,5637
National Institute of Technology Durgapur,"Chemical Engineering (4 Years, Bachelor of Technology)",HS,SC,Female-only (including Supernumerary),9137,9137
National Institute of Technology Durgapur,"Chemical Engineering (4 Years, Bachelor of Technology)",HS,ST,Gender-Neutral,9475,9928
National Institute of Technology Durgapur,"Chemical Engineering (4 Years, Bachelor of Technology)",HS,ST,Female-only (including Supernumerary),11788,11788
National Institute of Technology Durgapur,"Chemical Engineering (4 Years, Bachelor of Technology)",OS,OPEN,Gender-Neutral,25109,30851
National Institute of Technology Durgapur,"Chemical Engineering (4 Years, Bachelor of Technology)",OS,OPEN,Female-only (including Supernumerary),38275,39353
National Institute of Technology Durgapur,"Chemical Engineering (4 Years, Bachelor of Technology)",OS,OPEN (PwD),Gender-Neutral,1813,1813
National Institute of Technology Durgapur,"Chemical Engineering (4 Years, Bachelor of Technology)",OS,EWS,Gender-Neutral,5181,5460
National Institute of Technology Durgapur,"Chemical Engineering (4 Years, Bachelor of Technology)",OS,EWS,Female-only (including Supernumerary),6828,6828
National Institute of Technology Durgapur,"Chemical Engineering (4 Years, Bachelor of Technology)",OS,OBC-NCL,Gender-Neutral,9321,11366
National Institute of Technology Durgapur,"Chemical Engineering (4 Years, Bachelor of Technology)",OS,OBC-NCL,Female-only (including Supernumerary),15496,16013
National Institute of Technology Durgapur,"Chemical Engineering (4 Years, Bachelor of Technology)",OS,OBC-NCL (PwD),Gender-Neutral,1674,1674
National Institute of Technology Durgapur,"Chemical Engineering (4 Years, Bachelor of Technology)",OS,SC,Gender-Neutral,5899,6235
National Institute of Technology Durgapur,"Chemical Engineering (4 Years, Bachelor of Technology)",OS,SC,Female-only (including Supernumerary),7267,7267
National Institute of Technology Durgapur,"Chemical Engineering (4 Years, Bachelor of Technology)",OS,ST,Gender-Neutral,2030,2084
National Institute of Technology Durgapur,"Chemical Engineering (4 Years, Bachelor of Technology)",OS,ST,Female-only (including Supernumerary),3390,3390
National Institute of Technology Durgapur,"Chemical Engineering (5 Years, Bachelor and Master of Technology (Dual Degree))",HS,OPEN,Gender-Neutral,34347,39810
National Institute of Technology Durgapur,"Chemical Engineering (5 Years, Bachelor and Master of Technology (Dual Degree))",HS,OBC-NCL,Gender-Neutral,27262,27262
National Institute of Technology Durgapur,"Chemical Engineering (5 Years, Bachelor and Master of Technology (Dual Degree))",HS,SC,Gender-Neutral,5803,5803
National Institute of Technology Durgapur,"Chemical Engineering (5 Years, Bachelor and Master of Technology (Dual Degree))",OS,OPEN,Gender-Neutral,32174,32174
National Institute of Technology Durgapur,"Chemical Engineering (5 Years, Bachelor and Master of Technology (Dual Degree))",OS,OPEN,Female-only (including Supernumerary),37856,37856
National Institute of Technology Durgapur,"Chemical Engineering (5 Years, Bachelor and Master of Technology (Dual Degree))",OS,OBC-NCL,Gender-Neutral,12168,12168
National Institute of Technology Durgapur,"Chemistry (5 Years, Integrated Master of Science)",HS,OPEN,Gender-Neutral,53000,53763
National Institute of Technology Durgapur,"Chemistry (5 Years, Integrated Master of Science)",HS,OPEN,Female-only (including Supernumerary),55746,55746
National Institute of Technology Durgapur,"Chemistry (5 Years, Integrated Master of Science)",HS,EWS,Gender-Neutral,16934,16934
National Institute of Technology Durgapur,"Chemistry (5 Years, Integrated Master of Science)",HS,OBC-NCL,Gender-Neutral,38401,39797
National Institute of Technology Durgapur,"Chemistry (5 Years, Integrated Master of Science)",HS,SC,Gender-Neutral,10026,10026
National Institute of Technology Durgapur,"Chemistry (5 Years, Integrated Master of Science)",OS,OPEN,Gender-Neutral,45105,52552
National Institute of Technology Durgapur,"Chemistry (5 Years, Integrated Master of Science)",OS,OPEN,Female-only (including Supernumerary),56710,56710
National Institute of Technology Durgapur,"Chemistry (5 Years, Integrated Master of Science)",OS,EWS,Gender-Neutral,8656,8656
National Institute of Technology Durgapur,"Chemistry (5 Years, Integrated Master of Science)",OS,OBC-NCL,Gender-Neutral,16447,18001
National Institute of Technology Durgapur,"Chemistry (5 Years, Integrated Master of Science)",OS,OBC-NCL,Female-only (including Supernumerary),20371,20371
National Institute of Technology Durgapur,"Chemistry (5 Years, Integrated Master of Science)",OS,SC,Gender-Neutral,9454,9454
National Institute of Technology Durgapur,"Chemistry (5 Years, Integrated Master of Science)",OS,ST,Gender-Neutral,3238,3238
National Institute of Technology Durgapur,"Civil Engineering (4 Years, Bachelor of Technology)",HS,OPEN,Gender-Neutral,30900,43908
National Institute of Technology Durgapur,"Civil Engineering (4 Years, Bachelor of Technology)",HS,OPEN,Female-only (including Supernumerary),48151,49258
National Institute of Technology Durgapur,"Civil Engineering (4 Years, Bachelor of Technology)",HS,OPEN (PwD),Gender-Neutral,2552,2552
National Institute of Technology Durgapur,"Civil Engineering (4 Years, Bachelor of Technology)",HS,EWS,Gender-Neutral,11999,14718
National Institute of Technology Durgapur,"Civil Engineering (4 Years, Bachelor of Technology)",HS,EWS,Female-only (including Supernumerary),22652,22652
National Institute of Technology Durgapur,"Civil Engineering (4 Years, Bachelor of Technology)",HS,OBC-NCL,Gender-Neutral,20325,28448
National Institute of Technology Durgapur,"Civil Engineering (4 Years, Bachelor of Technology)",HS,OBC-NCL,Female-only (including Supernumerary),38758,41915
National Institute of Technology Durgapur,"Civil Engineering (4 Years, Bachelor of Technology)",HS,SC,Gender-Neutral,5700,7046
National Institute of Technology Durgapur,"Civil Engineering (4 Years, Bachelor of Technology)",HS,SC,Female-only (including Supernumerary),10541,10736
National Institute of Technology Durgapur,"Civil Engineering (4 Years, Bachelor of Technology)",HS,ST,Gender-Neutral,5669,6811
National Institute of Technology Durgapur,"Civil Engineering (4 Years, Bachelor of Technology)",HS,ST,Female-only (including Supernumerary),9528,9528
National Institute of Technology Durgapur,"Civil Engineering (4 Years, Bachelor of Technology)",OS,OPEN,Gender-Neutral,33236,38211
National Institute of Technology Durgapur,"Civil Engineering (4 Years, Bachelor of Technology)",OS,OPEN,Female-only (including Supernumerary),48121,48395
National Institute of Technology Durgapur,"Civil Engineering (4 Years, Bachelor of Technology)",OS,EWS,Gender-Neutral,6238,6298
National Institute of Technology Durgapur,"Civil Engineering (4 Years, Bachelor of Technology)",OS,EWS,Female-only (including Supernumerary),8293,8293
National Institute of Technology Durgapur,"Civil Engineering (4 Years, Bachelor of Technology)",OS,OBC-NCL,Gender-Neutral,11427,12571
National Institute of Technology Durgapur,"Civil Engineering (4 Years, Bachelor of Technology)",OS,OBC-NCL,Female-only (including Supernumerary),15875,19274
National Institute of Technology Durgapur,"Civil Engineering (4 Years, Bachelor of Technology)",OS,OBC-NCL (PwD),Gender-Neutral,792,792
National Institute of Technology Durgapur,"Civil Engineering (4 Years, Bachelor of Technology)",OS,SC,Gender-Neutral,4276,5784
National Institute of Technology Durgapur,"Civil Engineering (4 Years, Bachelor of Technology)",OS,SC,Female-only (including Supernumerary),8736,9038
National Institute of Technology Durgapur,"Civil Engineering (4 Years, Bachelor of Technology)",OS,ST,Gender-Neutral,1543,1585
National Institute of Technology Durgapur,"Civil Engineering (4 Years, Bachelor of Technology)",OS,ST,Female-only (including Supernumerary),3107,3107
National Institute of Technology Durgapur,"Computer Science and Engineering (4 Years, Bachelor of Technology)",HS,OPEN,Gender-Neutral,5446,13701
National Institute of Technology Durgapur,"Computer Science and Engineering (4 Years, Bachelor of Technology)",HS,OPEN,Female-only (including Supernumerary),10671,18785
National Institute of Technology Durgapur,"Computer Science and Engineering (4 Years, Bachelor of Technology)",HS,OPEN (PwD),Gender-Neutral,107,107
National Institute of Technology Durgapur,"Computer Science and Engineering (4 Years, Bachelor of Technology)",HS,EWS,Gender-Neutral,2182,4275
National Institute of Technology Durgapur,"Computer Science and Engineering (4 Years, Bachelor of Technology)",HS,EWS,Female-only (including Supernumerary),3454,7651
National Institute of Technology Durgapur,"Computer Science and Engineering (4 Years, Bachelor of Technology)",HS,EWS (PwD),Gender-Neutral,481,481
National Institute of Technology Durgapur,"Computer Science and Engineering (4 Years, Bachelor of Technology)",HS,OBC-NCL,Gender-Neutral,3463,8278
National Institute of Technology Durgapur,"Computer Science and Engineering (4 Years, Bachelor of Technology)",HS,OBC-NCL,Female-only (including Supernumerary),11890,15435
National Institute of Technology Durgapur,"Computer Science and Engineering (4 Years, Bachelor of Technology)",HS,OBC-NCL (PwD),Gender-Neutral,226,226
National Institute of Technology Durgapur,"Computer Science and Engineering (4 Years, Bachelor of Technology)",HS,SC,Gender-Neutral,618,1466
National Institute of Technology Durgapur,"Computer Science and Engineering (4 Years, Bachelor of Technology)",HS,SC,Female-only (including Supernumerary),1173,2262
National Institute of Technology Durgapur,"Computer Science and Engineering (4 Years, Bachelor of Technology)",HS,SC (PwD),Gender-Neutral,21,21
National Institute of Technology Durgapur,"Computer Science and Engineering (4 Years, Bachelor of Technology)",HS,ST,Gender-Neutral,251,2160
National Institute of Technology Durgapur,"Computer Science and Engineering (4 Years, Bachelor of Technology)",HS,ST,Female-only (including Supernumerary),2653,3203
National Institute of Technology Durgapur,"Computer Science and Engineering (4 Years, Bachelor of Technology)",OS,OPEN,Gender-Neutral,5754,8331
National Institute of Technology Durgapur,"Computer Science and Engineering (4 Years, Bachelor of Technology)",OS,OPEN,Female-only (including Supernumerary),9300,11499
National Institute of Technology Durgapur,"Computer Science and Engineering (4 Years, Bachelor of Technology)",OS,OPEN (PwD),Gender-Neutral,288,288
National Institute of Technology Durgapur,"Computer Science and Engineering (4 Years, Bachelor of Technology)",OS,EWS,Gender-Neutral,1166,1224
National Institute of Technology Durgapur,"Computer Science and Engineering (4 Years, Bachelor of Technology)",OS,EWS,Female-only (including Supernumerary),1704,1892
National Institute of Technology Durgapur,"Computer Science and Engineering (4 Years, Bachelor of Technology)",OS,OBC-NCL,Gender-Neutral,2054,3043
National Institute of Technology Durgapur,"Computer Science and Engineering (4 Years, Bachelor of Technology)",OS,OBC-NCL,Female-only (including Supernumerary),4212,5182
National Institute of Technology Durgapur,"Computer Science and Engineering (4 Years, Bachelor of Technology)",OS,OBC-NCL (PwD),Gender-Neutral,180,180
National Institute of Technology Durgapur,"Computer Science and Engineering (4 Years, Bachelor of Technology)",OS,SC,Gender-Neutral,1449,1934
National Institute of Technology Durgapur,"Computer Science and Engineering (4 Years, Bachelor of Technology)",OS,SC,Female-only (including Supernumerary),1334,3009
National Institute of Technology Durgapur,"Computer Science and Engineering (4 Years, Bachelor of Technology)",OS,ST,Gender-Neutral,393,458
National Institute of Technology Durgapur,"Computer Science and Engineering (4 Years, Bachelor of Technology)",OS,ST,Female-only (including Supernumerary),736,1188
National Institute of Technology Durgapur,"Electrical Engineering (4 Years, Bachelor of Technology)",HS,OPEN,Gender-Neutral,19100,22427
National Institute of Technology Durgapur,"Electrical Engineering (4 Years, Bachelor of Technology)",HS,OPEN,Female-only (including Supernumerary),27454,32123
National Institute of Technology Durgapur,"Electrical Engineering (4 Years, Bachelor of Technology)",HS,OPEN (PwD),Gender-Neutral,1171,1171
National Institute of Technology Durgapur,"Electrical Engineering (4 Years, Bachelor of Technology)",HS,EWS,Gender-Neutral,6409,6620
National Institute of Technology Durgapur,"Electrical Engineering (4 Years, Bachelor of Technology)",HS,EWS,Female-only (including Supernumerary),13464,13464
National Institute of Technology Durgapur,"Electrical Engineering (4 Years, Bachelor of Technology)",HS,OBC-NCL,Gender-Neutral,13028,17401
National Institute of Technology Durgapur,"Electrical Engineering (4 Years, Bachelor of Technology)",HS,OBC-NCL,Female-only (including Supernumerary),19734,28372
National Institute of Technology Durgapur,"Electrical Engineering (4 Years, Bachelor of Technology)",HS,SC,Gender-Neutral,3159,3940
National Institute of Technology Durgapur,"Electrical Engineering (4 Years, Bachelor of Technology)",HS,SC,Female-only (including Supernumerary),4056,4390
National Institute of Technology Durgapur,"Electrical Engineering (4 Years, Bachelor of Technology)",HS,ST,Gender-Neutral,2644,3373
National Institute of Technology Durgapur,"Electrical Engineering (4 Years, Bachelor of Technology)",HS,ST,Female-only (including Supernumerary),1808,1808
National Institute of Technology Durgapur,"Electrical Engineering (4 Years, Bachelor of Technology)",OS,OPEN,Gender-Neutral,14715,18198
National Institute of Technology Durgapur,"Electrical Engineering (4 Years, Bachelor of Technology)",OS,OPEN,Female-only (including Supernumerary),23914,29742
National Institute of Technology Durgapur,"Electrical Engineering (4 Years, Bachelor of Technology)",OS,OPEN (PwD),Gender-Neutral,1410,1410
National Institute of Technology Durgapur,"Electrical Engineering (4 Years, Bachelor of Technology)",OS,EWS,Gender-Neutral,2997,3043
National Institute of Technology Durgapur,"Electrical Engineering (4 Years, Bachelor of Technology)",OS,EWS,Female-only (including Supernumerary),4784,4784
National Institute of Technology Durgapur,"Electrical Engineering (4 Years, Bachelor of Technology)",OS,OBC-NCL,Gender-Neutral,5247,6151
National Institute of Technology Durgapur,"Electrical Engineering (4 Years, Bachelor of Technology)",OS,OBC-NCL,Female-only (including Supernumerary),9082,9504
National Institute of Technology Durgapur,"Electrical Engineering (4 Years, Bachelor of Technology)",OS,OBC-NCL (PwD),Gender-Neutral,646,737
National Institute of Technology Durgapur,"Electrical Engineering (4 Years, Bachelor of Technology)",OS,SC,Gender-Neutral,3207,3788
National Institute of Technology Durgapur,"Electrical Engineering (4 Years, Bachelor of Technology)",OS,SC,Female-only (including Supernumerary),5518,5717
National Institute of Technology Durgapur,"Electrical Engineering (4 Years, Bachelor of Technology)",OS,ST,Gender-Neutral,1093,1139
National Institute of Technology Durgapur,"Electrical Engineering (4 Years, Bachelor of Technology)",OS,ST,Female-only (including Supernumerary),2100,2100
National Institute of Technology Durgapur,"Electronics and Communication Engineering (4 Years, Bachelor of Technology)",HS,OPEN,Gender-Neutral,12069,17932
National Institute of Technology Durgapur,"Electronics and Communication Engineering (4 Years, Bachelor of Technology)",HS,OPEN,Female-only (including Supernumerary),22279,23007
National Institute of Technology Durgapur,"Electronics and Communication Engineering (4 Years, Bachelor of Technology)",HS,OPEN (PwD),Gender-Neutral,414,414
National Institute of Technology Durgapur,"Electronics and Communication Engineering (4 Years, Bachelor of Technology)",HS,EWS,Gender-Neutral,5951,6124
National Institute of Technology Durgapur,"Electronics and Communication Engineering (4 Years, Bachelor of Technology)",HS,EWS,Female-only (including Supernumerary),9393,9393
National Institute of Technology Durgapur,"Electronics and Communication Engineering (4 Years, Bachelor of Technology)",HS,OBC-NCL,Gender-Neutral,7273,12936
National Institute of Technology Durgapur,"Electronics and Communication Engineering (4 Years, Bachelor of Technology)",HS,OBC-NCL,Female-only (including Supernumerary),15608,18159
National Institute of Technology Durgapur,"Electronics and Communication Engineering (4 Years, Bachelor of Technology)",HS,OBC-NCL (PwD),Gender-Neutral,177,177
National Institute of Technology Durgapur,"Electronics and Communication Engineering (4 Years, Bachelor of Technology)",HS,SC,Gender-Neutral,1739,2901
National Institute of Technology Durgapur,"Electronics and Communication Engineering (4 Years, Bachelor of Technology)",HS,SC,Female-only (including Supernumerary),2615,2615
National Institute of Technology Durgapur,"Electronics and Communication Engineering (4 Years, Bachelor of Technology)",HS,ST,Gender-Neutral,1478,3002
National Institute of Technology Durgapur,"Electronics and Communication Engineering (4 Years, Bachelor of Technology)",HS,ST,Female-only (including Supernumerary),4938,4938
National Institute of Technology Durgapur,"Electronics and Communication Engineering (4 Years, Bachelor of Technology)",OS,OPEN,Gender-Neutral,9270,12278
National Institute of Technology Durgapur,"Electronics and Communication Engineering (4 Years, Bachelor of Technology)",OS,OPEN,Female-only (including Supernumerary),14583,17085
National Institute of Technology Durgapur,"Electronics and Communication Engineering (4 Years, Bachelor of Technology)",OS,OPEN (PwD),Gender-Neutral,593,593
National Institute of Technology Durgapur,"Electronics and Communication Engineering (4 Years, Bachelor of Technology)",OS,EWS,Gender-Neutral,1854,1984
National Institute of Technology Durgapur,"Electronics and Communication Engineering (4 Years, Bachelor of Technology)",OS,EWS,Female-only (including Supernumerary),3164,3164
National Institute of Technology Durgapur,"Electronics and Communication Engineering (4 Years, Bachelor of Technology)",OS,OBC-NCL,Gender-Neutral,3555,4356
National Institute of Technology Durgapur,"Electronics and Communication Engineering (4 Years, Bachelor of Technology)",OS,OBC-NCL,Female-only (including Supernumerary),7282,7588
National Institute of Technology Durgapur,"Electronics and Communication Engineering (4 Years, Bachelor of Technology)",OS,SC,Gender-Neutral,2052,2722
National Institute of Technology Durgapur,"Electronics and Communication Engineering (4 Years, Bachelor of Technology)",OS,SC,Female-only (including Supernumerary),4032,4059
National Institute of Technology Durgapur,"Electronics and Communication Engineering (4 Years, Bachelor of Technology)",OS,ST,Gender-Neutral,603,757
National Institute of Technology Durgapur,"Electronics and Communication Engineering (4 Years, Bachelor of Technology)",OS,ST,Female-only (including Supernumerary),1885,1885
National Institute of Technology Durgapur,"Mechanical Engineering (4 Years, Bachelor of Technology)",HS,OPEN,Gender-Neutral,22835,32058
National Institute of Technology Durgapur,"Mechanical Engineering (4 Years, Bachelor of Technology)",HS,OPEN,Female-only (including Supernumerary),36478,46350
National Institute of Technology Durgapur,"Mechanical Engineering (4 Years, Bachelor of Technology)",HS,OPEN (PwD),Gender-Neutral,775,775
National Institute of Technology Durgapur,"Mechanical Engineering (4 Years, Bachelor of Technology)",HS,EWS,Gender-Neutral,6923,10116
National Institute of Technology Durgapur,"Mechanical Engineering (4 Years, Bachelor of Technology)",HS,EWS,Female-only (including Supernumerary),15078,16616
National Institute of Technology Durgapur,"Mechanical Engineering (4 Years, Bachelor of Technology)",HS,OBC-NCL,Gender-Neutral,13392,23991
National Institute of Technology Durgapur,"Mechanical Engineering (4 Years, Bachelor of Technology)",HS,OBC-NCL,Female-only (including Supernumerary),29317,38269
National Institute of Technology Durgapur,"Mechanical Engineering (4 Years, Bachelor of Technology)",HS,OBC-NCL (PwD),Gender-Neutral,1635,1635
National Institute of Technology Durgapur,"Mechanical Engineering (4 Years, Bachelor of Technology)",HS,SC,Gender-Neutral,3057,5633
National Institute of Technology Durgapur,"Mechanical Engineering (4 Years, Bachelor of Technology)",HS,SC,Female-only (including Supernumerary),6668,8236
National Institute of Technology Durgapur,"Mechanical Engineering (4 Years, Bachelor of Technology)",HS,ST,Gender-Neutral,4083,6067
National Institute of Technology Durgapur,"Mechanical Engineering (4 Years, Bachelor of Technology)",HS,ST,Female-only (including Supernumerary),7859,12899
National Institute of Technology Durgapur,"Mechanical Engineering (4 Years, Bachelor of Technology)",OS,OPEN,Gender-Neutral,13390,26921
National Institute of Technology Durgapur,"Mechanical Engineering (4 Years, Bachelor of Technology)",OS,OPEN,Female-only (including Supernumerary),32026,34829
National Institute of Technology Durgapur,"Mechanical Engineering (4 Years, Bachelor of Technology)",OS,OPEN (PwD),Gender-Neutral,1584,1584
National Institute of Technology Durgapur,"Mechanical Engineering (4 Years, Bachelor of Technology)",OS,EWS,Gender-Neutral,4264,4584
National Institute of Technology Durgapur,"Mechanical Engineering (4 Years, Bachelor of Technology)",OS,EWS,Female-only (including Supernumerary),6113,6290
National Institute of Technology Durgapur,"Mechanical Engineering (4 Years, Bachelor of Technology)",OS,OBC-NCL,Gender-Neutral,7689,9602
National Institute of Technology Durgapur,"Mechanical Engineering (4 Years, Bachelor of Technology)",OS,OBC-NCL,Female-only (including Supernumerary),14257,16514
National Institute of Technology Durgapur,"Mechanical Engineering (4 Years, Bachelor of Technology)",OS,OBC-NCL (PwD),Gender-Neutral,952,952
National Institute of Technology Durgapur,"Mechanical Engineering (4 Years, Bachelor of Technology)",OS,SC,Gender-Neutral,4568,5342
National Institute of Technology Durgapur,"Mechanical Engineering (4 Years, Bachelor of Technology)",OS,SC,Female-only (including Supernumerary),7434,8350
National Institute of Technology Durgapur,"Mechanical Engineering (4 Years, Bachelor of Technology)",OS,ST,Gender-Neutral,1242,1915
National Institute of Technology Durgapur,"Mechanical Engineering (4 Years, Bachelor of Technology)",OS,ST,Female-only (including Supernumerary),3161,3291
National Institute of Technology Durgapur,"Metallurgical and Materials Engineering (4 Years, Bachelor of Technology)",HS,OPEN,Gender-Neutral,38379,46436
National Institute of Technology Durgapur,"Metallurgical and Materials Engineering (4 Years, Bachelor of Technology)",HS,OPEN,Female-only (including Supernumerary),49336,51939
National Institute of Technology Durgapur,"Metallurgical and Materials Engineering (4 Years, Bachelor of Technology)",HS,OPEN (PwD),Gender-Neutral,1701,1701
National Institute of Technology Durgapur,"Metallurgical and Materials Engineering (4 Years, Bachelor of Technology)",HS,EWS,Gender-Neutral,10527,14902
National Institute of Technology Durgapur,"Metallurgical and Materials Engineering (4 Years, Bachelor of Technology)",HS,EWS,Female-only (including Supernumerary),26789,26789
National Institute of Technology Durgapur,"Metallurgical and Materials Engineering (4 Years, Bachelor of Technology)",HS,OBC-NCL,Gender-Neutral,26579,34536
National Institute of Technology Durgapur,"Metallurgical and Materials Engineering (4 Years, Bachelor of Technology)",HS,OBC-NCL,Female-only (including Supernumerary),30120,30120
National Institute of Technology Durgapur,"Metallurgical and Materials Engineering (4 Years, Bachelor of Technology)",HS,SC,Gender-Neutral,6380,8419
National Institute of Technology Durgapur,"Metallurgical and Materials Engineering (4 Years, Bachelor of Technology)",HS,SC,Female-only (including Supernumerary),9734,9734
National Institute of Technology Durgapur,"Metallurgical and Materials Engineering (4 Years, Bachelor of Technology)",HS,ST,Gender-Neutral,9580,9580
National Institute of Technology Durgapur,"Metallurgical and Materials Engineering (4 Years, Bachelor of Technology)",HS,ST,Female-only (including Supernumerary),15725,15725
National Institute of Technology Durgapur,"Metallurgical and Materials Engineering (4 Years, Bachelor of Technology)",OS,OPEN,Gender-Neutral,31491,42932
National Institute of Technology Durgapur,"Metallurgical and Materials Engineering (4 Years, Bachelor of Technology)",OS,OPEN,Female-only (including Supernumerary),51410,52689
National Institute of Technology Durgapur,"Metallurgical and Materials Engineering (4 Years, Bachelor of Technology)",OS,OPEN (PwD),Gender-Neutral,2586,2586
National Institute of Technology Durgapur,"Metallurgical and Materials Engineering (4 Years, Bachelor of Technology)",OS,EWS,Gender-Neutral,7098,7166
National Institute of Technology Durgapur,"Metallurgical and Materials Engineering (4 Years, Bachelor of Technology)",OS,EWS,Female-only (including Supernumerary),8991,8991
National Institute of Technology Durgapur,"Metallurgical and Materials Engineering (4 Years, Bachelor of Technology)",OS,OBC-NCL,Gender-Neutral,12908,14907
National Institute of Technology Durgapur,"Metallurgical and Materials Engineering (4 Years, Bachelor of Technology)",OS,OBC-NCL,Female-only (including Supernumerary),18981,18981
National Institute of Technology Durgapur,"Metallurgical and Materials Engineering (4 Years, Bachelor of Technology)",OS,OBC-NCL (PwD),Gender-Neutral,1364,1364
National Institute of Technology Durgapur,"Metallurgical and Materials Engineering (4 Years, Bachelor of Technology)",OS,SC,Gender-Neutral,7072,7790
National Institute of Technology Durgapur,"Metallurgical and Materials Engineering (4 Years, Bachelor of Technology)",OS,SC,Female-only (including Supernumerary),7234,7234
National Institute of Technology Durgapur,"Metallurgical and Materials Engineering (4 Years, Bachelor of Technology)",OS,ST,Gender-Neutral,2660,2844
National Institute of Technology Durgapur,"Metallurgical and Materials Engineering (4 Years, Bachelor of Technology)",OS,ST,Female-only (including Supernumerary),4353,4353
National Institute of Technology Goa,"Civil Engineering (4 Years, Bachelor of Technology)",GO,OPEN,Gender-Neutral,50452,77723
National Institute of Technology Goa,"Civil Engineering (4 Years, Bachelor of Technology)",GO,OPEN,Female-only (including Supernumerary),104222,104222
National Institute of Technology Goa,"Civil Engineering (4 Years, Bachelor of Technology)",GO,OBC-NCL,Gender-Neutral,105446,119242
National Institute of Technology Goa,"Civil Engineering (4 Years, Bachelor of Technology)",GO,OBC-NCL,Female-only (including Supernumerary),221362,221362
National Institute of Technology Goa,"Civil Engineering (4 Years, Bachelor of Technology)",GO,SC,Gender-Neutral,10577,55000
National Institute of Technology Goa,"Civil Engineering (4 Years, Bachelor of Technology)",GO,ST,Gender-Neutral,13278,13278
National Institute of Technology Goa,"Civil Engineering (4 Years, Bachelor of Technology)",HS,OPEN,Gender-Neutral,89452,89452
National Institute of Technology Goa,"Civil Engineering (4 Years, Bachelor of Technology)",HS,OPEN,Female-only (including Supernumerary),674299,674299
National Institute of Technology Goa,"Civil Engineering (4 Years, Bachelor of Technology)",HS,OBC-NCL,Gender-Neutral,39186,39186
National Institute of Technology Goa,"Civil Engineering (4 Years, Bachelor of Technology)",HS,SC,Gender-Neutral,50206,50206
National Institute of Technology Goa,"Civil Engineering (4 Years, Bachelor of Technology)",OS,OPEN,Gender-Neutral,31179,41929
National Institute of Technology Goa,"Civil Engineering (4 Years, Bachelor of Technology)",OS,OPEN,Female-only (including Supernumerary),46045,48672
National Institute of Technology Goa,"Civil Engineering (4 Years, Bachelor of Technology)",OS,EWS,Gender-Neutral,6933,7142
National Institute of Technology Goa,"Civil Engineering (4 Years, Bachelor of Technology)",OS,OBC-NCL,Gender-Neutral,12995,13744
National Institute of Technology Goa,"Civil Engineering (4 Years, Bachelor of Technology)",OS,OBC-NCL,Female-only (including Supernumerary),16071,16071
National Institute of Technology Goa,"Civil Engineering (4 Years, Bachelor of Technology)",OS,SC,Gender-Neutral,3758,3758
National Institute of Technology Goa,"Civil Engineering (4 Years, Bachelor of Technology)",OS,SC,Female-only (including Supernumerary),8058,8058
National Institute of Technology Goa,"Civil Engineering (4 Years, Bachelor of Technology)",OS,ST,Gender-Neutral,2138,2138
National Institute of Technology Goa,"Computer Science and Engineering (4 Years, Bachelor of Technology)",GO,OPEN,Gender-Neutral,7705,27417
National Institute of Technology Goa,"Computer Science and Engineering (4 Years, Bachelor of Technology)",GO,OPEN,Female-only (including Supernumerary),37084,38936
National Institute of Technology Goa,"Computer Science and Engineering (4 Years, Bachelor of Technology)",GO,EWS,Gender-Neutral,4481,4481
National Institute of Technology Goa,"Computer Science and Engineering (4 Years, Bachelor of Technology)",GO,OBC-NCL,Gender-Neutral,12370,22662
National Institute of Technology Goa,"Computer Science and Engineering (4 Years, Bachelor of Technology)",GO,OBC-NCL,Female-only (including Supernumerary),24550,24550
National Institute of Technology Goa,"Computer Science and Engineering (4 Years, Bachelor of Technology)",GO,SC,Gender-Neutral,4853,9679
National Institute of Technology Goa,"Computer Science and Engineering (4 Years, Bachelor of Technology)",GO,SC,Female-only (including Supernumerary),2738,2738
National Institute of Technology Goa,"Computer Science and Engineering (4 Years, Bachelor of Technology)",GO,ST,Gender-Neutral,2941,4273
National Institute of Technology Goa,"Computer Science and Engineering (4 Years, Bachelor of Technology)",HS,OPEN,Gender-Neutral,22250,34858
National Institute of Technology Goa,"Computer Science and Engineering (4 Years, Bachelor of Technology)",HS,EWS,Gender-Neutral,8961,8961
National Institute of Technology Goa,"Computer Science and Engineering (4 Years, Bachelor of Technology)",HS,OBC-NCL,Gender-Neutral,23454,23454
National Institute of Technology Goa,"Computer Science and Engineering (4 Years, Bachelor of Technology)",OS,OPEN,Gender-Neutral,7914,11384
National Institute of Technology Goa,"Computer Science and Engineering (4 Years, Bachelor of Technology)",OS,OPEN,Female-only (including Supernumerary),13339,13339
National Institute of Technology Goa,"Computer Science and Engineering (4 Years, Bachelor of Technology)",OS,OPEN (PwD),Female-only (including Supernumerary),420,420
National Institute of Technology Goa,"Computer Science and Engineering (4 Years, Bachelor of Technology)",OS,EWS,Gender-Neutral,1691,1845
National Institute of Technology Goa,"Computer Science and Engineering (4 Years, Bachelor of Technology)",OS,EWS,Female-only (including Supernumerary),3143,3143
National Institute of Technology Goa,"Computer Science and Engineering (4 Years, Bachelor of Technology)",OS,OBC-NCL,Gender-Neutral,3783,4746
National Institute of Technology Goa,"Computer Science and Engineering (4 Years, Bachelor of Technology)",OS,OBC-NCL,Female-only (including Supernumerary),5554,5554
National Institute of Technology Goa,"Computer Science and Engineering (4 Years, Bachelor of Technology)",OS,SC,Gender-Neutral,1830,2445
National Institute of Technology Goa,"Computer Science and Engineering (4 Years, Bachelor of Technology)",OS,SC,Female-only (including Supernumerary),3243,3243
National Institute of Technology Goa,"Computer Science and Engineering (4 Years, Bachelor of Technology)",OS,ST,Gender-Neutral,626,626
National Institute of Technology Goa,"Electrical and Electronics Engineering (4 Years, Bachelor of Technology)",GO,OPEN,Gender-Neutral,38525,58308
National Institute of Technology Goa,"Electrical and Electronics Engineering (4 Years, Bachelor of Technology)",GO,OPEN,Female-only (including Supernumerary),99933,99933
National Institute of Technology Goa,"Electrical and Electronics Engineering (4 Years, Bachelor of Technology)",GO,EWS,Gender-Neutral,25843,25843
National Institute of Technology Goa,"Electrical and Electronics Engineering (4 Years, Bachelor of Technology)",GO,OBC-NCL,Gender-Neutral,26608,65730
National Institute of Technology Goa,"Electrical and Electronics Engineering (4 Years, Bachelor of Technology)",GO,OBC-NCL,Female-only (including Supernumerary),63399,63399
National Institute of Technology Goa,"Electrical and Electronics Engineering (4 Years, Bachelor of Technology)",GO,SC,Gender-Neutral,18622,34483
National Institute of Technology Goa,"Electrical and Electronics Engineering (4 Years, Bachelor of Technology)",GO,SC,Female-only (including Supernumerary),42641,42641
National Institute of Technology Goa,"Electrical and Electronics Engineering (4 Years, Bachelor of Technology)",GO,ST,Gender-Neutral,9418,9418
National Institute of Technology Goa,"Electrical and Electronics Engineering (4 Years, Bachelor of Technology)",HS,OPEN,Gender-Neutral,46614,46614
National Institute of Technology Goa,"Electrical and Electronics Engineering (4 Years, Bachelor of Technology)",HS,OPEN,Female-only (including Supernumerary),67170,67170
National Institute of Technology Goa,"Electrical and Electronics Engineering (4 Years, Bachelor of Technology)",HS,EWS,Gender-Neutral,23815,23815
National Institute of Technology Goa,"Electrical and Electronics Engineering (4 Years, Bachelor of Technology)",HS,OBC-NCL,Gender-Neutral,31653,31653
National Institute of Technology Goa,"Electrical and Electronics Engineering (4 Years, Bachelor of Technology)",HS,ST,Gender-Neutral,3139,3139
National Institute of Technology Goa,"Electrical and Electronics Engineering (4 Years, Bachelor of Technology)",OS,OPEN,Gender-Neutral,17714,21466
National Institute of Technology Goa,"Electrical and Electronics Engineering (4 Years, Bachelor of Technology)",OS,OPEN,Female-only (including Supernumerary),26478,26968
National Institute of Technology Goa,"Electrical and Electronics Engineering (4 Years, Bachelor of Technology)",OS,EWS,Gender-Neutral,3388,3465
National Institute of Technology Goa,"Electrical and Electronics Engineering (4 Years, Bachelor of Technology)",OS,OBC-NCL,Gender-Neutral,6794,7888
National Institute of Technology Goa,"Electrical and Electronics Engineering (4 Years, Bachelor of Technology)",OS,OBC-NCL,Female-only (including Supernumerary),11162,14718
National Institute of Technology Goa,"Electrical and Electronics Engineering (4 Years, Bachelor of Technology)",OS,OBC-NCL (PwD),Gender-Neutral,766,766
National Institute of Technology Goa,"Electrical and Electronics Engineering (4 Years, Bachelor of Technology)",OS,SC,Gender-Neutral,4164,4601
National Institute of Technology Goa,"Electrical and Electronics Engineering (4 Years, Bachelor of Technology)",OS,SC,Female-only (including Supernumerary),6334,6334
National Institute of Technology Goa,"Electrical and Electronics Engineering (4 Years, Bachelor of Technology)",OS,ST (PwD),Gender-Neutral,83,83
National Institute of Technology Goa,"Electronics and Communication Engineering (4 Years, Bachelor of Technology)",GO,OPEN,Gender-Neutral,22186,37814
National Institute of Technology Goa,"Electronics and Communication Engineering (4 Years, Bachelor of Technology)",GO,OPEN,Female-only (including Supernumerary),47556,77244
National Institute of Technology Goa,"Electronics and Communication Engineering (4 Years, Bachelor of Technology)",GO,EWS,Gender-Neutral,21983,24335
National Institute of Technology Goa,"Electronics and Communication Engineering (4 Years, Bachelor of Technology)",GO,OBC-NCL,Gender-Neutral,30818,54193
National Institute of Technology Goa,"Electronics and Communication Engineering (4 Years, Bachelor of Technology)",GO,SC,Gender-Neutral,12472,16039
National Institute of Technology Goa,"Electronics and Communication Engineering (4 Years, Bachelor of Technology)",GO,SC,Female-only (including Supernumerary),32521,32521
National Institute of Technology Goa,"Electronics and Communication Engineering (4 Years, Bachelor of Technology)",GO,ST,Gender-Neutral,5463,5463
National Institute of Technology Goa,"Electronics and Communication Engineering (4 Years, Bachelor of Technology)",HS,OPEN,Gender-Neutral,35548,41968
National Institute of Technology Goa,"Electronics and Communication Engineering (4 Years, Bachelor of Technology)",HS,OBC-NCL,Gender-Neutral,34941,34941
National Institute of Technology Goa,"Electronics and Communication Engineering (4 Years, Bachelor of Technology)",HS,SC,Gender-Neutral,14472,14472
National Institute of Technology Goa,"Electronics and Communication Engineering (4 Years, Bachelor of Technology)",OS,OPEN,Gender-Neutral,13214,16704
National Institute of Technology Goa,"Electronics and Communication Engineering (4 Years, Bachelor of Technology)",OS,OPEN,Female-only (including Supernumerary),23191,24488
National Institute of Technology Goa,"Electronics and Communication Engineering (4 Years, Bachelor of Technology)",OS,OPEN (PwD),Gender-Neutral,747,747
National Institute of Technology Goa,"Electronics and Communication Engineering (4 Years, Bachelor of Technology)",OS,EWS,Gender-Neutral,2654,2708
National Institute of Technology Goa,"Electronics and Communication Engineering (4 Years, Bachelor of Technology)",OS,OBC-NCL,Gender-Neutral,6094,6777
National Institute of Technology Goa,"Electronics and Communication Engineering (4 Years, Bachelor of Technology)",OS,OBC-NCL,Female-only (including Supernumerary),10317,10317
National Institute of Technology Goa,"Electronics and Communication Engineering (4 Years, Bachelor of Technology)",OS,SC,Gender-Neutral,3332,4114
National Institute of Technology Goa,"Electronics and Communication Engineering (4 Years, Bachelor of Technology)",OS,SC,Female-only (including Supernumerary),5823,5823
National Institute of Technology Goa,"Electronics and Communication Engineering (4 Years, Bachelor of Technology)",OS,ST,Gender-Neutral,1085,1474
National Institute of Technology Goa,"Electronics and Communication Engineering (4 Years, Bachelor of Technology)",OS,ST,Female-only (including Supernumerary),2121,2121
National Institute of Technology Goa,"Mechanical Engineering (4 Years, Bachelor of Technology)",GO,OPEN,Gender-Neutral,36144,64325
National Institute of Technology Goa,"Mechanical Engineering (4 Years, Bachelor of Technology)",GO,OPEN,Female-only (including Supernumerary),75251,75251
National Institute of Technology Goa,"Mechanical Engineering (4 Years, Bachelor of Technology)",GO,EWS,Gender-Neutral,40543,40543
National Institute of Technology Goa,"Mechanical Engineering (4 Years, Bachelor of Technology)",GO,OBC-NCL,Gender-Neutral,70874,88700
National Institute of Technology Goa,"Mechanical Engineering (4 Years, Bachelor of Technology)",GO,OBC-NCL,Female-only (including Supernumerary),104473,104473
National Institute of Technology Goa,"Mechanical Engineering (4 Years, Bachelor of Technology)",GO,SC,Gender-Neutral,36358,36358
National Institute of Technology Goa,"Mechanical Engineering (4 Years, Bachelor of Technology)",GO,ST,Gender-Neutral,4625,4625
National Institute of Technology Goa,"Mechanical Engineering (4 Years, Bachelor of Technology)",HS,OPEN,Gender-Neutral,47110,47110
National Institute of Technology Goa,"Mechanical Engineering (4 Years, Bachelor of Technology)",HS,OBC-NCL,Female-only (including Supernumerary),95332,95332
National Institute of Technology Goa,"Mechanical Engineering (4 Years, Bachelor of Technology)",HS,SC,Gender-Neutral,22654,22654
National Institute of Technology Goa,"Mechanical Engineering (4 Years, Bachelor of Technology)",OS,OPEN,Gender-Neutral,25307,28004
National Institute of Technology Goa,"Mechanical Engineering (4 Years, Bachelor of Technology)",OS,OPEN,Female-only (including Supernumerary),40727,40727
National Institute of Technology Goa,"Mechanical Engineering (4 Years, Bachelor of Technology)",OS,EWS,Female-only (including Supernumerary),7750,7750
National Institute of Technology Goa,"Mechanical Engineering (4 Years, Bachelor of Technology)",OS,EWS (PwD),Gender-Neutral,440,440
National Institute of Technology Goa,"Mechanical Engineering (4 Years, Bachelor of Technology)",OS,OBC-NCL,Gender-Neutral,9306,10772
National Institute of Technology Goa,"Mechanical Engineering (4 Years, Bachelor of Technology)",OS,OBC-NCL,Female-only (including Supernumerary),18160,18160
National Institute of Technology Goa,"Mechanical Engineering (4 Years, Bachelor of Technology)",OS,SC,Gender-Neutral,5009,6034
National Institute of Technology Goa,"Mechanical Engineering (4 Years, Bachelor of Technology)",OS,ST,Gender-Neutral,2319,2319
National Institute of Technology Goa,"Mechanical Engineering (4 Years, Bachelor of Technology)",OS,ST,Female-only (including Supernumerary),3189,3189
National Institute of Technology Hamirpur,"Architecture (5 Years, Bachelor of Architecture)",HS,OPEN,Gender-Neutral,1781,5973
National Institute of Technology Hamirpur,"Architecture (5 Years, Bachelor of Architecture)",HS,OPEN,Female-only (including Supernumerary),1860,3126
National Institute of Technology Hamirpur,"Architecture (5 Years, Bachelor of Architecture)",HS,EWS,Gender-Neutral,2971,2971
National Institute of Technology Hamirpur,"Architecture (5 Years, Bachelor of Architecture)",HS,OBC-NCL,Gender-Neutral,2863,12832
National Institute of Technology Hamirpur,"Architecture (5 Years, Bachelor of Architecture)",HS,OBC-NCL,Female-only (including Supernumerary),4222,4222
National Institute of Technology Hamirpur,"Architecture (5 Years, Bachelor of Architecture)",HS,SC,Gender-Neutral,526,657
National Institute of Technology Hamirpur,"Architecture (5 Years, Bachelor of Architecture)",HS,SC,Female-only (including Supernumerary),1933,1933
National Institute of Technology Hamirpur,"Architecture (5 Years, Bachelor of Architecture)",HS,ST,Gender-Neutral,264,264
National Institute of Technology Hamirpur,"Architecture (5 Years, Bachelor of Architecture)",HS,ST,Female-only (including Supernumerary),414,414
National Institute of Technology Hamirpur,"Architecture (5 Years, Bachelor of Architecture)",OS,OPEN,Gender-Neutral,898,1532
National Institute of Technology Hamirpur,"Architecture (5 Years, Bachelor of Architecture)",OS,OPEN,Female-only (including Supernumerary),1096,1268
National Institute of Technology Hamirpur,"Architecture (5 Years, Bachelor of Architecture)",OS,EWS,Gender-Neutral,637,701
National Institute of Technology Hamirpur,"Architecture (5 Years, Bachelor of Architecture)",OS,EWS,Female-only (including Supernumerary),478,478
National Institute of Technology Hamirpur,"Architecture (5 Years, Bachelor of Architecture)",OS,OBC-NCL,Gender-Neutral,562,964
National Institute of Technology Hamirpur,"Architecture (5 Years, Bachelor of Architecture)",OS,OBC-NCL,Female-only (including Supernumerary),891,933
National Institute of Technology Hamirpur,"Architecture (5 Years, Bachelor of Architecture)",OS,SC,Gender-Neutral,212,286
National Institute of Technology Hamirpur,"Architecture (5 Years, Bachelor of Architecture)",OS,SC,Female-only (including Supernumerary),167,167
National Institute of Technology Hamirpur,"Architecture (5 Years, Bachelor of Architecture)",OS,ST,Gender-Neutral,120,161
National Institute of Technology Hamirpur,"Chemical Engineering (4 Years, Bachelor of Technology)",HS,OPEN,Gender-Neutral,71215,105917
National Institute of Technology Hamirpur,"Chemical Engineering (4 Years, Bachelor of Technology)",HS,OPEN,Female-only (including Supernumerary),70239,100330
National Institute of Technology Hamirpur,"Chemical Engineering (4 Years, Bachelor of Technology)",HS,EWS,Gender-Neutral,17800,22831
National Institute of Technology Hamirpur,"Chemical Engineering (4 Years, Bachelor of Technology)",HS,EWS,Female-only (including Supernumerary),21652,21652
National Institute of Technology Hamirpur,"Chemical Engineering (4 Years, Bachelor of Technology)",HS,OBC-NCL,Gender-Neutral,96220,132649
National Institute of Technology Hamirpur,"Chemical Engineering (4 Years, Bachelor of Technology)",HS,OBC-NCL,Female-only (including Supernumerary),78812,98660
National Institute of Technology Hamirpur,"Chemical Engineering (4 Years, Bachelor of Technology)",HS,SC,Gender-Neutral,6583,11880
National Institute of Technology Hamirpur,"Chemical Engineering (4 Years, Bachelor of Technology)",HS,SC,Female-only (including Supernumerary),13144,13144
National Institute of Technology Hamirpur,"Chemical Engineering (4 Years, Bachelor of Technology)",HS,ST,Gender-Neutral,4918,5033
National Institute of Technology Hamirpur,"Chemical Engineering (4 Years, Bachelor of Technology)",OS,OPEN,Gender-Neutral,25381,36965
National Institute of Technology Hamirpur,"Chemical Engineering (4 Years, Bachelor of Technology)",OS,OPEN,Female-only (including Supernumerary),37417,43415
National Institute of Technology Hamirpur,"Chemical Engineering (4 Years, Bachelor of Technology)",OS,EWS,Gender-Neutral,5980,6252
National Institute of Technology Hamirpur,"Chemical Engineering (4 Years, Bachelor of Technology)",OS,EWS,Female-only (including Supernumerary),7214,7214
National Institute of Technology Hamirpur,"Chemical Engineering (4 Years, Bachelor of Technology)",OS,OBC-NCL,Gender-Neutral,11504,12522
National Institute of Technology Hamirpur,"Chemical Engineering (4 Years, Bachelor of Technology)",OS,OBC-NCL,Female-only (including Supernumerary),19659,19837
National Institute of Technology Hamirpur,"Chemical Engineering (4 Years, Bachelor of Technology)",OS,OBC-NCL (PwD),Gender-Neutral,1796,1796
National Institute of Technology Hamirpur,"Chemical Engineering (4 Years, Bachelor of Technology)",OS,SC,Gender-Neutral,5392,6695
National Institute of Technology Hamirpur,"Chemical Engineering (4 Years, Bachelor of Technology)",OS,SC,Female-only (including Supernumerary),7505,7505
National Institute of Technology Hamirpur,"Chemical Engineering (4 Years, Bachelor of Technology)",OS,ST,Gender-Neutral,2369,2886
National Institute of Technology Hamirpur,"Chemical Engineering (4 Years, Bachelor of Technology)",OS,ST,Female-only (including Supernumerary),4031,4031
National Institute of Technology Hamirpur,"Civil Engineering (4 Years, Bachelor of Technology)",HS,OPEN,Gender-Neutral,37495,106721
National Institute of Technology Hamirpur,"Civil Engineering (4 Years, Bachelor of Technology)",HS,OPEN,Female-only (including Supernumerary),81065,106671
National Institute of Technology Hamirpur,"Civil Engineering (4 Years, Bachelor of Technology)",HS,EWS,Gender-Neutral,20356,23418
National Institute of Technology Hamirpur,"Civil Engineering (4 Years, Bachelor of Technology)",HS,EWS,Female-only (including Supernumerary),23266,23266
National Institute of Technology Hamirpur,"Civil Engineering (4 Years, Bachelor of Technology)",HS,OBC-NCL,Gender-Neutral,36141,102398
National Institute of Technology Hamirpur,"Civil Engineering (4 Years, Bachelor of Technology)",HS,OBC-NCL,Female-only (including Supernumerary),108289,132760
National Institute of Technology Hamirpur,"Civil Engineering (4 Years, Bachelor of Technology)",HS,SC,Gender-Neutral,8681,11140
National Institute of Technology Hamirpur,"Civil Engineering (4 Years, Bachelor of Technology)",HS,SC,Female-only (including Supernumerary),6852,12843
National Institute of Technology Hamirpur,"Civil Engineering (4 Years, Bachelor of Technology)",HS,ST,Gender-Neutral,2421,4169
National Institute of Technology Hamirpur,"Civil Engineering (4 Years, Bachelor of Technology)",HS,ST,Female-only (including Supernumerary),3891,3891
National Institute of Technology Hamirpur,"Civil Engineering (4 Years, Bachelor of Technology)",OS,OPEN,Gender-Neutral,37193,44170
National Institute of Technology Hamirpur,"Civil Engineering (4 Years, Bachelor of Technology)",OS,OPEN,Female-only (including Supernumerary),43392,52174
National Institute of Technology Hamirpur,"Civil Engineering (4 Years, Bachelor of Technology)",OS,OPEN (PwD),Gender-Neutral,3228,3228
National Institute of Technology Hamirpur,"Civil Engineering (4 Years, Bachelor of Technology)",OS,EWS,Gender-Neutral,7255,7278
National Institute of Technology Hamirpur,"Civil Engineering (4 Years, Bachelor of Technology)",OS,EWS,Female-only (including Supernumerary),8760,8760
National Institute of Technology Hamirpur,"Civil Engineering (4 Years, Bachelor of Technology)",OS,OBC-NCL,Gender-Neutral,13108,15114
National Institute of Technology Hamirpur,"Civil Engineering (4 Years, Bachelor of Technology)",OS,OBC-NCL,Female-only (including Supernumerary),20228,20790
National Institute of Technology Hamirpur,"Civil Engineering (4 Years, Bachelor of Technology)",OS,SC,Gender-Neutral,4461,7306
National Institute of Technology Hamirpur,"Civil Engineering (4 Years, Bachelor of Technology)",OS,SC,Female-only (including Supernumerary),7205,8067
National Institute of Technology Hamirpur,"Civil Engineering (4 Years, Bachelor of Technology)",OS,ST,Gender-Neutral,1715,1911
National Institute of Technology Hamirpur,"Civil Engineering (4 Years, Bachelor of Technology)",OS,ST,Female-only (including Supernumerary),3152,3152
National Institute of Technology Hamirpur,"Computer Science and Engineering (4 Years, Bachelor of Technology)",HS,OPEN,Gender-Neutral,12871,28278
National Institute of Technology Hamirpur,"Computer Science and Engineering (4 Years, Bachelor of Technology)",HS,OPEN,Female-only (including Supernumerary),21216,34884
National Institute of Technology Hamirpur,"Computer Science and Engineering (4 Years, Bachelor of Technology)",HS,OPEN (PwD),Gender-Neutral,2685,2685
National Institute of Technology Hamirpur,"Computer Science and Engineering (4 Years, Bachelor of Technology)",HS,EWS,Gender-Neutral,5073,9221
National Institute of Technology Hamirpur,"Computer Science and Engineering (4 Years, Bachelor of Technology)",HS,EWS,Female-only (including Supernumerary),11326,11326
National Institute of Technology Hamirpur,"Computer Science and Engineering (4 Years, Bachelor of Technology)",HS,OBC-NCL,Gender-Neutral,7944,21983
National Institute of Technology Hamirpur,"Computer Science and Engineering (4 Years, Bachelor of Technology)",HS,OBC-NCL,Female-only (including Supernumerary),11888,23531
National Institute of Technology Hamirpur,"Computer Science and Engineering (4 Years, Bachelor of Technology)",HS,SC,Gender-Neutral,2246,3299
National Institute of Technology Hamirpur,"Computer Science and Engineering (4 Years, Bachelor of Technology)",HS,SC,Female-only (including Supernumerary),2358,2778
National Institute of Technology Hamirpur,"Computer Science and Engineering (4 Years, Bachelor of Technology)",HS,ST,Gender-Neutral,768,998
National Institute of Technology Hamirpur,"Computer Science and Engineering (4 Years, Bachelor of Technology)",HS,ST,Female-only (including Supernumerary),2158,2158
National Institute of Technology Hamirpur,"Computer Science and Engineering (4 Years, Bachelor of Technology)",HS,ST (PwD),Gender-Neutral,94,94
National Institute of Technology Hamirpur,"Computer Science and Engineering (4 Years, Bachelor of Technology)",OS,OPEN,Gender-Neutral,7929,11396
National Institute of Technology Hamirpur,"Computer Science and Engineering (4 Years, Bachelor of Technology)",OS,OPEN,Female-only (including Supernumerary),15238,18985
National Institute of Technology Hamirpur,"Computer Science and Engineering (4 Years, Bachelor of Technology)",OS,OPEN (PwD),Gender-Neutral,456,456
National Institute of Technology Hamirpur,"Computer Science and Engineering (4 Years, Bachelor of Technology)",OS,EWS,Gender-Neutral,1700,1908
National Institute of Technology Hamirpur,"Computer Science and Engineering (4 Years, Bachelor of Technology)",OS,EWS,Female-only (including Supernumerary),3193,3193
National Institute of Technology Hamirpur,"Computer Science and Engineering (4 Years, Bachelor of Technology)",OS,OBC-NCL,Gender-Neutral,3103,4196
National Institute of Technology Hamirpur,"Computer Science and Engineering (4 Years, Bachelor of Technology)",OS,OBC-NCL,Female-only (including Supernumerary),5896,7593
National Institute of Technology Hamirpur,"Computer Science and Engineering (4 Years, Bachelor of Technology)",OS,OBC-NCL (PwD),Gender-Neutral,289,289
National Institute of Technology Hamirpur,"Computer Science and Engineering (4 Years, Bachelor of Technology)",OS,SC,Gender-Neutral,2311,2773
National Institute of Technology Hamirpur,"Computer Science and Engineering (4 Years, Bachelor of Technology)",OS,SC,Female-only (including Supernumerary),3262,3882
National Institute of Technology Hamirpur,"Computer Science and Engineering (4 Years, Bachelor of Technology)",OS,SC (PwD),Gender-Neutral,137,137
National Institute of Technology Hamirpur,"Computer Science and Engineering (4 Years, Bachelor of Technology)",OS,ST,Gender-Neutral,676,1084
National Institute of Technology Hamirpur,"Computer Science and Engineering (4 Years, Bachelor of Technology)",OS,ST,Female-only (including Supernumerary),1779,1779
National Institute of Technology Hamirpur,"Computer Science and Engineering (5 Years, Bachelor and Master of Technology (Dual Degree))",HS,OPEN,Gender-Neutral,17607,34141
National Institute of Technology Hamirpur,"Computer Science and Engineering (5 Years, Bachelor and Master of Technology (Dual Degree))",HS,OPEN,Female-only (including Supernumerary),44148,44148
National Institute of Technology Hamirpur,"Computer Science and Engineering (5 Years, Bachelor and Master of Technology (Dual Degree))",HS,OPEN (PwD),Gender-Neutral,2279,2279
National Institute of Technology Hamirpur,"Computer Science and Engineering (5 Years, Bachelor and Master of Technology (Dual Degree))",HS,EWS,Gender-Neutral,10912,10912
National Institute of Technology Hamirpur,"Computer Science and Engineering (5 Years, Bachelor and Master of Technology (Dual Degree))",HS,OBC-NCL,Gender-Neutral,17592,28385
National Institute of Technology Hamirpur,"Computer Science and Engineering (5 Years, Bachelor and Master of Technology (Dual Degree))",HS,OBC-NCL,Female-only (including Supernumerary),24565,24565
National Institute of Technology Hamirpur,"Computer Science and Engineering (5 Years, Bachelor and Master of Technology (Dual Degree))",HS,SC,Gender-Neutral,3478,3478
National Institute of Technology Hamirpur,"Computer Science and Engineering (5 Years, Bachelor and Master of Technology (Dual Degree))",HS,SC,Female-only (including Supernumerary),5545,5545
National Institute of Technology Hamirpur,"Computer Science and Engineering (5 Years, Bachelor and Master of Technology (Dual Degree))",HS,ST,Gender-Neutral,1941,1941
National Institute of Technology Hamirpur,"Computer Science and Engineering (5 Years, Bachelor and Master of Technology (Dual Degree))",OS,OPEN,Gender-Neutral,11999,13772
National Institute of Technology Hamirpur,"Computer Science and Engineering (5 Years, Bachelor and Master of Technology (Dual Degree))",OS,OPEN,Female-only (including Supernumerary),22553,22553
National Institute of Technology Hamirpur,"Computer Science and Engineering (5 Years, Bachelor and Master of Technology (Dual Degree))",OS,EWS,Gender-Neutral,2091,2169
National Institute of Technology Hamirpur,"Computer Science and Engineering (5 Years, Bachelor and Master of Technology (Dual Degree))",OS,OBC-NCL,Gender-Neutral,3680,4238
National Institute of Technology Hamirpur,"Computer Science and Engineering (5 Years, Bachelor and Master of Technology (Dual Degree))",OS,OBC-NCL,Female-only (including Supernumerary),11001,12130
National Institute of Technology Hamirpur,"Computer Science and Engineering (5 Years, Bachelor and Master of Technology (Dual Degree))",OS,SC,Gender-Neutral,3037,3056
National Institute of Technology Hamirpur,"Computer Science and Engineering (5 Years, Bachelor and Master of Technology (Dual Degree))",OS,ST,Gender-Neutral,1227,1227
National Institute of Technology Hamirpur,"Electrical Engineering (4 Years, Bachelor of Technology)",HS,OPEN,Gender-Neutral,53347,70269
National Institute of Technology Hamirpur,"Electrical Engineering (4 Years, Bachelor of Technology)",HS,OPEN,Female-only (including Supernumerary),61297,72389
National Institute of Technology Hamirpur,"Electrical Engineering (4 Years, Bachelor of Technology)",HS,OPEN (PwD),Gender-Neutral,1798,1798
National Institute of Technology Hamirpur,"Electrical Engineering (4 Years, Bachelor of Technology)",HS,EWS,Gender-Neutral,12637,14926
National Institute of Technology Hamirpur,"Electrical Engineering (4 Years, Bachelor of Technology)",HS,EWS,Female-only (including Supernumerary),20626,20626
National Institute of Technology Hamirpur,"Electrical Engineering (4 Years, Bachelor of Technology)",HS,OBC-NCL,Gender-Neutral,53591,75819
National Institute of Technology Hamirpur,"Electrical Engineering (4 Years, Bachelor of Technology)",HS,OBC-NCL,Female-only (including Supernumerary),57021,65846
National Institute of Technology Hamirpur,"Electrical Engineering (4 Years, Bachelor of Technology)",HS,SC,Gender-Neutral,3901,7585
National Institute of Technology Hamirpur,"Electrical Engineering (4 Years, Bachelor of Technology)",HS,SC,Female-only (including Supernumerary),10579,10625
National Institute of Technology Hamirpur,"Electrical Engineering (4 Years, Bachelor of Technology)",HS,ST,Gender-Neutral,2507,3584
National Institute of Technology Hamirpur,"Electrical Engineering (4 Years, Bachelor of Technology)",HS,ST,Female-only (including Supernumerary),2859,2859
National Institute of Technology Hamirpur,"Electrical Engineering (4 Years, Bachelor of Technology)",OS,OPEN,Gender-Neutral,17730,23545
National Institute of Technology Hamirpur,"Electrical Engineering (4 Years, Bachelor of Technology)",OS,OPEN,Female-only (including Supernumerary),23756,32832
National Institute of Technology Hamirpur,"Electrical Engineering (4 Years, Bachelor of Technology)",OS,OPEN (PwD),Gender-Neutral,1936,1936
National Institute of Technology Hamirpur,"Electrical Engineering (4 Years, Bachelor of Technology)",OS,OPEN (PwD),Female-only (including Supernumerary),3010,3010
National Institute of Technology Hamirpur,"Electrical Engineering (4 Years, Bachelor of Technology)",OS,EWS,Gender-Neutral,3717,3926
National Institute of Technology Hamirpur,"Electrical Engineering (4 Years, Bachelor of Technology)",OS,EWS,Female-only (including Supernumerary),6110,6110
National Institute of Technology Hamirpur,"Electrical Engineering (4 Years, Bachelor of Technology)",OS,OBC-NCL,Gender-Neutral,6714,8500
National Institute of Technology Hamirpur,"Electrical Engineering (4 Years, Bachelor of Technology)",OS,OBC-NCL,Female-only (including Supernumerary),12602,14267
National Institute of Technology Hamirpur,"Electrical Engineering (4 Years, Bachelor of Technology)",OS,SC,Gender-Neutral,4018,4960
National Institute of Technology Hamirpur,"Electrical Engineering (4 Years, Bachelor of Technology)",OS,SC,Female-only (including Supernumerary),7291,7291
National Institute of Technology Hamirpur,"Electrical Engineering (4 Years, Bachelor of Technology)",OS,ST,Gender-Neutral,1568,2004
National Institute of Technology Hamirpur,"Electrical Engineering (4 Years, Bachelor of Technology)",OS,ST,Female-only (including Supernumerary),3135,3135
National Institute of Technology Hamirpur,"Electronics and Communication Engineering (4 Years, Bachelor of Technology)",HS,OPEN,Gender-Neutral,32762,52633
National Institute of Technology Hamirpur,"Electronics and Communication Engineering (4 Years, Bachelor of Technology)",HS,OPEN,Female-only (including Supernumerary),35733,53435
National Institute of Technology Hamirpur,"Electronics and Communication Engineering (4 Years, Bachelor of Technology)",HS,EWS,Gender-Neutral,10884,11470
National Institute of Technology Hamirpur,"Electronics and Communication Engineering (4 Years, Bachelor of Technology)",HS,EWS,Female-only (including Supernumerary),12916,12916
National Institute of Technology Hamirpur,"Electronics and Communication Engineering (4 Years, Bachelor of Technology)",HS,OBC-NCL,Gender-Neutral,30073,52383
National Institute of Technology Hamirpur,"Electronics and Communication Engineering (4 Years, Bachelor of Technology)",HS,OBC-NCL,Female-only (including Supernumerary),44071,52306
National Institute of Technology Hamirpur,"Electronics and Communication Engineering (4 Years, Bachelor of Technology)",HS,SC,Gender-Neutral,3644,6504
National Institute of Technology Hamirpur,"Electronics and Communication Engineering (4 Years, Bachelor of Technology)",HS,SC,Female-only (including Supernumerary),9097,9097
National Institute of Technology Hamirpur,"Electronics and Communication Engineering (4 Years, Bachelor of Technology)",HS,ST,Gender-Neutral,1165,2120
National Institute of Technology Hamirpur,"Electronics and Communication Engineering (4 Years, Bachelor of Technology)",HS,ST,Female-only (including Supernumerary),2371,2857
National Institute of Technology Hamirpur,"Electronics and Communication Engineering (4 Years, Bachelor of Technology)",OS,OPEN,Gender-Neutral,13651,17368
National Institute of Technology Hamirpur,"Electronics and Communication Engineering (4 Years, Bachelor of Technology)",OS,OPEN,Female-only (including Supernumerary),26686,27586
National Institute of Technology Hamirpur,"Electronics and Communication Engineering (4 Years, Bachelor of Technology)",OS,OPEN (PwD),Gender-Neutral,1129,1129
National Institute of Technology Hamirpur,"Electronics and Communication Engineering (4 Years, Bachelor of Technology)",OS,EWS,Gender-Neutral,2732,2978
National Institute of Technology Hamirpur,"Electronics and Communication Engineering (4 Years, Bachelor of Technology)",OS,EWS,Female-only (including Supernumerary),4362,4362
National Institute of Technology Hamirpur,"Electronics and Communication Engineering (4 Years, Bachelor of Technology)",OS,OBC-NCL,Gender-Neutral,5300,6577
National Institute of Technology Hamirpur,"Electronics and Communication Engineering (4 Years, Bachelor of Technology)",OS,OBC-NCL,Female-only (including Supernumerary),9832,11869
National Institute of Technology Hamirpur,"Electronics and Communication Engineering (4 Years, Bachelor of Technology)",OS,OBC-NCL (PwD),Gender-Neutral,699,699
National Institute of Technology Hamirpur,"Electronics and Communication Engineering (4 Years, Bachelor of Technology)",OS,SC,Gender-Neutral,3098,4219
National Institute of Technology Hamirpur,"Electronics and Communication Engineering (4 Years, Bachelor of Technology)",OS,SC,Female-only (including Supernumerary),5147,5620
National Institute of Technology Hamirpur,"Electronics and Communication Engineering (4 Years, Bachelor of Technology)",OS,ST,Gender-Neutral,1281,1416
National Institute of Technology Hamirpur,"Electronics and Communication Engineering (4 Years, Bachelor of Technology)",OS,ST,Female-only (including Supernumerary),1986,1986
National Institute of Technology Hamirpur,"Electronics and Communication Engineering (5 Years, Bachelor and Master of Technology (Dual Degree))",HS,OPEN,Gender-Neutral,37997,54408
National Institute of Technology Hamirpur,"Electronics and Communication Engineering (5 Years, Bachelor and Master of Technology (Dual Degree))",HS,OPEN,Female-only (including Supernumerary),52712,52712
National Institute of Technology Hamirpur,"Electronics and Communication Engineering (5 Years, Bachelor and Master of Technology (Dual Degree))",HS,EWS,Gender-Neutral,12702,14253
National Institute of Technology Hamirpur,"Electronics and Communication Engineering (5 Years, Bachelor and Master of Technology (Dual Degree))",HS,OBC-NCL,Gender-Neutral,53867,58802
National Institute of Technology Hamirpur,"Electronics and Communication Engineering (5 Years, Bachelor and Master of Technology (Dual Degree))",HS,OBC-NCL,Female-only (including Supernumerary),56098,76922
National Institute of Technology Hamirpur,"Electronics and Communication Engineering (5 Years, Bachelor and Master of Technology (Dual Degree))",HS,SC,Gender-Neutral,7116,8096
National Institute of Technology Hamirpur,"Electronics and Communication Engineering (5 Years, Bachelor and Master of Technology (Dual Degree))",HS,ST,Gender-Neutral,2630,2630
National Institute of Technology Hamirpur,"Electronics and Communication Engineering (5 Years, Bachelor and Master of Technology (Dual Degree))",OS,OPEN,Gender-Neutral,17993,19167
National Institute of Technology Hamirpur,"Electronics and Communication Engineering (5 Years, Bachelor and Master of Technology (Dual Degree))",OS,OPEN,Female-only (including Supernumerary),28452,28452
National Institute of Technology Hamirpur,"Electronics and Communication Engineering (5 Years, Bachelor and Master of Technology (Dual Degree))",OS,OPEN (PwD),Gender-Neutral,1035,1035
National Institute of Technology Hamirpur,"Electronics and Communication Engineering (5 Years, Bachelor and Master of Technology (Dual Degree))",OS,EWS,Gender-Neutral,3023,3023
National Institute of Technology Hamirpur,"Electronics and Communication Engineering (5 Years, Bachelor and Master of Technology (Dual Degree))",OS,OBC-NCL,Gender-Neutral,5615,6454
National Institute of Technology Hamirpur,"Electronics and Communication Engineering (5 Years, Bachelor and Master of Technology (Dual Degree))",OS,OBC-NCL,Female-only (including Supernumerary),13927,13927
National Institute of Technology Hamirpur,"Electronics and Communication Engineering (5 Years, Bachelor and Master of Technology (Dual Degree))",OS,SC,Gender-Neutral,4553,4553
National Institute of Technology Hamirpur,"Electronics and Communication Engineering (5 Years, Bachelor and Master of Technology (Dual Degree))",OS,SC,Female-only (including Supernumerary),7393,7393
National Institute of Technology Hamirpur,"Electronics and Communication Engineering (5 Years, Bachelor and Master of Technology (Dual Degree))",OS,ST,Gender-Neutral,2164,2164
National Institute of Technology Hamirpur,"Engineering Physics (4 Years, Bachelor of Technology)",HS,OPEN,Gender-Neutral,68752,109227
National Institute of Technology Hamirpur,"Engineering Physics (4 Years, Bachelor of Technology)",HS,OPEN,Female-only (including Supernumerary),90040,98630
National Institute of Technology Hamirpur,"Engineering Physics (4 Years, Bachelor of Technology)",HS,EWS,Gender-Neutral,23439,23850
National Institute of Technology Hamirpur,"Engineering Physics (4 Years, Bachelor of Technology)",HS,OBC-NCL,Gender-Neutral,101593,137639
National Institute of Technology Hamirpur,"Engineering Physics (4 Years, Bachelor of Technology)",HS,OBC-NCL,Female-only (including Supernumerary),157849,208815
National Institute of Technology Hamirpur,"Engineering Physics (4 Years, Bachelor of Technology)",HS,SC,Gender-Neutral,9989,12227
National Institute of Technology Hamirpur,"Engineering Physics (4 Years, Bachelor of Technology)",HS,ST,Gender-Neutral,2845,2845
National Institute of Technology Hamirpur,"Engineering Physics (4 Years, Bachelor of Technology)",HS,ST,Female-only (including Supernumerary),5965,5965
National Institute of Technology Hamirpur,"Engineering Physics (4 Years, Bachelor of Technology)",OS,OPEN,Gender-Neutral,20747,32781
National Institute of Technology Hamirpur,"Engineering Physics (4 Years, Bachelor of Technology)",OS,OPEN,Female-only (including Supernumerary),39193,39672
National Institute of Technology Hamirpur,"Engineering Physics (4 Years, Bachelor of Technology)",OS,OPEN (PwD),Gender-Neutral,3298,3298
National Institute of Technology Hamirpur,"Engineering Physics (4 Years, Bachelor of Technology)",OS,EWS,Gender-Neutral,5789,6012
National Institute of Technology Hamirpur,"Engineering Physics (4 Years, Bachelor of Technology)",OS,EWS,Female-only (including Supernumerary),7178,7178
National Institute of Technology Hamirpur,"Engineering Physics (4 Years, Bachelor of Technology)",OS,OBC-NCL,Gender-Neutral,10874,13008
National Institute of Technology Hamirpur,"Engineering Physics (4 Years, Bachelor of Technology)",OS,OBC-NCL,Female-only (including Supernumerary),18296,18296
National Institute of Technology Hamirpur,"Engineering Physics (4 Years, Bachelor of Technology)",OS,OBC-NCL (PwD),Gender-Neutral,1646,1646
National Institute of Technology Hamirpur,"Engineering Physics (4 Years, Bachelor of Technology)",OS,SC,Gender-Neutral,4508,6164
National Institute of Technology Hamirpur,"Engineering Physics (4 Years, Bachelor of Technology)",OS,SC,Female-only (including Supernumerary),9741,9741
National Institute of Technology Hamirpur,"Engineering Physics (4 Years, Bachelor of Technology)",OS,ST,Gender-Neutral,3096,3096
National Institute of Technology Hamirpur,"Materials Science and Engineering (4 Years, Bachelor of Technology)",HS,OPEN,Gender-Neutral,97104,111665
National Institute of Technology Hamirpur,"Materials Science and Engineering (4 Years, Bachelor of Technology)",HS,OPEN,Female-only (including Supernumerary),98224,98224
National Institute of Technology Hamirpur,"Materials Science and Engineering (4 Years, Bachelor of Technology)",HS,EWS,Gender-Neutral,26318,26318
National Institute of Technology Hamirpur,"Materials Science and Engineering (4 Years, Bachelor of Technology)",HS,EWS,Female-only (including Supernumerary),24137,24137
National Institute of Technology Hamirpur,"Materials Science and Engineering (4 Years, Bachelor of Technology)",HS,OBC-NCL,Gender-Neutral,100303,142722
National Institute of Technology Hamirpur,"Materials Science and Engineering (4 Years, Bachelor of Technology)",HS,OBC-NCL,Female-only (including Supernumerary),104062,104062
National Institute of Technology Hamirpur,"Materials Science and Engineering (4 Years, Bachelor of Technology)",HS,SC,Gender-Neutral,12420,13248
National Institute of Technology Hamirpur,"Materials Science and Engineering (4 Years, Bachelor of Technology)",HS,ST,Gender-Neutral,5182,5182
National Institute of Technology Hamirpur,"Materials Science and Engineering (4 Years, Bachelor of Technology)",HS,ST,Female-only (including Supernumerary),5627,5627
National Institute of Technology Hamirpur,"Materials Science and Engineering (4 Years, Bachelor of Technology)",OS,OPEN,Gender-Neutral,33674,45178
National Institute of Technology Hamirpur,"Materials Science and Engineering (4 Years, Bachelor of Technology)",OS,OPEN,Female-only (including Supernumerary),50743,53686
National Institute of Technology Hamirpur,"Materials Science and Engineering (4 Years, Bachelor of Technology)",OS,EWS,Gender-Neutral,7321,7413
National Institute of Technology Hamirpur,"Materials Science and Engineering (4 Years, Bachelor of Technology)",OS,OBC-NCL,Gender-Neutral,15167,15705
National Institute of Technology Hamirpur,"Materials Science and Engineering (4 Years, Bachelor of Technology)",OS,OBC-NCL,Female-only (including Supernumerary),19476,19476
National Institute of Technology Hamirpur,"Materials Science and Engineering (4 Years, Bachelor of Technology)",OS,OBC-NCL (PwD),Gender-Neutral,1778,1778
National Institute of Technology Hamirpur,"Materials Science and Engineering (4 Years, Bachelor of Technology)",OS,SC,Gender-Neutral,7373,7573
National Institute of Technology Hamirpur,"Materials Science and Engineering (4 Years, Bachelor of Technology)",OS,SC,Female-only (including Supernumerary),10675,10675
National Institute of Technology Hamirpur,"Materials Science and Engineering (4 Years, Bachelor of Technology)",OS,ST,Gender-Neutral,3110,3191
National Institute of Technology Hamirpur,"Mathematics and Computing (4 Years, Bachelor of Technology)",HS,OPEN,Gender-Neutral,29739,38706
National Institute of Technology Hamirpur,"Mathematics and Computing (4 Years, Bachelor of Technology)",HS,OPEN,Female-only (including Supernumerary),49236,52970
National Institute of Technology Hamirpur,"Mathematics and Computing (4 Years, Bachelor of Technology)",HS,OPEN (PwD),Gender-Neutral,1898,1898
National Institute of Technology Hamirpur,"Mathematics and Computing (4 Years, Bachelor of Technology)",HS,EWS,Gender-Neutral,9810,10749
National Institute of Technology Hamirpur,"Mathematics and Computing (4 Years, Bachelor of Technology)",HS,EWS,Female-only (including Supernumerary),13339,13339
National Institute of Technology Hamirpur,"Mathematics and Computing (4 Years, Bachelor of Technology)",HS,OBC-NCL,Gender-Neutral,26275,41279
National Institute of Technology Hamirpur,"Mathematics and Computing (4 Years, Bachelor of Technology)",HS,OBC-NCL,Female-only (including Supernumerary),44142,44142
National Institute of Technology Hamirpur,"Mathematics and Computing (4 Years, Bachelor of Technology)",HS,SC,Gender-Neutral,3826,3906
National Institute of Technology Hamirpur,"Mathematics and Computing (4 Years, Bachelor of Technology)",HS,SC,Female-only (including Supernumerary),12279,12279
National Institute of Technology Hamirpur,"Mathematics and Computing (4 Years, Bachelor of Technology)",HS,ST,Gender-Neutral,1682,1682
National Institute of Technology Hamirpur,"Mathematics and Computing (4 Years, Bachelor of Technology)",OS,OPEN,Gender-Neutral,9239,14542
National Institute of Technology Hamirpur,"Mathematics and Computing (4 Years, Bachelor of Technology)",OS,OPEN,Female-only (including Supernumerary),23411,23682
National Institute of Technology Hamirpur,"Mathematics and Computing (4 Years, Bachelor of Technology)",OS,EWS,Gender-Neutral,2235,2365
National Institute of Technology Hamirpur,"Mathematics and Computing (4 Years, Bachelor of Technology)",OS,OBC-NCL,Gender-Neutral,4765,5629
National Institute of Technology Hamirpur,"Mathematics and Computing (4 Years, Bachelor of Technology)",OS,OBC-NCL,Female-only (including Supernumerary),7692,10138
National Institute of Technology Hamirpur,"Mathematics and Computing (4 Years, Bachelor of Technology)",OS,SC,Gender-Neutral,1973,3642
National Institute of Technology Hamirpur,"Mathematics and Computing (4 Years, Bachelor of Technology)",OS,ST,Gender-Neutral,1521,1521
National Institute of Technology Hamirpur,"Mathematics and Computing (4 Years, Bachelor of Technology)",OS,ST,Female-only (including Supernumerary),3812,3812
National Institute of Technology Hamirpur,"Mechanical Engineering (4 Years, Bachelor of Technology)",HS,OPEN,Gender-Neutral,48580,78215
National Institute of Technology Hamirpur,"Mechanical Engineering (4 Years, Bachelor of Technology)",HS,OPEN,Female-only (including Supernumerary),77720,111152
National Institute of Technology Hamirpur,"Mechanical Engineering (4 Years, Bachelor of Technology)",HS,OPEN (PwD),Gender-Neutral,2227,2227
National Institute of Technology Hamirpur,"Mechanical Engineering (4 Years, Bachelor of Technology)",HS,EWS,Gender-Neutral,15307,16560
National Institute of Technology Hamirpur,"Mechanical Engineering (4 Years, Bachelor of Technology)",HS,EWS,Female-only (including Supernumerary),23856,23856
National Institute of Technology Hamirpur,"Mechanical Engineering (4 Years, Bachelor of Technology)",HS,OBC-NCL,Gender-Neutral,82799,115500
National Institute of Technology Hamirpur,"Mechanical Engineering (4 Years, Bachelor of Technology)",HS,OBC-NCL,Female-only (including Supernumerary),109967,181980
National Institute of Technology Hamirpur,"Mechanical Engineering (4 Years, Bachelor of Technology)",HS,SC,Gender-Neutral,7344,10457
National Institute of Technology Hamirpur,"Mechanical Engineering (4 Years, Bachelor of Technology)",HS,SC,Female-only (including Supernumerary),13393,13393
National Institute of Technology Hamirpur,"Mechanical Engineering (4 Years, Bachelor of Technology)",HS,ST,Gender-Neutral,3397,4073
National Institute of Technology Hamirpur,"Mechanical Engineering (4 Years, Bachelor of Technology)",HS,ST,Female-only (including Supernumerary),5206,5206
National Institute of Technology Hamirpur,"Mechanical Engineering (4 Years, Bachelor of Technology)",OS,OPEN,Gender-Neutral,27676,32633
National Institute of Technology Hamirpur,"Mechanical Engineering (4 Years, Bachelor of Technology)",OS,OPEN,Female-only (including Supernumerary),43086,45293
National Institute of Technology Hamirpur,"Mechanical Engineering (4 Years, Bachelor of Technology)",OS,OPEN (PwD),Gender-Neutral,2213,2213
National Institute of Technology Hamirpur,"Mechanical Engineering (4 Years, Bachelor of Technology)",OS,EWS,Gender-Neutral,5294,5647
National Institute of Technology Hamirpur,"Mechanical Engineering (4 Years, Bachelor of Technology)",OS,EWS,Female-only (including Supernumerary),8074,8074
National Institute of Technology Hamirpur,"Mechanical Engineering (4 Years, Bachelor of Technology)",OS,EWS (PwD),Gender-Neutral,477,477
National Institute of Technology Hamirpur,"Mechanical Engineering (4 Years, Bachelor of Technology)",OS,OBC-NCL,Gender-Neutral,9206,11902
National Institute of Technology Hamirpur,"Mechanical Engineering (4 Years, Bachelor of Technology)",OS,OBC-NCL,Female-only (including Supernumerary),16906,19232
National Institute of Technology Hamirpur,"Mechanical Engineering (4 Years, Bachelor of Technology)",OS,OBC-NCL (PwD),Gender-Neutral,1784,1784
National Institute of Technology Hamirpur,"Mechanical Engineering (4 Years, Bachelor of Technology)",OS,SC,Gender-Neutral,5040,6126
National Institute of Technology Hamirpur,"Mechanical Engineering (4 Years, Bachelor of Technology)",OS,SC,Female-only (including Supernumerary),9296,9422
National Institute of Technology Hamirpur,"Mechanical Engineering (4 Years, Bachelor of Technology)",OS,ST,Gender-Neutral,2095,2365
National Institute of Technology Hamirpur,"Mechanical Engineering (4 Years, Bachelor of Technology)",OS,ST,Female-only (including Supernumerary),4020,4020
"National Institute of Technology Karnataka, Surathkal","Artificial Intelligence (4 Years, Bachelor of Technology)",HS,OPEN,Gender-Neutral,2836,3505
"National Institute of Technology Karnataka, Surathkal","Artificial Intelligence (4 Years, Bachelor of Technology)",HS,OPEN,Female-only (including Supernumerary),3948,6233
"National Institute of Technology Karnataka, Surathkal","Artificial Intelligence (4 Years, Bachelor of Technology)",HS,EWS,Gender-Neutral,1163,1163
"National Institute of Technology Karnataka, Surathkal","Artificial Intelligence (4 Years, Bachelor of Technology)",HS,OBC-NCL,Gender-Neutral,897,2383
"National Institute of Technology Karnataka, Surathkal","Artificial Intelligence (4 Years, Bachelor of Technology)",HS,OBC-NCL,Female-only (including Supernumerary),5601,5601
"National Institute of Technology Karnataka, Surathkal","Artificial Intelligence (4 Years, Bachelor of Technology)",HS,OBC-NCL (PwD),Gender-Neutral,144,144
"National Institute of Technology Karnataka, Surathkal","Artificial Intelligence (4 Years, Bachelor of Technology)",HS,SC,Gender-Neutral,976,1555
"National Institute of Technology Karnataka, Surathkal","Artificial Intelligence (4 Years, Bachelor of Technology)",HS,ST,Gender-Neutral,314,314
"National Institute of Technology Karnataka, Surathkal","Artificial Intelligence (4 Years, Bachelor of Technology)",HS,ST,Female-only (including Supernumerary),810,810
"National Institute of Technology Karnataka, Surathkal","Artificial Intelligence (4 Years, Bachelor of Technology)",OS,OPEN,Gender-Neutral,1615,2486
"National Institute of Technology Karnataka, Surathkal","Artificial Intelligence (4 Years, Bachelor of Technology)",OS,OPEN,Female-only (including Supernumerary),4354,4354
"National Institute of Technology Karnataka, Surathkal","Artificial Intelligence (4 Years, Bachelor of Technology)",OS,OPEN (PwD),Gender-Neutral,109,109
"National Institute of Technology Karnataka, Surathkal","Artificial Intelligence (4 Years, Bachelor of Technology)",OS,EWS,Gender-Neutral,332,356
"National Institute of Technology Karnataka, Surathkal","Artificial Intelligence (4 Years, Bachelor of Technology)",OS,EWS,Female-only (including Supernumerary),732,732
"National Institute of Technology Karnataka, Surathkal","Artificial Intelligence (4 Years, Bachelor of Technology)",OS,OBC-NCL,Gender-Neutral,586,740
"National Institute of Technology Karnataka, Surathkal","Artificial Intelligence (4 Years, Bachelor of Technology)",OS,OBC-NCL,Female-only (including Supernumerary),1664,1664
"National Institute of Technology Karnataka, Surathkal","Artificial Intelligence (4 Years, Bachelor of Technology)",OS,SC,Gender-Neutral,348,586
"National Institute of Technology Karnataka, Surathkal","Artificial Intelligence (4 Years, Bachelor of Technology)",OS,SC,Female-only (including Supernumerary),774,774
"National Institute of Technology Karnataka, Surathkal","Artificial Intelligence (4 Years, Bachelor of Technology)",OS,ST,Gender-Neutral,224,224
"National Institute of Technology Karnataka, Surathkal","Chemical Engineering (4 Years, Bachelor of Technology)",HS,OPEN,Gender-Neutral,9458,17277
"National Institute of Technology Karnataka, Surathkal","Chemical Engineering (4 Years, Bachelor of Technology)",HS,OPEN,Female-only (including Supernumerary),17900,22991
"National Institute of Technology Karnataka, Surathkal","Chemical Engineering (4 Years, Bachelor of Technology)",HS,OPEN (PwD),Female-only (including Supernumerary),1036,1036
"National Institute of Technology Karnataka, Surathkal","Chemical Engineering (4 Years, Bachelor of Technology)",HS,EWS,Gender-Neutral,3109,4447
"National Institute of Technology Karnataka, Surathkal","Chemical Engineering (4 Years, Bachelor of Technology)",HS,OBC-NCL,Gender-Neutral,6977,10665
"National Institute of Technology Karnataka, Surathkal","Chemical Engineering (4 Years, Bachelor of Technology)",HS,OBC-NCL,Female-only (including Supernumerary),13595,13595
"National Institute of Technology Karnataka, Surathkal","Chemical Engineering (4 Years, Bachelor of Technology)",HS,SC,Gender-Neutral,4237,5478
"National Institute of Technology Karnataka, Surathkal","Chemical Engineering (4 Years, Bachelor of Technology)",HS,SC,Female-only (including Supernumerary),5142,5142
"National Institute of Technology Karnataka, Surathkal","Chemical Engineering (4 Years, Bachelor of Technology)",HS,ST,Gender-Neutral,1223,1223
"National Institute of Technology Karnataka, Surathkal","Chemical Engineering (4 Years, Bachelor of Technology)",HS,ST,Female-only (including Supernumerary),1566,1566
"National Institute of Technology Karnataka, Surathkal","Chemical Engineering (4 Years, Bachelor of Technology)",OS,OPEN,Gender-Neutral,10838,14669
"National Institute of Technology Karnataka, Surathkal","Chemical Engineering (4 Years, Bachelor of Technology)",OS,OPEN,Female-only (including Supernumerary),20366,20811
"National Institute of Technology Karnataka, Surathkal","Chemical Engineering (4 Years, Bachelor of Technology)",OS,OPEN (PwD),Gender-Neutral,458,458
"National Institute of Technology Karnataka, Surathkal","Chemical Engineering (4 Years, Bachelor of Technology)",OS,EWS,Gender-Neutral,2494,2572
"National Institute of Technology Karnataka, Surathkal","Chemical Engineering (4 Years, Bachelor of Technology)",OS,EWS,Female-only (including Supernumerary),3710,3710
"National Institute of Technology Karnataka, Surathkal","Chemical Engineering (4 Years, Bachelor of Technology)",OS,OBC-NCL,Gender-Neutral,5079,5596
"National Institute of Technology Karnataka, Surathkal","Chemical Engineering (4 Years, Bachelor of Technology)",OS,OBC-NCL,Female-only (including Supernumerary),6937,8267
"National Institute of Technology Karnataka, Surathkal","Chemical Engineering (4 Years, Bachelor of Technology)",OS,OBC-NCL (PwD),Gender-Neutral,495,495
"National Institute of Technology Karnataka, Surathkal","Chemical Engineering (4 Years, Bachelor of Technology)",OS,SC,Gender-Neutral,2271,3704
"National Institute of Technology Karnataka, Surathkal","Chemical Engineering (4 Years, Bachelor of Technology)",OS,SC,Female-only (including Supernumerary),4436,4436
"National Institute of Technology Karnataka, Surathkal","Chemical Engineering (4 Years, Bachelor of Technology)",OS,ST,Gender-Neutral,1206,1229
"National Institute of Technology Karnataka, Surathkal","Civil Engineering (4 Years, Bachelor of Technology)",HS,OPEN,Gender-Neutral,10933,27550
"National Institute of Technology Karnataka, Surathkal","Civil Engineering (4 Years, Bachelor of Technology)",HS,OPEN,Female-only (including Supernumerary),28865,34886
"National Institute of Technology Karnataka, Surathkal","Civil Engineering (4 Years, Bachelor of Technology)",HS,OPEN (PwD),Gender-Neutral,955,955
"National Institute of Technology Karnataka, Surathkal","Civil Engineering (4 Years, Bachelor of Technology)",HS,EWS,Gender-Neutral,4533,6399
"National Institute of Technology Karnataka, Surathkal","Civil Engineering (4 Years, Bachelor of Technology)",HS,EWS,Female-only (including Supernumerary),10601,10601
"National Institute of Technology Karnataka, Surathkal","Civil Engineering (4 Years, Bachelor of Technology)",HS,OBC-NCL,Gender-Neutral,10291,15043
"National Institute of Technology Karnataka, Surathkal","Civil Engineering (4 Years, Bachelor of Technology)",HS,OBC-NCL,Female-only (including Supernumerary),18239,20391
"National Institute of Technology Karnataka, Surathkal","Civil Engineering (4 Years, Bachelor of Technology)",HS,OBC-NCL (PwD),Female-only (including Supernumerary),957,957
"National Institute of Technology Karnataka, Surathkal","Civil Engineering (4 Years, Bachelor of Technology)",HS,SC,Gender-Neutral,2116,7168
"National Institute of Technology Karnataka, Surathkal","Civil Engineering (4 Years, Bachelor of Technology)",HS,SC,Female-only (including Supernumerary),6070,6070
"National Institute of Technology Karnataka, Surathkal","Civil Engineering (4 Years, Bachelor of Technology)",HS,ST,Gender-Neutral,1395,1807
"National Institute of Technology Karnataka, Surathkal","Civil Engineering (4 Years, Bachelor of Technology)",HS,ST,Female-only (including Supernumerary),1909,1909
"National Institute of Technology Karnataka, Surathkal","Civil Engineering (4 Years, Bachelor of Technology)",OS,OPEN,Gender-Neutral,12533,21379
"National Institute of Technology Karnataka, Surathkal","Civil Engineering (4 Years, Bachelor of Technology)",OS,OPEN,Female-only (including Supernumerary),27581,30331
"National Institute of Technology Karnataka, Surathkal","Civil Engineering (4 Years, Bachelor of Technology)",OS,OPEN (PwD),Gender-Neutral,1194,1367
"National Institute of Technology Karnataka, Surathkal","Civil Engineering (4 Years, Bachelor of Technology)",OS,EWS,Gender-Neutral,3382,3453
"National Institute of Technology Karnataka, Surathkal","Civil Engineering (4 Years, Bachelor of Technology)",OS,EWS,Female-only (including Supernumerary),4994,4994
"National Institute of Technology Karnataka, Surathkal","Civil Engineering (4 Years, Bachelor of Technology)",OS,EWS (PwD),Gender-Neutral,251,251
"National Institute of Technology Karnataka, Surathkal","Civil Engineering (4 Years, Bachelor of Technology)",OS,OBC-NCL,Gender-Neutral,6679,7544
"National Institute of Technology Karnataka, Surathkal","Civil Engineering (4 Years, Bachelor of Technology)",OS,OBC-NCL,Female-only (including Supernumerary),9118,10217
"National Institute of Technology Karnataka, Surathkal","Civil Engineering (4 Years, Bachelor of Technology)",OS,OBC-NCL (PwD),Gender-Neutral,547,547
"National Institute of Technology Karnataka, Surathkal","Civil Engineering (4 Years, Bachelor of Technology)",OS,SC,Gender-Neutral,3291,4134
"National Institute of Technology Karnataka, Surathkal","Civil Engineering (4 Years, Bachelor of Technology)",OS,SC,Female-only (including Supernumerary),5709,5921
"National Institute of Technology Karnataka, Surathkal","Civil Engineering (4 Years, Bachelor of Technology)",OS,ST,Gender-Neutral,571,1010
"National Institute of Technology Karnataka, Surathkal","Civil Engineering (4 Years, Bachelor of Technology)",OS,ST,Female-only (including Supernumerary),1841,1841
"National Institute of Technology Karnataka, Surathkal","Computational and Data Science (4 Years, Bachelor of Technology)",HS,OPEN,Gender-Neutral,3437,4237
"National Institute of Technology Karnataka, Surathkal","Computational and Data Science (4 Years, Bachelor of Technology)",HS,OPEN,Female-only (including Supernumerary),7008,7008
"National Institute of Technology Karnataka, Surathkal","Computational and Data Science (4 Years, Bachelor of Technology)",HS,OPEN (PwD),Gender-Neutral,181,181
"National Institute of Technology Karnataka, Surathkal","Computational and Data Science (4 Years, Bachelor of Technology)",HS,EWS,Gender-Neutral,1424,1424
"National Institute of Technology Karnataka, Surathkal","Computational and Data Science (4 Years, Bachelor of Technology)",HS,OBC-NCL,Gender-Neutral,2466,3272
"National Institute of Technology Karnataka, Surathkal","Computational and Data Science (4 Years, Bachelor of Technology)",HS,OBC-NCL,Female-only (including Supernumerary),10866,10866
"National Institute of Technology Karnataka, Surathkal","Computational and Data Science (4 Years, Bachelor of Technology)",HS,SC,Gender-Neutral,1819,2096
"National Institute of Technology Karnataka, Surathkal","Computational and Data Science (4 Years, Bachelor of Technology)",HS,SC,Female-only (including Supernumerary),2439,2439
"National Institute of Technology Karnataka, Surathkal","Computational and Data Science (4 Years, Bachelor of Technology)",HS,ST,Gender-Neutral,578,578
"National Institute of Technology Karnataka, Surathkal","Computational and Data Science (4 Years, Bachelor of Technology)",OS,OPEN,Gender-Neutral,2299,2952
"National Institute of Technology Karnataka, Surathkal","Computational and Data Science (4 Years, Bachelor of Technology)",OS,OPEN,Female-only (including Supernumerary),3609,3609
"National Institute of Technology Karnataka, Surathkal","Computational and Data Science (4 Years, Bachelor of Technology)",OS,EWS,Gender-Neutral,416,416
"National Institute of Technology Karnataka, Surathkal","Computational and Data Science (4 Years, Bachelor of Technology)",OS,EWS,Female-only (including Supernumerary),1064,1064
"National Institute of Technology Karnataka, Surathkal","Computational and Data Science (4 Years, Bachelor of Technology)",OS,OBC-NCL,Gender-Neutral,706,1101
"National Institute of Technology Karnataka, Surathkal","Computational and Data Science (4 Years, Bachelor of Technology)",OS,OBC-NCL,Female-only (including Supernumerary),1878,1878
"National Institute of Technology Karnataka, Surathkal","Computational and Data Science (4 Years, Bachelor of Technology)",OS,SC,Gender-Neutral,970,979
"National Institute of Technology Karnataka, Surathkal","Computational and Data Science (4 Years, Bachelor of Technology)",OS,ST,Gender-Neutral,232,232
"National Institute of Technology Karnataka, Surathkal","Computer Science and Engineering (4 Years, Bachelor of Technology)",HS,OPEN,Gender-Neutral,1607,2737
"National Institute of Technology Karnataka, Surathkal","Computer Science and Engineering (4 Years, Bachelor of Technology)",HS,OPEN,Female-only (including Supernumerary),2636,3358
"National Institute of Technology Karnataka, Surathkal","Computer Science and Engineering (4 Years, Bachelor of Technology)",HS,OPEN (PwD),Gender-Neutral,93,93
"National Institute of Technology Karnataka, Surathkal","Computer Science and Engineering (4 Years, Bachelor of Technology)",HS,EWS,Gender-Neutral,350,1142
"National Institute of Technology Karnataka, Surathkal","Computer Science and Engineering (4 Years, Bachelor of Technology)",HS,EWS,Female-only (including Supernumerary),1369,1369
"National Institute of Technology Karnataka, Surathkal","Computer Science and Engineering (4 Years, Bachelor of Technology)",HS,EWS (PwD),Gender-Neutral,66,66
"National Institute of Technology Karnataka, Surathkal","Computer Science and Engineering (4 Years, Bachelor of Technology)",HS,OBC-NCL,Gender-Neutral,593,2099
"National Institute of Technology Karnataka, Surathkal","Computer Science and Engineering (4 Years, Bachelor of Technology)",HS,OBC-NCL,Female-only (including Supernumerary),2053,4021
"National Institute of Technology Karnataka, Surathkal","Computer Science and Engineering (4 Years, Bachelor of Technology)",HS,OBC-NCL (PwD),Female-only (including Supernumerary),151,151
"National Institute of Technology Karnataka, Surathkal","Computer Science and Engineering (4 Years, Bachelor of Technology)",HS,SC,Gender-Neutral,296,1223
"National Institute of Technology Karnataka, Surathkal","Computer Science and Engineering (4 Years, Bachelor of Technology)",HS,SC,Female-only (including Supernumerary),837,837
"National Institute of Technology Karnataka, Surathkal","Computer Science and Engineering (4 Years, Bachelor of Technology)",HS,SC (PwD),Gender-Neutral,2,2
"National Institute of Technology Karnataka, Surathkal","Computer Science and Engineering (4 Years, Bachelor of Technology)",HS,ST,Gender-Neutral,58,146
"National Institute of Technology Karnataka, Surathkal","Computer Science and Engineering (4 Years, Bachelor of Technology)",HS,ST,Female-only (including Supernumerary),213,213
"National Institute of Technology Karnataka, Surathkal","Computer Science and Engineering (4 Years, Bachelor of Technology)",OS,OPEN,Gender-Neutral,14,1441
"National Institute of Technology Karnataka, Surathkal","Computer Science and Engineering (4 Years, Bachelor of Technology)",OS,OPEN,Female-only (including Supernumerary),729,2433
"National Institute of Technology Karnataka, Surathkal","Computer Science and Engineering (4 Years, Bachelor of Technology)",OS,OPEN (PwD),Female-only (including Supernumerary),297,297
"National Institute of Technology Karnataka, Surathkal","Computer Science and Engineering (4 Years, Bachelor of Technology)",OS,EWS,Gender-Neutral,222,309
"National Institute of Technology Karnataka, Surathkal","Computer Science and Engineering (4 Years, Bachelor of Technology)",OS,EWS,Female-only (including Supernumerary),526,526
"National Institute of Technology Karnataka, Surathkal","Computer Science and Engineering (4 Years, Bachelor of Technology)",OS,OBC-NCL,Gender-Neutral,379,519
"National Institute of Technology Karnataka, Surathkal","Computer Science and Engineering (4 Years, Bachelor of Technology)",OS,OBC-NCL,Female-only (including Supernumerary),1059,1627
"National Institute of Technology Karnataka, Surathkal","Computer Science and Engineering (4 Years, Bachelor of Technology)",OS,OBC-NCL (PwD),Gender-Neutral,74,74
"National Institute of Technology Karnataka, Surathkal","Computer Science and Engineering (4 Years, Bachelor of Technology)",OS,SC,Gender-Neutral,225,324
"National Institute of Technology Karnataka, Surathkal","Computer Science and Engineering (4 Years, Bachelor of Technology)",OS,SC,Female-only (including Supernumerary),542,679
"National Institute of Technology Karnataka, Surathkal","Computer Science and Engineering (4 Years, Bachelor of Technology)",OS,ST,Gender-Neutral,107,153
"National Institute of Technology Karnataka, Surathkal","Computer Science and Engineering (4 Years, Bachelor of Technology)",OS,ST,Female-only (including Supernumerary),174,174
"National Institute of Technology Karnataka, Surathkal","Electrical and Electronics Engineering (4 Years, Bachelor of Technology)",HS,OPEN,Gender-Neutral,5417,7553
"National Institute of Technology Karnataka, Surathkal","Electrical and Electronics Engineering (4 Years, Bachelor of Technology)",HS,OPEN,Female-only (including Supernumerary),10016,11553
"National Institute of Technology Karnataka, Surathkal","Electrical and Electronics Engineering (4 Years, Bachelor of Technology)",HS,OPEN (PwD),Gender-Neutral,509,509
"National Institute of Technology Karnataka, Surathkal","Electrical and Electronics Engineering (4 Years, Bachelor of Technology)",HS,EWS,Gender-Neutral,1792,2487
"National Institute of Technology Karnataka, Surathkal","Electrical and Electronics Engineering (4 Years, Bachelor of Technology)",HS,EWS,Female-only (including Supernumerary),5650,5650
"National Institute of Technology Karnataka, Surathkal","Electrical and Electronics Engineering (4 Years, Bachelor of Technology)",HS,OBC-NCL,Gender-Neutral,4606,5845
"National Institute of Technology Karnataka, Surathkal","Electrical and Electronics Engineering (4 Years, Bachelor of Technology)",HS,OBC-NCL,Female-only (including Supernumerary),5921,10889
"National Institute of Technology Karnataka, Surathkal","Electrical and Electronics Engineering (4 Years, Bachelor of Technology)",HS,OBC-NCL (PwD),Gender-Neutral,388,388
"National Institute of Technology Karnataka, Surathkal","Electrical and Electronics Engineering (4 Years, Bachelor of Technology)",HS,SC,Gender-Neutral,2124,2598
"National Institute of Technology Karnataka, Surathkal","Electrical and Electronics Engineering (4 Years, Bachelor of Technology)",HS,SC,Female-only (including Supernumerary),4271,5153
"National Institute of Technology Karnataka, Surathkal","Electrical and Electronics Engineering (4 Years, Bachelor of Technology)",HS,ST,Gender-Neutral,643,982
"National Institute of Technology Karnataka, Surathkal","Electrical and Electronics Engineering (4 Years, Bachelor of Technology)",HS,ST,Female-only (including Supernumerary),1235,1235
"National Institute of Technology Karnataka, Surathkal","Electrical and Electronics Engineering (4 Years, Bachelor of Technology)",OS,OPEN,Gender-Neutral,5368,6490
"National Institute of Technology Karnataka, Surathkal","Electrical and Electronics Engineering (4 Years, Bachelor of Technology)",OS,OPEN,Female-only (including Supernumerary),10070,10911
"National Institute of Technology Karnataka, Surathkal","Electrical and Electronics Engineering (4 Years, Bachelor of Technology)",OS,OPEN (PwD),Female-only (including Supernumerary),616,616
"National Institute of Technology Karnataka, Surathkal","Electrical and Electronics Engineering (4 Years, Bachelor of Technology)",OS,EWS,Gender-Neutral,960,1155
"National Institute of Technology Karnataka, Surathkal","Electrical and Electronics Engineering (4 Years, Bachelor of Technology)",OS,EWS,Female-only (including Supernumerary),1965,1965
"National Institute of Technology Karnataka, Surathkal","Electrical and Electronics Engineering (4 Years, Bachelor of Technology)",OS,OBC-NCL,Gender-Neutral,1639,2378
"National Institute of Technology Karnataka, Surathkal","Electrical and Electronics Engineering (4 Years, Bachelor of Technology)",OS,OBC-NCL,Female-only (including Supernumerary),2782,3968
"National Institute of Technology Karnataka, Surathkal","Electrical and Electronics Engineering (4 Years, Bachelor of Technology)",OS,OBC-NCL (PwD),Gender-Neutral,86,86
"National Institute of Technology Karnataka, Surathkal","Electrical and Electronics Engineering (4 Years, Bachelor of Technology)",OS,SC,Gender-Neutral,384,1710
"National Institute of Technology Karnataka, Surathkal","Electrical and Electronics Engineering (4 Years, Bachelor of Technology)",OS,SC,Female-only (including Supernumerary),1910,1910
"National Institute of Technology Karnataka, Surathkal","Electrical and Electronics Engineering (4 Years, Bachelor of Technology)",OS,SC (PwD),Gender-Neutral,80,80
"National Institute of Technology Karnataka, Surathkal","Electrical and Electronics Engineering (4 Years, Bachelor of Technology)",OS,ST,Gender-Neutral,143,366
"National Institute of Technology Karnataka, Surathkal","Electrical and Electronics Engineering (4 Years, Bachelor of Technology)",OS,ST,Female-only (including Supernumerary),879,879
"National Institute of Technology Karnataka, Surathkal","Electrical and Electronics Engineering (4 Years, Bachelor of Technology)",OS,ST (PwD),Gender-Neutral,77,77
"National Institute of Technology Karnataka, Surathkal","Electronics and Communication Engineering (4 Years, Bachelor of Technology)",HS,OPEN,Gender-Neutral,2763,5120
"National Institute of Technology Karnataka, Surathkal","Electronics and Communication Engineering (4 Years, Bachelor of Technology)",HS,OPEN,Female-only (including Supernumerary),5537,7934
"National Institute of Technology Karnataka, Surathkal","Electronics and Communication Engineering (4 Years, Bachelor of Technology)",HS,OPEN (PwD),Female-only (including Supernumerary),119,119
"National Institute of Technology Karnataka, Surathkal","Electronics and Communication Engineering (4 Years, Bachelor of Technology)",HS,EWS,Gender-Neutral,1198,1517
"National Institute of Technology Karnataka, Surathkal","Electronics and Communication Engineering (4 Years, Bachelor of Technology)",HS,EWS,Female-only (including Supernumerary),4098,4098
"National Institute of Technology Karnataka, Surathkal","Electronics and Communication Engineering (4 Years, Bachelor of Technology)",HS,EWS (PwD),Gender-Neutral,138,138
"National Institute of Technology Karnataka, Surathkal","Electronics and Communication Engineering (4 Years, Bachelor of Technology)",HS,OBC-NCL,Gender-Neutral,3018,4406
"National Institute of Technology Karnataka, Surathkal","Electronics and Communication Engineering (4 Years, Bachelor of Technology)",HS,OBC-NCL,Female-only (including Supernumerary),7201,10184
"National Institute of Technology Karnataka, Surathkal","Electronics and Communication Engineering (4 Years, Bachelor of Technology)",HS,OBC-NCL (PwD),Gender-Neutral,132,132
"National Institute of Technology Karnataka, Surathkal","Electronics and Communication Engineering (4 Years, Bachelor of Technology)",HS,SC,Gender-Neutral,1069,1959
"National Institute of Technology Karnataka, Surathkal","Electronics and Communication Engineering (4 Years, Bachelor of Technology)",HS,SC,Female-only (including Supernumerary),2409,2438
"National Institute of Technology Karnataka, Surathkal","Electronics and Communication Engineering (4 Years, Bachelor of Technology)",HS,ST,Gender-Neutral,705,707
"National Institute of Technology Karnataka, Surathkal","Electronics and Communication Engineering (4 Years, Bachelor of Technology)",HS,ST,Female-only (including Supernumerary),484,484
"National Institute of Technology Karnataka, Surathkal","Electronics and Communication Engineering (4 Years, Bachelor of Technology)",HS,ST (PwD),Gender-Neutral,20,20
"National Institute of Technology Karnataka, Surathkal","Electronics and Communication Engineering (4 Years, Bachelor of Technology)",OS,OPEN,Gender-Neutral,1248,3871
"National Institute of Technology Karnataka, Surathkal","Electronics and Communication Engineering (4 Years, Bachelor of Technology)",OS,OPEN,Female-only (including Supernumerary),5959,7035
"National Institute of Technology Karnataka, Surathkal","Electronics and Communication Engineering (4 Years, Bachelor of Technology)",OS,OPEN (PwD),Female-only (including Supernumerary),382,382
"National Institute of Technology Karnataka, Surathkal","Electronics and Communication Engineering (4 Years, Bachelor of Technology)",OS,EWS,Gender-Neutral,546,689
"National Institute of Technology Karnataka, Surathkal","Electronics and Communication Engineering (4 Years, Bachelor of Technology)",OS,EWS,Female-only (including Supernumerary),1225,1225
"National Institute of Technology Karnataka, Surathkal","Electronics and Communication Engineering (4 Years, Bachelor of Technology)",OS,OBC-NCL,Gender-Neutral,1252,1565
"National Institute of Technology Karnataka, Surathkal","Electronics and Communication Engineering (4 Years, Bachelor of Technology)",OS,OBC-NCL,Female-only (including Supernumerary),2180,2551
"National Institute of Technology Karnataka, Surathkal","Electronics and Communication Engineering (4 Years, Bachelor of Technology)",OS,SC,Gender-Neutral,667,986
"National Institute of Technology Karnataka, Surathkal","Electronics and Communication Engineering (4 Years, Bachelor of Technology)",OS,SC,Female-only (including Supernumerary),1580,1580
"National Institute of Technology Karnataka, Surathkal","Electronics and Communication Engineering (4 Years, Bachelor of Technology)",OS,SC (PwD),Gender-Neutral,65,65
"National Institute of Technology Karnataka, Surathkal","Electronics and Communication Engineering (4 Years, Bachelor of Technology)",OS,ST,Gender-Neutral,271,309
"National Institute of Technology Karnataka, Surathkal","Electronics and Communication Engineering (4 Years, Bachelor of Technology)",OS,ST,Female-only (including Supernumerary),345,345
"National Institute of Technology Karnataka, Surathkal","Information Technology (4 Years, Bachelor of Technology)",HS,OPEN,Gender-Neutral,2911,3877
"National Institute of Technology Karnataka, Surathkal","Information Technology (4 Years, Bachelor of Technology)",HS,OPEN,Female-only (including Supernumerary),3814,5617
"National Institute of Technology Karnataka, Surathkal","Information Technology (4 Years, Bachelor of Technology)",HS,OPEN (PwD),Gender-Neutral,164,164
"National Institute of Technology Karnataka, Surathkal","Information Technology (4 Years, Bachelor of Technology)",HS,EWS,Gender-Neutral,1293,1333
"National Institute of Technology Karnataka, Surathkal","Information Technology (4 Years, Bachelor of Technology)",HS,EWS,Female-only (including Supernumerary),5570,5570
"National Institute of Technology Karnataka, Surathkal","Information Technology (4 Years, Bachelor of Technology)",HS,OBC-NCL,Gender-Neutral,2122,3268
"National Institute of Technology Karnataka, Surathkal","Information Technology (4 Years, Bachelor of Technology)",HS,OBC-NCL,Female-only (including Supernumerary),6129,7052
"National Institute of Technology Karnataka, Surathkal","Information Technology (4 Years, Bachelor of Technology)",HS,OBC-NCL (PwD),Female-only (including Supernumerary),500,500
"National Institute of Technology Karnataka, Surathkal","Information Technology (4 Years, Bachelor of Technology)",HS,SC,Gender-Neutral,1253,1860
"National Institute of Technology Karnataka, Surathkal","Information Technology (4 Years, Bachelor of Technology)",HS,SC,Female-only (including Supernumerary),2572,2572
"National Institute of Technology Karnataka, Surathkal","Information Technology (4 Years, Bachelor of Technology)",HS,ST,Gender-Neutral,506,613
"National Institute of Technology Karnataka, Surathkal","Information Technology (4 Years, Bachelor of Technology)",HS,ST,Female-only (including Supernumerary),958,958
"National Institute of Technology Karnataka, Surathkal","Information Technology (4 Years, Bachelor of Technology)",OS,OPEN,Gender-Neutral,1697,2842
"National Institute of Technology Karnataka, Surathkal","Information Technology (4 Years, Bachelor of Technology)",OS,OPEN,Female-only (including Supernumerary),2850,4876
"National Institute of Technology Karnataka, Surathkal","Information Technology (4 Years, Bachelor of Technology)",OS,OPEN (PwD),Gender-Neutral,198,198
"National Institute of Technology Karnataka, Surathkal","Information Technology (4 Years, Bachelor of Technology)",OS,EWS,Gender-Neutral,365,398
"National Institute of Technology Karnataka, Surathkal","Information Technology (4 Years, Bachelor of Technology)",OS,EWS,Female-only (including Supernumerary),720,720
"National Institute of Technology Karnataka, Surathkal","Information Technology (4 Years, Bachelor of Technology)",OS,OBC-NCL,Gender-Neutral,662,1038
"National Institute of Technology Karnataka, Surathkal","Information Technology (4 Years, Bachelor of Technology)",OS,OBC-NCL,Female-only (including Supernumerary),1783,1949
"National Institute of Technology Karnataka, Surathkal","Information Technology (4 Years, Bachelor of Technology)",OS,SC,Gender-Neutral,639,852
"National Institute of Technology Karnataka, Surathkal","Information Technology (4 Years, Bachelor of Technology)",OS,SC,Female-only (including Supernumerary),877,877
"National Institute of Technology Karnataka, Surathkal","Information Technology (4 Years, Bachelor of Technology)",OS,SC (PwD),Gender-Neutral,61,61
"National Institute of Technology Karnataka, Surathkal","Information Technology (4 Years, Bachelor of Technology)",OS,ST,Gender-Neutral,158,158
"National Institute of Technology Karnataka, Surathkal","Information Technology (4 Years, Bachelor of Technology)",OS,ST (PwD),Gender-Neutral,11,11
"National Institute of Technology Karnataka, Surathkal","Mechanical Engineering (4 Years, Bachelor of Technology)",HS,OPEN,Gender-Neutral,3340,12867
"National Institute of Technology Karnataka, Surathkal","Mechanical Engineering (4 Years, Bachelor of Technology)",HS,OPEN,Female-only (including Supernumerary),14820,27829
"National Institute of Technology Karnataka, Surathkal","Mechanical Engineering (4 Years, Bachelor of Technology)",HS,OPEN (PwD),Gender-Neutral,1166,1166
"National Institute of Technology Karnataka, Surathkal","Mechanical Engineering (4 Years, Bachelor of Technology)",HS,EWS,Gender-Neutral,2994,3965
"National Institute of Technology Karnataka, Surathkal","Mechanical Engineering (4 Years, Bachelor of Technology)",HS,EWS,Female-only (including Supernumerary),4440,7630
"National Institute of Technology Karnataka, Surathkal","Mechanical Engineering (4 Years, Bachelor of Technology)",HS,EWS (PwD),Gender-Neutral,197,197
"National Institute of Technology Karnataka, Surathkal","Mechanical Engineering (4 Years, Bachelor of Technology)",HS,OBC-NCL,Gender-Neutral,3853,10194
"National Institute of Technology Karnataka, Surathkal","Mechanical Engineering (4 Years, Bachelor of Technology)",HS,OBC-NCL,Female-only (including Supernumerary),11224,17914
"National Institute of Technology Karnataka, Surathkal","Mechanical Engineering (4 Years, Bachelor of Technology)",HS,OBC-NCL (PwD),Gender-Neutral,680,680
"National Institute of Technology Karnataka, Surathkal","Mechanical Engineering (4 Years, Bachelor of Technology)",HS,SC,Gender-Neutral,926,4424
"National Institute of Technology Karnataka, Surathkal","Mechanical Engineering (4 Years, Bachelor of Technology)",HS,SC,Female-only (including Supernumerary),5809,6192
"National Institute of Technology Karnataka, Surathkal","Mechanical Engineering (4 Years, Bachelor of Technology)",HS,SC (PwD),Gender-Neutral,333,333
"National Institute of Technology Karnataka, Surathkal","Mechanical Engineering (4 Years, Bachelor of Technology)",HS,ST,Gender-Neutral,1221,1618
"National Institute of Technology Karnataka, Surathkal","Mechanical Engineering (4 Years, Bachelor of Technology)",HS,ST,Female-only (including Supernumerary),3183,3183
"National Institute of Technology Karnataka, Surathkal","Mechanical Engineering (4 Years, Bachelor of Technology)",OS,OPEN,Gender-Neutral,3412,10643
"National Institute of Technology Karnataka, Surathkal","Mechanical Engineering (4 Years, Bachelor of Technology)",OS,OPEN,Female-only (including Supernumerary),20398,22059
"National Institute of Technology Karnataka, Surathkal","Mechanical Engineering (4 Years, Bachelor of Technology)",OS,OPEN (PwD),Gender-Neutral,423,478
"National Institute of Technology Karnataka, Surathkal","Mechanical Engineering (4 Years, Bachelor of Technology)",OS,OPEN (PwD),Female-only (including Supernumerary),1305,1305
"National Institute of Technology Karnataka, Surathkal","Mechanical Engineering (4 Years, Bachelor of Technology)",OS,EWS,Gender-Neutral,1817,1997
"National Institute of Technology Karnataka, Surathkal","Mechanical Engineering (4 Years, Bachelor of Technology)",OS,EWS,Female-only (including Supernumerary),3432,3482
"National Institute of Technology Karnataka, Surathkal","Mechanical Engineering (4 Years, Bachelor of Technology)",OS,OBC-NCL,Gender-Neutral,2659,4882
"National Institute of Technology Karnataka, Surathkal","Mechanical Engineering (4 Years, Bachelor of Technology)",OS,OBC-NCL,Female-only (including Supernumerary),7829,8557
"National Institute of Technology Karnataka, Surathkal","Mechanical Engineering (4 Years, Bachelor of Technology)",OS,OBC-NCL (PwD),Gender-Neutral,377,377
"National Institute of Technology Karnataka, Surathkal","Mechanical Engineering (4 Years, Bachelor of Technology)",OS,SC,Gender-Neutral,566,2633
"National Institute of Technology Karnataka, Surathkal","Mechanical Engineering (4 Years, Bachelor of Technology)",OS,SC,Female-only (including Supernumerary),4513,4897
"National Institute of Technology Karnataka, Surathkal","Mechanical Engineering (4 Years, Bachelor of Technology)",OS,SC (PwD),Gender-Neutral,127,127
"National Institute of Technology Karnataka, Surathkal","Mechanical Engineering (4 Years, Bachelor of Technology)",OS,ST,Gender-Neutral,838,1134
"National Institute of Technology Karnataka, Surathkal","Mechanical Engineering (4 Years, Bachelor of Technology)",OS,ST,Female-only (including Supernumerary),1705,1765
"National Institute of Technology Karnataka, Surathkal","Metallurgical and Materials Engineering (4 Years, Bachelor of Technology)",HS,OPEN,Gender-Neutral,11386,24567
"National Institute of Technology Karnataka, Surathkal","Metallurgical and Materials Engineering (4 Years, Bachelor of Technology)",HS,OPEN,Female-only (including Supernumerary),28212,32742
"National Institute of Technology Karnataka, Surathkal","Metallurgical and Materials Engineering (4 Years, Bachelor of Technology)",HS,OPEN (PwD),Gender-Neutral,2028,2028
"National Institute of Technology Karnataka, Surathkal","Metallurgical and Materials Engineering (4 Years, Bachelor of Technology)",HS,EWS,Gender-Neutral,4647,5369
"National Institute of Technology Karnataka, Surathkal","Metallurgical and Materials Engineering (4 Years, Bachelor of Technology)",HS,OBC-NCL,Gender-Neutral,12125,15220
"National Institute of Technology Karnataka, Surathkal","Metallurgical and Materials Engineering (4 Years, Bachelor of Technology)",HS,OBC-NCL,Female-only (including Supernumerary),19899,21498
"National Institute of Technology Karnataka, Surathkal","Metallurgical and Materials Engineering (4 Years, Bachelor of Technology)",HS,SC,Gender-Neutral,7582,9437
"National Institute of Technology Karnataka, Surathkal","Metallurgical and Materials Engineering (4 Years, Bachelor of Technology)",HS,SC,Female-only (including Supernumerary),9288,9288
"National Institute of Technology Karnataka, Surathkal","Metallurgical and Materials Engineering (4 Years, Bachelor of Technology)",HS,ST,Gender-Neutral,1965,1965
"National Institute of Technology Karnataka, Surathkal","Metallurgical and Materials Engineering (4 Years, Bachelor of Technology)",HS,ST,Female-only (including Supernumerary),2990,2990
"National Institute of Technology Karnataka, Surathkal","Metallurgical and Materials Engineering (4 Years, Bachelor of Technology)",OS,OPEN,Gender-Neutral,14034,23075
"National Institute of Technology Karnataka, Surathkal","Metallurgical and Materials Engineering (4 Years, Bachelor of Technology)",OS,OPEN,Female-only (including Supernumerary),31977,34280
"National Institute of Technology Karnataka, Surathkal","Metallurgical and Materials Engineering (4 Years, Bachelor of Technology)",OS,OPEN (PwD),Gender-Neutral,922,922
"National Institute of Technology Karnataka, Surathkal","Metallurgical and Materials Engineering (4 Years, Bachelor of Technology)",OS,EWS,Gender-Neutral,3796,4294
"National Institute of Technology Karnataka, Surathkal","Metallurgical and Materials Engineering (4 Years, Bachelor of Technology)",OS,EWS,Female-only (including Supernumerary),6862,6862
"National Institute of Technology Karnataka, Surathkal","Metallurgical and Materials Engineering (4 Years, Bachelor of Technology)",OS,OBC-NCL,Gender-Neutral,8792,9034
"National Institute of Technology Karnataka, Surathkal","Metallurgical and Materials Engineering (4 Years, Bachelor of Technology)",OS,OBC-NCL,Female-only (including Supernumerary),13323,13641
"National Institute of Technology Karnataka, Surathkal","Metallurgical and Materials Engineering (4 Years, Bachelor of Technology)",OS,OBC-NCL (PwD),Gender-Neutral,492,492
"National Institute of Technology Karnataka, Surathkal","Metallurgical and Materials Engineering (4 Years, Bachelor of Technology)",OS,SC,Gender-Neutral,4966,5257
"National Institute of Technology Karnataka, Surathkal","Metallurgical and Materials Engineering (4 Years, Bachelor of Technology)",OS,SC,Female-only (including Supernumerary),5721,5721
"National Institute of Technology Karnataka, Surathkal","Metallurgical and Materials Engineering (4 Years, Bachelor of Technology)",OS,ST,Gender-Neutral,1958,2069
"National Institute of Technology Karnataka, Surathkal","Mining Engineering (4 Years, Bachelor of Technology)",HS,OPEN,Gender-Neutral,21936,35730
"National Institute of Technology Karnataka, Surathkal","Mining Engineering (4 Years, Bachelor of Technology)",HS,OPEN,Female-only (including Supernumerary),41413,59300
"National Institute of Technology Karnataka, Surathkal","Mining Engineering (4 Years, Bachelor of Technology)",HS,EWS,Gender-Neutral,7099,7572
"National Institute of Technology Karnataka, Surathkal","Mining Engineering (4 Years, Bachelor of Technology)",HS,OBC-NCL,Gender-Neutral,15293,16504
"National Institute of Technology Karnataka, Surathkal","Mining Engineering (4 Years, Bachelor of Technology)",HS,OBC-NCL,Female-only (including Supernumerary),20090,30036
"National Institute of Technology Karnataka, Surathkal","Mining Engineering (4 Years, Bachelor of Technology)",HS,SC,Gender-Neutral,7324,9388
"National Institute of Technology Karnataka, Surathkal","Mining Engineering (4 Years, Bachelor of Technology)",HS,SC,Female-only (including Supernumerary),9554,9554
"National Institute of Technology Karnataka, Surathkal","Mining Engineering (4 Years, Bachelor of Technology)",HS,ST,Gender-Neutral,1861,1861
"National Institute of Technology Karnataka, Surathkal","Mining Engineering (4 Years, Bachelor of Technology)",OS,OPEN,Gender-Neutral,21500,27493
"National Institute of Technology Karnataka, Surathkal","Mining Engineering (4 Years, Bachelor of Technology)",OS,OPEN,Female-only (including Supernumerary),35840,45414
"National Institute of Technology Karnataka, Surathkal","Mining Engineering (4 Years, Bachelor of Technology)",OS,EWS,Gender-Neutral,4418,4482
"National Institute of Technology Karnataka, Surathkal","Mining Engineering (4 Years, Bachelor of Technology)",OS,EWS,Female-only (including Supernumerary),7717,7717
"National Institute of Technology Karnataka, Surathkal","Mining Engineering (4 Years, Bachelor of Technology)",OS,OBC-NCL,Gender-Neutral,9288,10458
"National Institute of Technology Karnataka, Surathkal","Mining Engineering (4 Years, Bachelor of Technology)",OS,OBC-NCL,Female-only (including Supernumerary),15377,15377
"National Institute of Technology Karnataka, Surathkal","Mining Engineering (4 Years, Bachelor of Technology)",OS,SC,Gender-Neutral,5051,5712
"National Institute of Technology Karnataka, Surathkal","Mining Engineering (4 Years, Bachelor of Technology)",OS,SC,Female-only (including Supernumerary),6118,6118
"National Institute of Technology Karnataka, Surathkal","Mining Engineering (4 Years, Bachelor of Technology)",OS,ST,Gender-Neutral,1465,1538
"National Institute of Technology Karnataka, Surathkal","Mining Engineering (4 Years, Bachelor of Technology)",OS,ST,Female-only (including Supernumerary),3223,3223
National Institute of Technology Meghalaya,"Civil Engineering (4 Years, Bachelor of Technology)",HS,OPEN,Gender-Neutral,169930,169930
National Institute of Technology Meghalaya,"Civil Engineering (4 Years, Bachelor of Technology)",HS,OPEN,Female-only (including Supernumerary),296304,296304
National Institute of Technology Meghalaya,"Civil Engineering (4 Years, Bachelor of Technology)",HS,ST,Gender-Neutral,2211,12084
National Institute of Technology Meghalaya,"Civil Engineering (4 Years, Bachelor of Technology)",HS,ST,Female-only (including Supernumerary),7985,8698
National Institute of Technology Meghalaya,"Civil Engineering (4 Years, Bachelor of Technology)",OS,OPEN,Gender-Neutral,45085,48731
National Institute of Technology Meghalaya,"Civil Engineering (4 Years, Bachelor of Technology)",OS,OPEN,Female-only (including Supernumerary),58227,60488
National Institute of Technology Meghalaya,"Civil Engineering (4 Years, Bachelor of Technology)",OS,EWS,Gender-Neutral,7929,7929
National Institute of Technology Meghalaya,"Civil Engineering (4 Years, Bachelor of Technology)",OS,OBC-NCL,Gender-Neutral,15635,17008
National Institute of Technology Meghalaya,"Civil Engineering (4 Years, Bachelor of Technology)",OS,OBC-NCL,Female-only (including Supernumerary),23119,23119
National Institute of Technology Meghalaya,"Civil Engineering (4 Years, Bachelor of Technology)",OS,SC,Gender-Neutral,7619,7662
National Institute of Technology Meghalaya,"Civil Engineering (4 Years, Bachelor of Technology)",OS,ST,Gender-Neutral,2156,2156
National Institute of Technology Meghalaya,"Computer Science and Engineering (4 Years, Bachelor of Technology)",HS,OPEN,Gender-Neutral,31545,31545
National Institute of Technology Meghalaya,"Computer Science and Engineering (4 Years, Bachelor of Technology)",HS,OPEN,Female-only (including Supernumerary),198857,198857
National Institute of Technology Meghalaya,"Computer Science and Engineering (4 Years, Bachelor of Technology)",HS,EWS,Gender-Neutral,30856,30856
National Institute of Technology Meghalaya,"Computer Science and Engineering (4 Years, Bachelor of Technology)",HS,SC,Gender-Neutral,17255,19897
National Institute of Technology Meghalaya,"Computer Science and Engineering (4 Years, Bachelor of Technology)",HS,ST,Gender-Neutral,2763,7348
National Institute of Technology Meghalaya,"Computer Science and Engineering (4 Years, Bachelor of Technology)",HS,ST,Female-only (including Supernumerary),4705,4705
National Institute of Technology Meghalaya,"Computer Science and Engineering (4 Years, Bachelor of Technology)",OS,OPEN,Gender-Neutral,14656,20013
National Institute of Technology Meghalaya,"Computer Science and Engineering (4 Years, Bachelor of Technology)",OS,OPEN,Female-only (including Supernumerary),35153,35153
National Institute of Technology Meghalaya,"Computer Science and Engineering (4 Years, Bachelor of Technology)",OS,EWS,Gender-Neutral,3117,3117
National Institute of Technology Meghalaya,"Computer Science and Engineering (4 Years, Bachelor of Technology)",OS,EWS (PwD),Gender-Neutral,323,323
National Institute of Technology Meghalaya,"Computer Science and Engineering (4 Years, Bachelor of Technology)",OS,OBC-NCL,Gender-Neutral,5115,6373
National Institute of Technology Meghalaya,"Computer Science and Engineering (4 Years, Bachelor of Technology)",OS,OBC-NCL,Female-only (including Supernumerary),13146,13146
National Institute of Technology Meghalaya,"Computer Science and Engineering (4 Years, Bachelor of Technology)",OS,SC,Gender-Neutral,3059,3059
National Institute of Technology Meghalaya,"Computer Science and Engineering (4 Years, Bachelor of Technology)",OS,SC,Female-only (including Supernumerary),5288,5288
National Institute of Technology Meghalaya,"Computer Science and Engineering (4 Years, Bachelor of Technology)",OS,ST,Gender-Neutral,1031,1031
National Institute of Technology Meghalaya,"Electrical and Electronics Engineering (4 Years, Bachelor of Technology)",HS,OPEN,Gender-Neutral,188231,188231
National Institute of Technology Meghalaya,"Electrical and Electronics Engineering (4 Years, Bachelor of Technology)",HS,OPEN,Female-only (including Supernumerary),459245,459245
National Institute of Technology Meghalaya,"Electrical and Electronics Engineering (4 Years, Bachelor of Technology)",HS,EWS,Gender-Neutral,39020,39020
National Institute of Technology Meghalaya,"Electrical and Electronics Engineering (4 Years, Bachelor of Technology)",HS,SC,Gender-Neutral,27941,27941
National Institute of Technology Meghalaya,"Electrical and Electronics Engineering (4 Years, Bachelor of Technology)",HS,ST,Gender-Neutral,3797,18350
National Institute of Technology Meghalaya,"Electrical and Electronics Engineering (4 Years, Bachelor of Technology)",HS,ST,Female-only (including Supernumerary),18898,19966
National Institute of Technology Meghalaya,"Electrical and Electronics Engineering (4 Years, Bachelor of Technology)",OS,OPEN,Gender-Neutral,29518,34741
National Institute of Technology Meghalaya,"Electrical and Electronics Engineering (4 Years, Bachelor of Technology)",OS,OPEN,Female-only (including Supernumerary),39502,39502
National Institute of Technology Meghalaya,"Electrical and Electronics Engineering (4 Years, Bachelor of Technology)",OS,EWS,Gender-Neutral,6271,6309
National Institute of Technology Meghalaya,"Electrical and Electronics Engineering (4 Years, Bachelor of Technology)",OS,OBC-NCL,Gender-Neutral,11675,12614
National Institute of Technology Meghalaya,"Electrical and Electronics Engineering (4 Years, Bachelor of Technology)",OS,OBC-NCL,Female-only (including Supernumerary),18540,18540
National Institute of Technology Meghalaya,"Electrical and Electronics Engineering (4 Years, Bachelor of Technology)",OS,OBC-NCL (PwD),Gender-Neutral,1040,1040
National Institute of Technology Meghalaya,"Electrical and Electronics Engineering (4 Years, Bachelor of Technology)",OS,SC,Gender-Neutral,7111,7193
National Institute of Technology Meghalaya,"Electrical and Electronics Engineering (4 Years, Bachelor of Technology)",OS,ST,Female-only (including Supernumerary),3815,3815
National Institute of Technology Meghalaya,"Electronics and Communication Engineering (4 Years, Bachelor of Technology)",HS,OPEN,Gender-Neutral,55668,102988
National Institute of Technology Meghalaya,"Electronics and Communication Engineering (4 Years, Bachelor of Technology)",HS,OPEN,Female-only (including Supernumerary),365786,365786
National Institute of Technology Meghalaya,"Electronics and Communication Engineering (4 Years, Bachelor of Technology)",HS,ST,Gender-Neutral,2172,18174
National Institute of Technology Meghalaya,"Electronics and Communication Engineering (4 Years, Bachelor of Technology)",HS,ST,Female-only (including Supernumerary),8248,21839
National Institute of Technology Meghalaya,"Electronics and Communication Engineering (4 Years, Bachelor of Technology)",OS,OPEN,Gender-Neutral,20431,28402
National Institute of Technology Meghalaya,"Electronics and Communication Engineering (4 Years, Bachelor of Technology)",OS,OPEN,Female-only (including Supernumerary),37937,37937
National Institute of Technology Meghalaya,"Electronics and Communication Engineering (4 Years, Bachelor of Technology)",OS,OPEN (PwD),Gender-Neutral,1802,1802
National Institute of Technology Meghalaya,"Electronics and Communication Engineering (4 Years, Bachelor of Technology)",OS,EWS,Gender-Neutral,4534,4534
National Institute of Technology Meghalaya,"Electronics and Communication Engineering (4 Years, Bachelor of Technology)",OS,EWS,Female-only (including Supernumerary),7028,7028
National Institute of Technology Meghalaya,"Electronics and Communication Engineering (4 Years, Bachelor of Technology)",OS,OBC-NCL,Gender-Neutral,7991,9463
National Institute of Technology Meghalaya,"Electronics and Communication Engineering (4 Years, Bachelor of Technology)",OS,OBC-NCL,Female-only (including Supernumerary),18059,18059
National Institute of Technology Meghalaya,"Electronics and Communication Engineering (4 Years, Bachelor of Technology)",OS,SC,Gender-Neutral,4878,4878
National Institute of Technology Meghalaya,"Electronics and Communication Engineering (4 Years, Bachelor of Technology)",OS,SC,Female-only (including Supernumerary),6961,6961
National Institute of Technology Meghalaya,"Electronics and Communication Engineering (4 Years, Bachelor of Technology)",OS,ST,Gender-Neutral,1463,1463
National Institute of Technology Meghalaya,"Mechanical Engineering (4 Years, Bachelor of Technology)",HS,OPEN,Gender-Neutral,162491,162491
National Institute of Technology Meghalaya,"Mechanical Engineering (4 Years, Bachelor of Technology)",HS,OPEN,Female-only (including Supernumerary),458027,458027
National Institute of Technology Meghalaya,"Mechanical Engineering (4 Years, Bachelor of Technology)",HS,SC,Gender-Neutral,39038,39038
National Institute of Technology Meghalaya,"Mechanical Engineering (4 Years, Bachelor of Technology)",HS,ST,Gender-Neutral,11165,18638
National Institute of Technology Meghalaya,"Mechanical Engineering (4 Years, Bachelor of Technology)",HS,ST,Female-only (including Supernumerary),16864,16864
National Institute of Technology Meghalaya,"Mechanical Engineering (4 Years, Bachelor of Technology)",OS,OPEN,Gender-Neutral,41553,46582
National Institute of Technology Meghalaya,"Mechanical Engineering (4 Years, Bachelor of Technology)",OS,OPEN,Female-only (including Supernumerary),53708,53708
National Institute of Technology Meghalaya,"Mechanical Engineering (4 Years, Bachelor of Technology)",OS,EWS,Gender-Neutral,7661,7661
National Institute of Technology Meghalaya,"Mechanical Engineering (4 Years, Bachelor of Technology)",OS,OBC-NCL,Gender-Neutral,14017,14581
National Institute of Technology Meghalaya,"Mechanical Engineering (4 Years, Bachelor of Technology)",OS,OBC-NCL,Female-only (including Supernumerary),19920,19920
National Institute of Technology Meghalaya,"Mechanical Engineering (4 Years, Bachelor of Technology)",OS,SC,Gender-Neutral,6184,7521
National Institute of Technology Meghalaya,"Mechanical Engineering (4 Years, Bachelor of Technology)",OS,SC,Female-only (including Supernumerary),11251,11251
National Institute of Technology Meghalaya,"Mechanical Engineering (4 Years, Bachelor of Technology)",OS,ST,Gender-Neutral,2944,2952
National Institute of Technology Nagaland,"Civil Engineering (4 Years, Bachelor of Technology)",HS,ST,Gender-Neutral,3299,11973
National Institute of Technology Nagaland,"Civil Engineering (4 Years, Bachelor of Technology)",HS,ST,Female-only (including Supernumerary),5162,7255
National Institute of Technology Nagaland,"Civil Engineering (4 Years, Bachelor of Technology)",OS,OPEN,Gender-Neutral,46318,54994
National Institute of Technology Nagaland,"Civil Engineering (4 Years, Bachelor of Technology)",OS,OPEN,Female-only (including Supernumerary),65404,66769
National Institute of Technology Nagaland,"Civil Engineering (4 Years, Bachelor of Technology)",OS,EWS,Gender-Neutral,9177,9364
National Institute of Technology Nagaland,"Civil Engineering (4 Years, Bachelor of Technology)",OS,OBC-NCL,Gender-Neutral,17479,17686
National Institute of Technology Nagaland,"Civil Engineering (4 Years, Bachelor of Technology)",OS,OBC-NCL,Female-only (including Supernumerary),23856,23856
National Institute of Technology Nagaland,"Civil Engineering (4 Years, Bachelor of Technology)",OS,SC,Gender-Neutral,8435,8804
National Institute of Technology Nagaland,"Civil Engineering (4 Years, Bachelor of Technology)",OS,SC,Female-only (including Supernumerary),10127,10127
National Institute of Technology Nagaland,"Computer Science and Engineering (4 Years, Bachelor of Technology)",HS,ST,Gender-Neutral,5615,10791
National Institute of Technology Nagaland,"Computer Science and Engineering (4 Years, Bachelor of Technology)",HS,ST,Female-only (including Supernumerary),6603,12883
National Institute of Technology Nagaland,"Computer Science and Engineering (4 Years, Bachelor of Technology)",OS,OPEN,Gender-Neutral,22429,31298
National Institute of Technology Nagaland,"Computer Science and Engineering (4 Years, Bachelor of Technology)",OS,OPEN,Female-only (including Supernumerary),19455,19455
National Institute of Technology Nagaland,"Computer Science and Engineering (4 Years, Bachelor of Technology)",OS,OPEN (PwD),Female-only (including Supernumerary),1770,1770
National Institute of Technology Nagaland,"Computer Science and Engineering (4 Years, Bachelor of Technology)",OS,EWS,Gender-Neutral,5204,5233
National Institute of Technology Nagaland,"Computer Science and Engineering (4 Years, Bachelor of Technology)",OS,EWS (PwD),Gender-Neutral,465,465
National Institute of Technology Nagaland,"Computer Science and Engineering (4 Years, Bachelor of Technology)",OS,OBC-NCL,Gender-Neutral,9073,10561
National Institute of Technology Nagaland,"Computer Science and Engineering (4 Years, Bachelor of Technology)",OS,OBC-NCL (PwD),Female-only (including Supernumerary),1422,1422
National Institute of Technology Nagaland,"Computer Science and Engineering (4 Years, Bachelor of Technology)",OS,SC,Gender-Neutral,3905,4460
National Institute of Technology Nagaland,"Electrical and Electronics Engineering (4 Years, Bachelor of Technology)",HS,ST,Gender-Neutral,10616,20854
National Institute of Technology Nagaland,"Electrical and Electronics Engineering (4 Years, Bachelor of Technology)",HS,ST,Female-only (including Supernumerary),19133,20361
National Institute of Technology Nagaland,"Electrical and Electronics Engineering (4 Years, Bachelor of Technology)",OS,OPEN,Gender-Neutral,42470,45326
National Institute of Technology Nagaland,"Electrical and Electronics Engineering (4 Years, Bachelor of Technology)",OS,OPEN,Female-only (including Supernumerary),52564,53289
National Institute of Technology Nagaland,"Electrical and Electronics Engineering (4 Years, Bachelor of Technology)",OS,OPEN (PwD),Gender-Neutral,3249,3249
National Institute of Technology Nagaland,"Electrical and Electronics Engineering (4 Years, Bachelor of Technology)",OS,EWS,Gender-Neutral,7430,7920
National Institute of Technology Nagaland,"Electrical and Electronics Engineering (4 Years, Bachelor of Technology)",OS,OBC-NCL,Gender-Neutral,13343,15216
National Institute of Technology Nagaland,"Electrical and Electronics Engineering (4 Years, Bachelor of Technology)",OS,OBC-NCL,Female-only (including Supernumerary),19496,19496
National Institute of Technology Nagaland,"Electrical and Electronics Engineering (4 Years, Bachelor of Technology)",OS,SC,Gender-Neutral,6738,6738
National Institute of Technology Nagaland,"Electrical and Electronics Engineering (4 Years, Bachelor of Technology)",OS,SC,Female-only (including Supernumerary),9576,9576
National Institute of Technology Nagaland,"Electronics and Communication Engineering (4 Years, Bachelor of Technology)",HS,ST,Gender-Neutral,13098,29330
National Institute of Technology Nagaland,"Electronics and Communication Engineering (4 Years, Bachelor of Technology)",HS,ST,Female-only (including Supernumerary),6132,13947
National Institute of Technology Nagaland,"Electronics and Communication Engineering (4 Years, Bachelor of Technology)",OS,OPEN,Gender-Neutral,33367,40015
National Institute of Technology Nagaland,"Electronics and Communication Engineering (4 Years, Bachelor of Technology)",OS,OPEN,Female-only (including Supernumerary),43057,50690
National Institute of Technology Nagaland,"Electronics and Communication Engineering (4 Years, Bachelor of Technology)",OS,EWS,Gender-Neutral,6793,6950
National Institute of Technology Nagaland,"Electronics and Communication Engineering (4 Years, Bachelor of Technology)",OS,OBC-NCL,Gender-Neutral,12035,13249
National Institute of Technology Nagaland,"Electronics and Communication Engineering (4 Years, Bachelor of Technology)",OS,OBC-NCL,Female-only (including Supernumerary),17431,17431
National Institute of Technology Nagaland,"Electronics and Communication Engineering (4 Years, Bachelor of Technology)",OS,SC,Gender-Neutral,6353,6439
National Institute of Technology Nagaland,"Electronics and Instrumentation Engineering (4 Years, Bachelor of Technology)",HS,ST,Gender-Neutral,19650,32284
National Institute of Technology Nagaland,"Electronics and Instrumentation Engineering (4 Years, Bachelor of Technology)",HS,ST,Female-only (including Supernumerary),13872,13872
National Institute of Technology Nagaland,"Electronics and Instrumentation Engineering (4 Years, Bachelor of Technology)",OS,OPEN,Gender-Neutral,45710,47219
National Institute of Technology Nagaland,"Electronics and Instrumentation Engineering (4 Years, Bachelor of Technology)",OS,OPEN,Female-only (including Supernumerary),54484,55653
National Institute of Technology Nagaland,"Electronics and Instrumentation Engineering (4 Years, Bachelor of Technology)",OS,OPEN (PwD),Gender-Neutral,3597,3597
National Institute of Technology Nagaland,"Electronics and Instrumentation Engineering (4 Years, Bachelor of Technology)",OS,EWS,Gender-Neutral,8044,8221
National Institute of Technology Nagaland,"Electronics and Instrumentation Engineering (4 Years, Bachelor of Technology)",OS,OBC-NCL,Gender-Neutral,15440,15835
National Institute of Technology Nagaland,"Electronics and Instrumentation Engineering (4 Years, Bachelor of Technology)",OS,OBC-NCL,Female-only (including Supernumerary),20988,20988
National Institute of Technology Nagaland,"Electronics and Instrumentation Engineering (4 Years, Bachelor of Technology)",OS,SC,Gender-Neutral,7728,8353
National Institute of Technology Nagaland,"Mechanical Engineering (4 Years, Bachelor of Technology)",HS,ST,Gender-Neutral,6358,19275
National Institute of Technology Nagaland,"Mechanical Engineering (4 Years, Bachelor of Technology)",HS,ST,Female-only (including Supernumerary),25400,25400
National Institute of Technology Nagaland,"Mechanical Engineering (4 Years, Bachelor of Technology)",OS,OPEN,Gender-Neutral,47676,50535
National Institute of Technology Nagaland,"Mechanical Engineering (4 Years, Bachelor of Technology)",OS,OPEN,Female-only (including Supernumerary),63079,66180
National Institute of Technology Nagaland,"Mechanical Engineering (4 Years, Bachelor of Technology)",OS,EWS,Gender-Neutral,8525,8644
National Institute of Technology Nagaland,"Mechanical Engineering (4 Years, Bachelor of Technology)",OS,OBC-NCL,Gender-Neutral,16768,17245
National Institute of Technology Nagaland,"Mechanical Engineering (4 Years, Bachelor of Technology)",OS,OBC-NCL,Female-only (including Supernumerary),23453,23737
National Institute of Technology Nagaland,"Mechanical Engineering (4 Years, Bachelor of Technology)",OS,SC,Gender-Neutral,6658,7715
National Institute of Technology Patna,"Architecture (5 Years, Bachelor of Architecture)",HS,OPEN,Gender-Neutral,2451,6201
National Institute of Technology Patna,"Architecture (5 Years, Bachelor of Architecture)",HS,OPEN,Female-only (including Supernumerary),3357,3720
National Institute of Technology Patna,"Architecture (5 Years, Bachelor of Architecture)",HS,EWS,Gender-Neutral,1032,1130
National Institute of Technology Patna,"Architecture (5 Years, Bachelor of Architecture)",HS,EWS,Female-only (including Supernumerary),1075,1075
National Institute of Technology Patna,"Architecture (5 Years, Bachelor of Architecture)",HS,OBC-NCL,Gender-Neutral,2509,3875
National Institute of Technology Patna,"Architecture (5 Years, Bachelor of Architecture)",HS,OBC-NCL,Female-only (including Supernumerary),2224,2224
National Institute of Technology Patna,"Architecture (5 Years, Bachelor of Architecture)",HS,SC,Gender-Neutral,491,765
National Institute of Technology Patna,"Architecture (5 Years, Bachelor of Architecture)",HS,SC,Female-only (including Supernumerary),547,547
National Institute of Technology Patna,"Architecture (5 Years, Bachelor of Architecture)",HS,ST,Gender-Neutral,954,954
National Institute of Technology Patna,"Architecture (5 Years, Bachelor of Architecture)",OS,OPEN,Gender-Neutral,1069,1540
National Institute of Technology Patna,"Architecture (5 Years, Bachelor of Architecture)",OS,OPEN,Female-only (including Supernumerary),932,1065
National Institute of Technology Patna,"Architecture (5 Years, Bachelor of Architecture)",OS,EWS,Gender-Neutral,723,723
National Institute of Technology Patna,"Architecture (5 Years, Bachelor of Architecture)",OS,EWS,Female-only (including Supernumerary),609,609
National Institute of Technology Patna,"Architecture (5 Years, Bachelor of Architecture)",OS,OBC-NCL,Gender-Neutral,793,907
National Institute of Technology Patna,"Architecture (5 Years, Bachelor of Architecture)",OS,OBC-NCL,Female-only (including Supernumerary),722,722
National Institute of Technology Patna,"Architecture (5 Years, Bachelor of Architecture)",OS,SC,Gender-Neutral,138,203
National Institute of Technology Patna,"Architecture (5 Years, Bachelor of Architecture)",OS,SC,Female-only (including Supernumerary),336,336
National Institute of Technology Patna,"Architecture (5 Years, Bachelor of Architecture)",OS,ST,Gender-Neutral,167,167
National Institute of Technology Patna,"Chemical Technology (5 Years, Bachelor and Master of Technology (Dual Degree))",HS,OPEN,Gender-Neutral,45827,45827
National Institute of Technology Patna,"Chemical Technology (5 Years, Bachelor and Master of Technology (Dual Degree))",HS,OPEN,Female-only (including Supernumerary),52806,52806
National Institute of Technology Patna,"Chemical Technology (5 Years, Bachelor and Master of Technology (Dual Degree))",HS,EWS,Gender-Neutral,8134,8134
National Institute of Technology Patna,"Chemical Technology (5 Years, Bachelor and Master of Technology (Dual Degree))",HS,OBC-NCL,Gender-Neutral,14533,14533
National Institute of Technology Patna,"Chemical Technology (5 Years, Bachelor and Master of Technology (Dual Degree))",HS,SC,Gender-Neutral,9246,9246
National Institute of Technology Patna,"Chemical Technology (5 Years, Bachelor and Master of Technology (Dual Degree))",OS,OPEN,Gender-Neutral,36034,36034
National Institute of Technology Patna,"Chemical Technology (5 Years, Bachelor and Master of Technology (Dual Degree))",OS,OPEN,Female-only (including Supernumerary),50778,50778
National Institute of Technology Patna,"Chemical Technology (5 Years, Bachelor and Master of Technology (Dual Degree))",OS,OPEN (PwD),Gender-Neutral,3410,3410
National Institute of Technology Patna,"Chemical Technology (5 Years, Bachelor and Master of Technology (Dual Degree))",OS,OBC-NCL,Gender-Neutral,14774,15803
National Institute of Technology Patna,"Civil Engineering (4 Years, Bachelor of Technology)",HS,OPEN,Gender-Neutral,35673,47173
National Institute of Technology Patna,"Civil Engineering (4 Years, Bachelor of Technology)",HS,OPEN,Female-only (including Supernumerary),53789,64356
National Institute of Technology Patna,"Civil Engineering (4 Years, Bachelor of Technology)",HS,OPEN (PwD),Gender-Neutral,1510,1510
National Institute of Technology Patna,"Civil Engineering (4 Years, Bachelor of Technology)",HS,EWS,Gender-Neutral,7767,7947
National Institute of Technology Patna,"Civil Engineering (4 Years, Bachelor of Technology)",HS,EWS,Female-only (including Supernumerary),10618,10618
National Institute of Technology Patna,"Civil Engineering (4 Years, Bachelor of Technology)",HS,OBC-NCL,Gender-Neutral,13725,15741
National Institute of Technology Patna,"Civil Engineering (4 Years, Bachelor of Technology)",HS,OBC-NCL,Female-only (including Supernumerary),20889,21353
National Institute of Technology Patna,"Civil Engineering (4 Years, Bachelor of Technology)",HS,OBC-NCL (PwD),Gender-Neutral,1016,1016
National Institute of Technology Patna,"Civil Engineering (4 Years, Bachelor of Technology)",HS,SC,Gender-Neutral,6426,7785
National Institute of Technology Patna,"Civil Engineering (4 Years, Bachelor of Technology)",HS,SC,Female-only (including Supernumerary),9955,10400
National Institute of Technology Patna,"Civil Engineering (4 Years, Bachelor of Technology)",HS,ST,Gender-Neutral,3386,4153
National Institute of Technology Patna,"Civil Engineering (4 Years, Bachelor of Technology)",HS,ST,Female-only (including Supernumerary),9682,9682
National Institute of Technology Patna,"Civil Engineering (4 Years, Bachelor of Technology)",OS,OPEN,Gender-Neutral,30004,43739
National Institute of Technology Patna,"Civil Engineering (4 Years, Bachelor of Technology)",OS,OPEN,Female-only (including Supernumerary),48516,52548
National Institute of Technology Patna,"Civil Engineering (4 Years, Bachelor of Technology)",OS,OPEN (PwD),Gender-Neutral,1530,1530
National Institute of Technology Patna,"Civil Engineering (4 Years, Bachelor of Technology)",OS,EWS,Gender-Neutral,7079,7174
National Institute of Technology Patna,"Civil Engineering (4 Years, Bachelor of Technology)",OS,EWS,Female-only (including Supernumerary),8638,8638
National Institute of Technology Patna,"Civil Engineering (4 Years, Bachelor of Technology)",OS,OBC-NCL,Gender-Neutral,12892,15153
National Institute of Technology Patna,"Civil Engineering (4 Years, Bachelor of Technology)",OS,OBC-NCL,Female-only (including Supernumerary),19337,20721
National Institute of Technology Patna,"Civil Engineering (4 Years, Bachelor of Technology)",OS,OBC-NCL (PwD),Gender-Neutral,1397,1397
National Institute of Technology Patna,"Civil Engineering (4 Years, Bachelor of Technology)",OS,SC,Gender-Neutral,6090,7211
National Institute of Technology Patna,"Civil Engineering (4 Years, Bachelor of Technology)",OS,SC,Female-only (including Supernumerary),9430,9447
National Institute of Technology Patna,"Civil Engineering (4 Years, Bachelor of Technology)",OS,ST,Gender-Neutral,1766,2105
National Institute of Technology Patna,"Civil Engineering (4 Years, Bachelor of Technology)",OS,ST,Female-only (including Supernumerary),3382,3382
National Institute of Technology Patna,"Civil Engineering with Specialization in Construction Technology and Management (5 Years, Bachelor and Master of Technology (Dual Degree))",HS,OPEN,Gender-Neutral,47445,47445
National Institute of Technology Patna,"Civil Engineering with Specialization in Construction Technology and Management (5 Years, Bachelor and Master of Technology (Dual Degree))",HS,OPEN,Female-only (including Supernumerary),60312,60312
National Institute of Technology Patna,"Civil Engineering with Specialization in Construction Technology and Management (5 Years, Bachelor and Master of Technology (Dual Degree))",HS,OBC-NCL,Gender-Neutral,16172,16172
National Institute of Technology Patna,"Civil Engineering with Specialization in Construction Technology and Management (5 Years, Bachelor and Master of Technology (Dual Degree))",HS,SC,Gender-Neutral,8408,8408
National Institute of Technology Patna,"Civil Engineering with Specialization in Construction Technology and Management (5 Years, Bachelor and Master of Technology (Dual Degree))",OS,OPEN,Gender-Neutral,42114,42411
National Institute of Technology Patna,"Civil Engineering with Specialization in Construction Technology and Management (5 Years, Bachelor and Master of Technology (Dual Degree))",OS,OPEN,Female-only (including Supernumerary),55854,55854
National Institute of Technology Patna,"Civil Engineering with Specialization in Construction Technology and Management (5 Years, Bachelor and Master of Technology (Dual Degree))",OS,OBC-NCL,Gender-Neutral,15361,15361
National Institute of Technology Patna,"Civil Engineering with Specialization in Construction Technology and Management (5 Years, Bachelor and Master of Technology (Dual Degree))",OS,SC,Gender-Neutral,7321,7321
National Institute of Technology Patna,"Computer Science and Engineering (4 Years, Bachelor of Technology)",HS,OPEN,Gender-Neutral,8776,17558
National Institute of Technology Patna,"Computer Science and Engineering (4 Years, Bachelor of Technology)",HS,OPEN,Female-only (including Supernumerary),16772,29874
National Institute of Technology Patna,"Computer Science and Engineering (4 Years, Bachelor of Technology)",HS,OPEN (PwD),Gender-Neutral,407,407
National Institute of Technology Patna,"Computer Science and Engineering (4 Years, Bachelor of Technology)",HS,OPEN (PwD),Female-only (including Supernumerary),1865,1865
National Institute of Technology Patna,"Computer Science and Engineering (4 Years, Bachelor of Technology)",HS,EWS,Gender-Neutral,2676,2893
National Institute of Technology Patna,"Computer Science and Engineering (4 Years, Bachelor of Technology)",HS,EWS,Female-only (including Supernumerary),4878,4878
National Institute of Technology Patna,"Computer Science and Engineering (4 Years, Bachelor of Technology)",HS,EWS (PwD),Gender-Neutral,160,160
National Institute of Technology Patna,"Computer Science and Engineering (4 Years, Bachelor of Technology)",HS,OBC-NCL,Gender-Neutral,4429,6002
National Institute of Technology Patna,"Computer Science and Engineering (4 Years, Bachelor of Technology)",HS,OBC-NCL,Female-only (including Supernumerary),8641,12189
National Institute of Technology Patna,"Computer Science and Engineering (4 Years, Bachelor of Technology)",HS,OBC-NCL (PwD),Gender-Neutral,197,197
National Institute of Technology Patna,"Computer Science and Engineering (4 Years, Bachelor of Technology)",HS,SC,Gender-Neutral,2255,3557
National Institute of Technology Patna,"Computer Science and Engineering (4 Years, Bachelor of Technology)",HS,SC,Female-only (including Supernumerary),4872,5792
National Institute of Technology Patna,"Computer Science and Engineering (4 Years, Bachelor of Technology)",HS,SC (PwD),Gender-Neutral,163,163
National Institute of Technology Patna,"Computer Science and Engineering (4 Years, Bachelor of Technology)",HS,ST,Gender-Neutral,1530,2476
National Institute of Technology Patna,"Computer Science and Engineering (4 Years, Bachelor of Technology)",HS,ST,Female-only (including Supernumerary),2449,4917
National Institute of Technology Patna,"Computer Science and Engineering (4 Years, Bachelor of Technology)",OS,OPEN,Gender-Neutral,8339,12992
National Institute of Technology Patna,"Computer Science and Engineering (4 Years, Bachelor of Technology)",OS,OPEN,Female-only (including Supernumerary),13868,21036
National Institute of Technology Patna,"Computer Science and Engineering (4 Years, Bachelor of Technology)",OS,OPEN (PwD),Gender-Neutral,381,497
National Institute of Technology Patna,"Computer Science and Engineering (4 Years, Bachelor of Technology)",OS,OPEN (PwD),Female-only (including Supernumerary),622,622
National Institute of Technology Patna,"Computer Science and Engineering (4 Years, Bachelor of Technology)",OS,EWS,Gender-Neutral,1971,2201
National Institute of Technology Patna,"Computer Science and Engineering (4 Years, Bachelor of Technology)",OS,EWS,Female-only (including Supernumerary),3264,3264
National Institute of Technology Patna,"Computer Science and Engineering (4 Years, Bachelor of Technology)",OS,EWS (PwD),Gender-Neutral,74,74
National Institute of Technology Patna,"Computer Science and Engineering (4 Years, Bachelor of Technology)",OS,OBC-NCL,Gender-Neutral,3444,4742
National Institute of Technology Patna,"Computer Science and Engineering (4 Years, Bachelor of Technology)",OS,OBC-NCL,Female-only (including Supernumerary),7873,9771
National Institute of Technology Patna,"Computer Science and Engineering (4 Years, Bachelor of Technology)",OS,OBC-NCL (PwD),Gender-Neutral,329,329
National Institute of Technology Patna,"Computer Science and Engineering (4 Years, Bachelor of Technology)",OS,SC,Gender-Neutral,1807,2894
National Institute of Technology Patna,"Computer Science and Engineering (4 Years, Bachelor of Technology)",OS,SC,Female-only (including Supernumerary),2147,3680
National Institute of Technology Patna,"Computer Science and Engineering (4 Years, Bachelor of Technology)",OS,SC (PwD),Gender-Neutral,55,55
National Institute of Technology Patna,"Computer Science and Engineering (4 Years, Bachelor of Technology)",OS,ST,Gender-Neutral,688,963
National Institute of Technology Patna,"Computer Science and Engineering (4 Years, Bachelor of Technology)",OS,ST,Female-only (including Supernumerary),1793,1962
National Institute of Technology Patna,"Computer Science and Engineering (4 Years, Bachelor of Technology)",OS,ST (PwD),Gender-Neutral,32,32
National Institute of Technology Patna,"Computer Science and Engineering with Specialization in Cyber Security (5 Years, Bachelor and Master of Technology (Dual Degree))",HS,OPEN,Gender-Neutral,20655,22864
National Institute of Technology Patna,"Computer Science and Engineering with Specialization in Cyber Security (5 Years, Bachelor and Master of Technology (Dual Degree))",HS,OPEN,Female-only (including Supernumerary),43731,43731
National Institute of Technology Patna,"Computer Science and Engineering with Specialization in Cyber Security (5 Years, Bachelor and Master of Technology (Dual Degree))",HS,OPEN (PwD),Gender-Neutral,705,705
National Institute of Technology Patna,"Computer Science and Engineering with Specialization in Cyber Security (5 Years, Bachelor and Master of Technology (Dual Degree))",HS,EWS,Gender-Neutral,3743,3743
National Institute of Technology Patna,"Computer Science and Engineering with Specialization in Cyber Security (5 Years, Bachelor and Master of Technology (Dual Degree))",HS,OBC-NCL,Gender-Neutral,7261,7434
National Institute of Technology Patna,"Computer Science and Engineering with Specialization in Cyber Security (5 Years, Bachelor and Master of Technology (Dual Degree))",HS,OBC-NCL,Female-only (including Supernumerary),15504,15504
National Institute of Technology Patna,"Computer Science and Engineering with Specialization in Cyber Security (5 Years, Bachelor and Master of Technology (Dual Degree))",HS,SC,Gender-Neutral,4670,4670
National Institute of Technology Patna,"Computer Science and Engineering with Specialization in Cyber Security (5 Years, Bachelor and Master of Technology (Dual Degree))",HS,ST,Gender-Neutral,2945,2945
National Institute of Technology Patna,"Computer Science and Engineering with Specialization in Cyber Security (5 Years, Bachelor and Master of Technology (Dual Degree))",OS,OPEN,Gender-Neutral,14351,15093
National Institute of Technology Patna,"Computer Science and Engineering with Specialization in Cyber Security (5 Years, Bachelor and Master of Technology (Dual Degree))",OS,OPEN,Female-only (including Supernumerary),24550,24550
National Institute of Technology Patna,"Computer Science and Engineering with Specialization in Cyber Security (5 Years, Bachelor and Master of Technology (Dual Degree))",OS,EWS,Gender-Neutral,2363,2363
National Institute of Technology Patna,"Computer Science and Engineering with Specialization in Cyber Security (5 Years, Bachelor and Master of Technology (Dual Degree))",OS,OBC-NCL,Gender-Neutral,4330,5641
National Institute of Technology Patna,"Computer Science and Engineering with Specialization in Cyber Security (5 Years, Bachelor and Master of Technology (Dual Degree))",OS,OBC-NCL,Female-only (including Supernumerary),11259,11259
National Institute of Technology Patna,"Computer Science and Engineering with Specialization in Cyber Security (5 Years, Bachelor and Master of Technology (Dual Degree))",OS,OBC-NCL (PwD),Gender-Neutral,431,431
National Institute of Technology Patna,"Computer Science and Engineering with Specialization in Cyber Security (5 Years, Bachelor and Master of Technology (Dual Degree))",OS,SC,Gender-Neutral,2577,2577
National Institute of Technology Patna,"Computer Science and Engineering with Specialization in Cyber Security (5 Years, Bachelor and Master of Technology (Dual Degree))",OS,ST,Gender-Neutral,1436,1436
National Institute of Technology Patna,"Computer Science and Engineering with Specialization in Data Science (5 Years, Bachelor and Master of Technology (Dual Degree))",HS,OPEN,Gender-Neutral,19041,20191
National Institute of Technology Patna,"Computer Science and Engineering with Specialization in Data Science (5 Years, Bachelor and Master of Technology (Dual Degree))",HS,OPEN,Female-only (including Supernumerary),38069,38069
National Institute of Technology Patna,"Computer Science and Engineering with Specialization in Data Science (5 Years, Bachelor and Master of Technology (Dual Degree))",HS,OPEN (PwD),Gender-Neutral,1048,1048
National Institute of Technology Patna,"Computer Science and Engineering with Specialization in Data Science (5 Years, Bachelor and Master of Technology (Dual Degree))",HS,EWS,Gender-Neutral,3261,3261
National Institute of Technology Patna,"Computer Science and Engineering with Specialization in Data Science (5 Years, Bachelor and Master of Technology (Dual Degree))",HS,OBC-NCL,Gender-Neutral,6192,6254
National Institute of Technology Patna,"Computer Science and Engineering with Specialization in Data Science (5 Years, Bachelor and Master of Technology (Dual Degree))",HS,OBC-NCL,Female-only (including Supernumerary),13334,13334
National Institute of Technology Patna,"Computer Science and Engineering with Specialization in Data Science (5 Years, Bachelor and Master of Technology (Dual Degree))",HS,SC,Gender-Neutral,4050,4050
National Institute of Technology Patna,"Computer Science and Engineering with Specialization in Data Science (5 Years, Bachelor and Master of Technology (Dual Degree))",HS,SC,Female-only (including Supernumerary),8379,8379
National Institute of Technology Patna,"Computer Science and Engineering with Specialization in Data Science (5 Years, Bachelor and Master of Technology (Dual Degree))",HS,ST,Gender-Neutral,2504,2504
National Institute of Technology Patna,"Computer Science and Engineering with Specialization in Data Science (5 Years, Bachelor and Master of Technology (Dual Degree))",OS,OPEN,Gender-Neutral,11908,13497
National Institute of Technology Patna,"Computer Science and Engineering with Specialization in Data Science (5 Years, Bachelor and Master of Technology (Dual Degree))",OS,OPEN,Female-only (including Supernumerary),23901,23901
National Institute of Technology Patna,"Computer Science and Engineering with Specialization in Data Science (5 Years, Bachelor and Master of Technology (Dual Degree))",OS,EWS,Gender-Neutral,2254,2254
National Institute of Technology Patna,"Computer Science and Engineering with Specialization in Data Science (5 Years, Bachelor and Master of Technology (Dual Degree))",OS,EWS (PwD),Gender-Neutral,218,218
National Institute of Technology Patna,"Computer Science and Engineering with Specialization in Data Science (5 Years, Bachelor and Master of Technology (Dual Degree))",OS,OBC-NCL,Gender-Neutral,5583,5654
National Institute of Technology Patna,"Computer Science and Engineering with Specialization in Data Science (5 Years, Bachelor and Master of Technology (Dual Degree))",OS,OBC-NCL,Female-only (including Supernumerary),10950,10950
National Institute of Technology Patna,"Computer Science and Engineering with Specialization in Data Science (5 Years, Bachelor and Master of Technology (Dual Degree))",OS,SC,Gender-Neutral,2766,2766
National Institute of Technology Patna,"Computer Science and Engineering with Specialization in Data Science (5 Years, Bachelor and Master of Technology (Dual Degree))",OS,ST,Gender-Neutral,1461,1461
National Institute of Technology Patna,"Electrical Engineering (4 Years, Bachelor of Technology)",HS,OPEN,Gender-Neutral,26553,31518
National Institute of Technology Patna,"Electrical Engineering (4 Years, Bachelor of Technology)",HS,OPEN,Female-only (including Supernumerary),40594,45991
National Institute of Technology Patna,"Electrical Engineering (4 Years, Bachelor of Technology)",HS,OPEN (PwD),Gender-Neutral,1739,1739
National Institute of Technology Patna,"Electrical Engineering (4 Years, Bachelor of Technology)",HS,EWS,Gender-Neutral,5096,5298
National Institute of Technology Patna,"Electrical Engineering (4 Years, Bachelor of Technology)",HS,EWS,Female-only (including Supernumerary),7723,7723
National Institute of Technology Patna,"Electrical Engineering (4 Years, Bachelor of Technology)",HS,OBC-NCL,Gender-Neutral,8679,10080
National Institute of Technology Patna,"Electrical Engineering (4 Years, Bachelor of Technology)",HS,OBC-NCL,Female-only (including Supernumerary),13992,16714
National Institute of Technology Patna,"Electrical Engineering (4 Years, Bachelor of Technology)",HS,OBC-NCL (PwD),Gender-Neutral,772,772
National Institute of Technology Patna,"Electrical Engineering (4 Years, Bachelor of Technology)",HS,SC,Gender-Neutral,5449,6600
National Institute of Technology Patna,"Electrical Engineering (4 Years, Bachelor of Technology)",HS,SC,Female-only (including Supernumerary),8548,9692
National Institute of Technology Patna,"Electrical Engineering (4 Years, Bachelor of Technology)",HS,ST,Gender-Neutral,3446,4246
National Institute of Technology Patna,"Electrical Engineering (4 Years, Bachelor of Technology)",HS,ST,Female-only (including Supernumerary),6131,6131
National Institute of Technology Patna,"Electrical Engineering (4 Years, Bachelor of Technology)",OS,OPEN,Gender-Neutral,19659,24282
National Institute of Technology Patna,"Electrical Engineering (4 Years, Bachelor of Technology)",OS,OPEN,Female-only (including Supernumerary),34034,36546
National Institute of Technology Patna,"Electrical Engineering (4 Years, Bachelor of Technology)",OS,OPEN (PwD),Gender-Neutral,1209,1209
National Institute of Technology Patna,"Electrical Engineering (4 Years, Bachelor of Technology)",OS,EWS,Gender-Neutral,3950,4149
National Institute of Technology Patna,"Electrical Engineering (4 Years, Bachelor of Technology)",OS,EWS,Female-only (including Supernumerary),6511,6511
National Institute of Technology Patna,"Electrical Engineering (4 Years, Bachelor of Technology)",OS,OBC-NCL,Gender-Neutral,6876,8259
National Institute of Technology Patna,"Electrical Engineering (4 Years, Bachelor of Technology)",OS,OBC-NCL,Female-only (including Supernumerary),13534,14969
National Institute of Technology Patna,"Electrical Engineering (4 Years, Bachelor of Technology)",OS,OBC-NCL (PwD),Gender-Neutral,807,807
National Institute of Technology Patna,"Electrical Engineering (4 Years, Bachelor of Technology)",OS,SC,Gender-Neutral,4791,5351
National Institute of Technology Patna,"Electrical Engineering (4 Years, Bachelor of Technology)",OS,SC,Female-only (including Supernumerary),6515,7217
National Institute of Technology Patna,"Electrical Engineering (4 Years, Bachelor of Technology)",OS,ST,Gender-Neutral,1928,2117
National Institute of Technology Patna,"Electrical Engineering (4 Years, Bachelor of Technology)",OS,ST,Female-only (including Supernumerary),3093,3093
National Institute of Technology Patna,"Electrical Engineering with Specialization In Power System Engineering (5 Years, Bachelor and Master of Technology (Dual Degree))",HS,OPEN,Gender-Neutral,34956,35581
National Institute of Technology Patna,"Electrical Engineering with Specialization In Power System Engineering (5 Years, Bachelor and Master of Technology (Dual Degree))",HS,OPEN,Female-only (including Supernumerary),43898,43898
National Institute of Technology Patna,"Electrical Engineering with Specialization In Power System Engineering (5 Years, Bachelor and Master of Technology (Dual Degree))",HS,OPEN (PwD),Gender-Neutral,1783,1783
National Institute of Technology Patna,"Electrical Engineering with Specialization In Power System Engineering (5 Years, Bachelor and Master of Technology (Dual Degree))",HS,EWS,Gender-Neutral,5852,5852
National Institute of Technology Patna,"Electrical Engineering with Specialization In Power System Engineering (5 Years, Bachelor and Master of Technology (Dual Degree))",HS,OBC-NCL,Gender-Neutral,10551,10870
National Institute of Technology Patna,"Electrical Engineering with Specialization In Power System Engineering (5 Years, Bachelor and Master of Technology (Dual Degree))",HS,OBC-NCL,Female-only (including Supernumerary),17824,17824
National Institute of Technology Patna,"Electrical Engineering with Specialization In Power System Engineering (5 Years, Bachelor and Master of Technology (Dual Degree))",HS,OBC-NCL (PwD),Gender-Neutral,1013,1013
National Institute of Technology Patna,"Electrical Engineering with Specialization In Power System Engineering (5 Years, Bachelor and Master of Technology (Dual Degree))",HS,SC,Gender-Neutral,6901,6901
National Institute of Technology Patna,"Electrical Engineering with Specialization In Power System Engineering (5 Years, Bachelor and Master of Technology (Dual Degree))",HS,SC,Female-only (including Supernumerary),8812,8812
National Institute of Technology Patna,"Electrical Engineering with Specialization In Power System Engineering (5 Years, Bachelor and Master of Technology (Dual Degree))",OS,OPEN,Gender-Neutral,21374,25245
National Institute of Technology Patna,"Electrical Engineering with Specialization In Power System Engineering (5 Years, Bachelor and Master of Technology (Dual Degree))",OS,OPEN,Female-only (including Supernumerary),37840,37840
National Institute of Technology Patna,"Electrical Engineering with Specialization In Power System Engineering (5 Years, Bachelor and Master of Technology (Dual Degree))",OS,EWS,Gender-Neutral,4289,4289
National Institute of Technology Patna,"Electrical Engineering with Specialization In Power System Engineering (5 Years, Bachelor and Master of Technology (Dual Degree))",OS,OBC-NCL,Gender-Neutral,9044,9100
National Institute of Technology Patna,"Electrical Engineering with Specialization In Power System Engineering (5 Years, Bachelor and Master of Technology (Dual Degree))",OS,OBC-NCL,Female-only (including Supernumerary),13962,13962
National Institute of Technology Patna,"Electrical Engineering with Specialization In Power System Engineering (5 Years, Bachelor and Master of Technology (Dual Degree))",OS,SC,Gender-Neutral,5378,5378
National Institute of Technology Patna,"Electrical Engineering with Specialization In Power System Engineering (5 Years, Bachelor and Master of Technology (Dual Degree))",OS,ST,Gender-Neutral,2218,2218
National Institute of Technology Patna,"Electronics and Communication Engineering (4 Years, Bachelor of Technology)",HS,OPEN,Gender-Neutral,19122,25225
National Institute of Technology Patna,"Electronics and Communication Engineering (4 Years, Bachelor of Technology)",HS,OPEN,Female-only (including Supernumerary),25779,35980
National Institute of Technology Patna,"Electronics and Communication Engineering (4 Years, Bachelor of Technology)",HS,OPEN (PwD),Gender-Neutral,980,980
National Institute of Technology Patna,"Electronics and Communication Engineering (4 Years, Bachelor of Technology)",HS,EWS,Gender-Neutral,4003,4393
National Institute of Technology Patna,"Electronics and Communication Engineering (4 Years, Bachelor of Technology)",HS,EWS,Female-only (including Supernumerary),6437,6495
National Institute of Technology Patna,"Electronics and Communication Engineering (4 Years, Bachelor of Technology)",HS,OBC-NCL,Gender-Neutral,6663,8124
National Institute of Technology Patna,"Electronics and Communication Engineering (4 Years, Bachelor of Technology)",HS,OBC-NCL,Female-only (including Supernumerary),10362,13019
National Institute of Technology Patna,"Electronics and Communication Engineering (4 Years, Bachelor of Technology)",HS,OBC-NCL (PwD),Gender-Neutral,432,432
National Institute of Technology Patna,"Electronics and Communication Engineering (4 Years, Bachelor of Technology)",HS,SC,Gender-Neutral,3742,5041
National Institute of Technology Patna,"Electronics and Communication Engineering (4 Years, Bachelor of Technology)",HS,SC,Female-only (including Supernumerary),5359,7493
National Institute of Technology Patna,"Electronics and Communication Engineering (4 Years, Bachelor of Technology)",HS,ST,Gender-Neutral,2723,3405
National Institute of Technology Patna,"Electronics and Communication Engineering (4 Years, Bachelor of Technology)",HS,ST,Female-only (including Supernumerary),7125,7125
National Institute of Technology Patna,"Electronics and Communication Engineering (4 Years, Bachelor of Technology)",OS,OPEN,Gender-Neutral,13760,18743
National Institute of Technology Patna,"Electronics and Communication Engineering (4 Years, Bachelor of Technology)",OS,OPEN,Female-only (including Supernumerary),27115,31021
National Institute of Technology Patna,"Electronics and Communication Engineering (4 Years, Bachelor of Technology)",OS,OPEN (PwD),Gender-Neutral,1251,1251
National Institute of Technology Patna,"Electronics and Communication Engineering (4 Years, Bachelor of Technology)",OS,EWS,Gender-Neutral,2876,3046
National Institute of Technology Patna,"Electronics and Communication Engineering (4 Years, Bachelor of Technology)",OS,EWS,Female-only (including Supernumerary),4955,5176
National Institute of Technology Patna,"Electronics and Communication Engineering (4 Years, Bachelor of Technology)",OS,OBC-NCL,Gender-Neutral,5490,6680
National Institute of Technology Patna,"Electronics and Communication Engineering (4 Years, Bachelor of Technology)",OS,OBC-NCL,Female-only (including Supernumerary),10177,10976
National Institute of Technology Patna,"Electronics and Communication Engineering (4 Years, Bachelor of Technology)",OS,OBC-NCL (PwD),Gender-Neutral,684,684
National Institute of Technology Patna,"Electronics and Communication Engineering (4 Years, Bachelor of Technology)",OS,SC,Gender-Neutral,3415,4139
National Institute of Technology Patna,"Electronics and Communication Engineering (4 Years, Bachelor of Technology)",OS,SC,Female-only (including Supernumerary),5228,5940
National Institute of Technology Patna,"Electronics and Communication Engineering (4 Years, Bachelor of Technology)",OS,SC (PwD),Gender-Neutral,232,232
National Institute of Technology Patna,"Electronics and Communication Engineering (4 Years, Bachelor of Technology)",OS,ST,Gender-Neutral,1431,1540
National Institute of Technology Patna,"Electronics and Communication Engineering (4 Years, Bachelor of Technology)",OS,ST,Female-only (including Supernumerary),2287,2287
National Institute of Technology Patna,"Electronics and Communication Engineering with Specialization in Microelectronics and VLSI System Design (5 Years, Bachelor and Master of Technology (Dual Degree))",HS,OPEN,Gender-Neutral,25928,27982
National Institute of Technology Patna,"Electronics and Communication Engineering with Specialization in Microelectronics and VLSI System Design (5 Years, Bachelor and Master of Technology (Dual Degree))",HS,OPEN,Female-only (including Supernumerary),42145,42145
National Institute of Technology Patna,"Electronics and Communication Engineering with Specialization in Microelectronics and VLSI System Design (5 Years, Bachelor and Master of Technology (Dual Degree))",HS,EWS,Gender-Neutral,5235,5235
National Institute of Technology Patna,"Electronics and Communication Engineering with Specialization in Microelectronics and VLSI System Design (5 Years, Bachelor and Master of Technology (Dual Degree))",HS,OBC-NCL,Gender-Neutral,8182,8258
National Institute of Technology Patna,"Electronics and Communication Engineering with Specialization in Microelectronics and VLSI System Design (5 Years, Bachelor and Master of Technology (Dual Degree))",HS,OBC-NCL,Female-only (including Supernumerary),15569,15569
National Institute of Technology Patna,"Electronics and Communication Engineering with Specialization in Microelectronics and VLSI System Design (5 Years, Bachelor and Master of Technology (Dual Degree))",HS,SC,Gender-Neutral,5433,5433
National Institute of Technology Patna,"Electronics and Communication Engineering with Specialization in Microelectronics and VLSI System Design (5 Years, Bachelor and Master of Technology (Dual Degree))",HS,ST,Gender-Neutral,3448,3448
National Institute of Technology Patna,"Electronics and Communication Engineering with Specialization in Microelectronics and VLSI System Design (5 Years, Bachelor and Master of Technology (Dual Degree))",OS,OPEN,Gender-Neutral,19197,20768
National Institute of Technology Patna,"Electronics and Communication Engineering with Specialization in Microelectronics and VLSI System Design (5 Years, Bachelor and Master of Technology (Dual Degree))",OS,OPEN,Female-only (including Supernumerary),22579,22579
National Institute of Technology Patna,"Electronics and Communication Engineering with Specialization in Microelectronics and VLSI System Design (5 Years, Bachelor and Master of Technology (Dual Degree))",OS,EWS,Gender-Neutral,3523,3523
National Institute of Technology Patna,"Electronics and Communication Engineering with Specialization in Microelectronics and VLSI System Design (5 Years, Bachelor and Master of Technology (Dual Degree))",OS,OBC-NCL,Gender-Neutral,6172,6172
National Institute of Technology Patna,"Electronics and Communication Engineering with Specialization in Microelectronics and VLSI System Design (5 Years, Bachelor and Master of Technology (Dual Degree))",OS,OBC-NCL,Female-only (including Supernumerary),11973,11973
National Institute of Technology Patna,"Electronics and Communication Engineering with Specialization in Microelectronics and VLSI System Design (5 Years, Bachelor and Master of Technology (Dual Degree))",OS,OBC-NCL (PwD),Gender-Neutral,655,655
National Institute of Technology Patna,"Electronics and Communication Engineering with Specialization in Microelectronics and VLSI System Design (5 Years, Bachelor and Master of Technology (Dual Degree))",OS,SC,Gender-Neutral,3928,3928
National Institute of Technology Patna,"Electronics and Communication Engineering with Specialization in Microelectronics and VLSI System Design (5 Years, Bachelor and Master of Technology (Dual Degree))",OS,ST,Gender-Neutral,1553,1553
National Institute of Technology Patna,"Material Science and Engineering (5 Years, Bachelor and Master of Technology (Dual Degree))",HS,OPEN,Gender-Neutral,48332,48332
National Institute of Technology Patna,"Material Science and Engineering (5 Years, Bachelor and Master of Technology (Dual Degree))",HS,EWS,Gender-Neutral,8610,8610
National Institute of Technology Patna,"Material Science and Engineering (5 Years, Bachelor and Master of Technology (Dual Degree))",HS,EWS,Female-only (including Supernumerary),11166,11166
National Institute of Technology Patna,"Material Science and Engineering (5 Years, Bachelor and Master of Technology (Dual Degree))",HS,OBC-NCL,Gender-Neutral,16735,16735
National Institute of Technology Patna,"Material Science and Engineering (5 Years, Bachelor and Master of Technology (Dual Degree))",HS,SC,Gender-Neutral,9597,9597
National Institute of Technology Patna,"Material Science and Engineering (5 Years, Bachelor and Master of Technology (Dual Degree))",OS,OPEN,Gender-Neutral,18938,18938
National Institute of Technology Patna,"Material Science and Engineering (5 Years, Bachelor and Master of Technology (Dual Degree))",OS,OPEN,Female-only (including Supernumerary),55732,55732
National Institute of Technology Patna,"Material Science and Engineering (5 Years, Bachelor and Master of Technology (Dual Degree))",OS,EWS,Gender-Neutral,6442,6442
National Institute of Technology Patna,"Material Science and Engineering (5 Years, Bachelor and Master of Technology (Dual Degree))",OS,OBC-NCL,Gender-Neutral,10700,13860
National Institute of Technology Patna,"Mathematics and Computing Technology (5 Years, Bachelor and Master of Technology (Dual Degree))",HS,OPEN,Gender-Neutral,23529,23529
National Institute of Technology Patna,"Mathematics and Computing Technology (5 Years, Bachelor and Master of Technology (Dual Degree))",HS,OPEN,Female-only (including Supernumerary),40217,40217
National Institute of Technology Patna,"Mathematics and Computing Technology (5 Years, Bachelor and Master of Technology (Dual Degree))",HS,OPEN (PwD),Gender-Neutral,727,727
National Institute of Technology Patna,"Mathematics and Computing Technology (5 Years, Bachelor and Master of Technology (Dual Degree))",HS,OBC-NCL,Gender-Neutral,7178,7178
National Institute of Technology Patna,"Mathematics and Computing Technology (5 Years, Bachelor and Master of Technology (Dual Degree))",HS,SC,Gender-Neutral,4836,4836
National Institute of Technology Patna,"Mathematics and Computing Technology (5 Years, Bachelor and Master of Technology (Dual Degree))",OS,OPEN,Gender-Neutral,15362,15362
National Institute of Technology Patna,"Mathematics and Computing Technology (5 Years, Bachelor and Master of Technology (Dual Degree))",OS,OPEN,Female-only (including Supernumerary),26231,26231
National Institute of Technology Patna,"Mathematics and Computing Technology (5 Years, Bachelor and Master of Technology (Dual Degree))",OS,OBC-NCL,Gender-Neutral,5777,5804
National Institute of Technology Patna,"Mechanical Engineering (4 Years, Bachelor of Technology)",HS,OPEN,Gender-Neutral,32089,40935
National Institute of Technology Patna,"Mechanical Engineering (4 Years, Bachelor of Technology)",HS,OPEN,Female-only (including Supernumerary),39769,58835
National Institute of Technology Patna,"Mechanical Engineering (4 Years, Bachelor of Technology)",HS,OPEN (PwD),Gender-Neutral,2780,2780
National Institute of Technology Patna,"Mechanical Engineering (4 Years, Bachelor of Technology)",HS,EWS,Gender-Neutral,6567,6843
National Institute of Technology Patna,"Mechanical Engineering (4 Years, Bachelor of Technology)",HS,EWS,Female-only (including Supernumerary),9951,9951
National Institute of Technology Patna,"Mechanical Engineering (4 Years, Bachelor of Technology)",HS,OBC-NCL,Gender-Neutral,11705,13209
National Institute of Technology Patna,"Mechanical Engineering (4 Years, Bachelor of Technology)",HS,OBC-NCL,Female-only (including Supernumerary),18387,20727
National Institute of Technology Patna,"Mechanical Engineering (4 Years, Bachelor of Technology)",HS,OBC-NCL (PwD),Gender-Neutral,1566,1566
National Institute of Technology Patna,"Mechanical Engineering (4 Years, Bachelor of Technology)",HS,SC,Gender-Neutral,6138,7722
National Institute of Technology Patna,"Mechanical Engineering (4 Years, Bachelor of Technology)",HS,SC,Female-only (including Supernumerary),9747,10349
National Institute of Technology Patna,"Mechanical Engineering (4 Years, Bachelor of Technology)",HS,ST,Gender-Neutral,3633,4569
National Institute of Technology Patna,"Mechanical Engineering (4 Years, Bachelor of Technology)",HS,ST,Female-only (including Supernumerary),7871,7871
National Institute of Technology Patna,"Mechanical Engineering (4 Years, Bachelor of Technology)",OS,OPEN,Gender-Neutral,29043,34544
National Institute of Technology Patna,"Mechanical Engineering (4 Years, Bachelor of Technology)",OS,OPEN,Female-only (including Supernumerary),42003,45543
National Institute of Technology Patna,"Mechanical Engineering (4 Years, Bachelor of Technology)",OS,OPEN (PwD),Gender-Neutral,3082,3082
National Institute of Technology Patna,"Mechanical Engineering (4 Years, Bachelor of Technology)",OS,EWS,Gender-Neutral,5771,5869
National Institute of Technology Patna,"Mechanical Engineering (4 Years, Bachelor of Technology)",OS,EWS,Female-only (including Supernumerary),8035,8035
National Institute of Technology Patna,"Mechanical Engineering (4 Years, Bachelor of Technology)",OS,OBC-NCL,Gender-Neutral,11044,11809
National Institute of Technology Patna,"Mechanical Engineering (4 Years, Bachelor of Technology)",OS,OBC-NCL,Female-only (including Supernumerary),17499,19192
National Institute of Technology Patna,"Mechanical Engineering (4 Years, Bachelor of Technology)",OS,OBC-NCL (PwD),Gender-Neutral,1713,1713
National Institute of Technology Patna,"Mechanical Engineering (4 Years, Bachelor of Technology)",OS,SC,Gender-Neutral,5948,6213
National Institute of Technology Patna,"Mechanical Engineering (4 Years, Bachelor of Technology)",OS,SC,Female-only (including Supernumerary),8906,9003
National Institute of Technology Patna,"Mechanical Engineering (4 Years, Bachelor of Technology)",OS,ST,Gender-Neutral,2296,2334
National Institute of Technology Patna,"Mechanical Engineering (4 Years, Bachelor of Technology)",OS,ST,Female-only (including Supernumerary),3782,3782
National Institute of Technology Patna,"Mechanical Engineering with Specialization in Manufacturing and Industrial Engineering (5 Years, Bachelor and Master of Technology (Dual Degree))",HS,OPEN,Gender-Neutral,43390,45404
National Institute of Technology Patna,"Mechanical Engineering with Specialization in Manufacturing and Industrial Engineering (5 Years, Bachelor and Master of Technology (Dual Degree))",HS,OPEN,Female-only (including Supernumerary),64005,64005
National Institute of Technology Patna,"Mechanical Engineering with Specialization in Manufacturing and Industrial Engineering (5 Years, Bachelor and Master of Technology (Dual Degree))",HS,EWS,Gender-Neutral,7401,7401
National Institute of Technology Patna,"Mechanical Engineering with Specialization in Manufacturing and Industrial Engineering (5 Years, Bachelor and Master of Technology (Dual Degree))",HS,OBC-NCL,Gender-Neutral,14099,14289
National Institute of Technology Patna,"Mechanical Engineering with Specialization in Manufacturing and Industrial Engineering (5 Years, Bachelor and Master of Technology (Dual Degree))",HS,OBC-NCL,Female-only (including Supernumerary),22444,22444
National Institute of Technology Patna,"Mechanical Engineering with Specialization in Manufacturing and Industrial Engineering (5 Years, Bachelor and Master of Technology (Dual Degree))",HS,SC,Gender-Neutral,7932,7932
National Institute of Technology Patna,"Mechanical Engineering with Specialization in Manufacturing and Industrial Engineering (5 Years, Bachelor and Master of Technology (Dual Degree))",HS,SC,Female-only (including Supernumerary),11415,11415
National Institute of Technology Patna,"Mechanical Engineering with Specialization in Manufacturing and Industrial Engineering (5 Years, Bachelor and Master of Technology (Dual Degree))",HS,ST,Gender-Neutral,4946,4946
National Institute of Technology Patna,"Mechanical Engineering with Specialization in Manufacturing and Industrial Engineering (5 Years, Bachelor and Master of Technology (Dual Degree))",OS,OPEN,Gender-Neutral,35311,37408
National Institute of Technology Patna,"Mechanical Engineering with Specialization in Manufacturing and Industrial Engineering (5 Years, Bachelor and Master of Technology (Dual Degree))",OS,OPEN,Female-only (including Supernumerary),53845,53845
National Institute of Technology Patna,"Mechanical Engineering with Specialization in Manufacturing and Industrial Engineering (5 Years, Bachelor and Master of Technology (Dual Degree))",OS,OPEN (PwD),Gender-Neutral,1563,1563
National Institute of Technology Patna,"Mechanical Engineering with Specialization in Manufacturing and Industrial Engineering (5 Years, Bachelor and Master of Technology (Dual Degree))",OS,EWS,Gender-Neutral,6094,6094
National Institute of Technology Patna,"Mechanical Engineering with Specialization in Manufacturing and Industrial Engineering (5 Years, Bachelor and Master of Technology (Dual Degree))",OS,OBC-NCL,Gender-Neutral,11037,11327
National Institute of Technology Patna,"Mechanical Engineering with Specialization in Manufacturing and Industrial Engineering (5 Years, Bachelor and Master of Technology (Dual Degree))",OS,OBC-NCL,Female-only (including Supernumerary),20027,20027
National Institute of Technology Patna,"Mechanical Engineering with Specialization in Manufacturing and Industrial Engineering (5 Years, Bachelor and Master of Technology (Dual Degree))",OS,SC,Gender-Neutral,6664,6664
National Institute of Technology Patna,"Mechanical Engineering with Specialization in Manufacturing and Industrial Engineering (5 Years, Bachelor and Master of Technology (Dual Degree))",OS,ST,Gender-Neutral,2620,2620
National Institute of Technology Patna,"Mechatronics and Automation Engineering (4 Years, Bachelor of Technology)",HS,OPEN,Gender-Neutral,32615,35077
National Institute of Technology Patna,"Mechatronics and Automation Engineering (4 Years, Bachelor of Technology)",HS,OPEN,Female-only (including Supernumerary),49479,49479
National Institute of Technology Patna,"Mechatronics and Automation Engineering (4 Years, Bachelor of Technology)",HS,EWS,Gender-Neutral,5920,5920
National Institute of Technology Patna,"Mechatronics and Automation Engineering (4 Years, Bachelor of Technology)",HS,OBC-NCL,Gender-Neutral,12229,12693
National Institute of Technology Patna,"Mechatronics and Automation Engineering (4 Years, Bachelor of Technology)",HS,OBC-NCL,Female-only (including Supernumerary),17402,17402
National Institute of Technology Patna,"Mechatronics and Automation Engineering (4 Years, Bachelor of Technology)",HS,SC,Gender-Neutral,7703,7703
National Institute of Technology Patna,"Mechatronics and Automation Engineering (4 Years, Bachelor of Technology)",HS,SC,Female-only (including Supernumerary),11754,11754
National Institute of Technology Patna,"Mechatronics and Automation Engineering (4 Years, Bachelor of Technology)",HS,ST,Gender-Neutral,4513,4513
National Institute of Technology Patna,"Mechatronics and Automation Engineering (4 Years, Bachelor of Technology)",OS,OPEN,Gender-Neutral,20681,24053
National Institute of Technology Patna,"Mechatronics and Automation Engineering (4 Years, Bachelor of Technology)",OS,OPEN,Female-only (including Supernumerary),23719,23719
National Institute of Technology Patna,"Mechatronics and Automation Engineering (4 Years, Bachelor of Technology)",OS,EWS,Gender-Neutral,4391,4391
National Institute of Technology Patna,"Mechatronics and Automation Engineering (4 Years, Bachelor of Technology)",OS,OBC-NCL,Gender-Neutral,7970,8711
National Institute of Technology Patna,"Mechatronics and Automation Engineering (4 Years, Bachelor of Technology)",OS,OBC-NCL,Female-only (including Supernumerary),15141,15141
National Institute of Technology Patna,"Mechatronics and Automation Engineering (4 Years, Bachelor of Technology)",OS,SC,Gender-Neutral,5183,5641
National Institute of Technology Patna,"Mechatronics and Automation Engineering (4 Years, Bachelor of Technology)",OS,SC,Female-only (including Supernumerary),8820,8820
National Institute of Technology Puducherry,"Civil Engineering (4 Years, Bachelor of Technology)",HS,OPEN,Gender-Neutral,138928,206045
National Institute of Technology Puducherry,"Civil Engineering (4 Years, Bachelor of Technology)",HS,OPEN,Female-only (including Supernumerary),244840,254842
National Institute of Technology Puducherry,"Civil Engineering (4 Years, Bachelor of Technology)",HS,EWS,Female-only (including Supernumerary),87784,87784
National Institute of Technology Puducherry,"Civil Engineering (4 Years, Bachelor of Technology)",HS,OBC-NCL,Gender-Neutral,75745,94958
National Institute of Technology Puducherry,"Civil Engineering (4 Years, Bachelor of Technology)",HS,OBC-NCL,Female-only (including Supernumerary),89524,89524
National Institute of Technology Puducherry,"Civil Engineering (4 Years, Bachelor of Technology)",HS,SC,Gender-Neutral,38366,39489
National Institute of Technology Puducherry,"Civil Engineering (4 Years, Bachelor of Technology)",OS,OPEN,Gender-Neutral,44375,46496
National Institute of Technology Puducherry,"Civil Engineering (4 Years, Bachelor of Technology)",OS,OPEN,Female-only (including Supernumerary),41684,44659
National Institute of Technology Puducherry,"Civil Engineering (4 Years, Bachelor of Technology)",OS,EWS,Gender-Neutral,7576,7990
National Institute of Technology Puducherry,"Civil Engineering (4 Years, Bachelor of Technology)",OS,OBC-NCL,Gender-Neutral,14202,15543
National Institute of Technology Puducherry,"Civil Engineering (4 Years, Bachelor of Technology)",OS,OBC-NCL (PwD),Female-only (including Supernumerary),997,997
National Institute of Technology Puducherry,"Civil Engineering (4 Years, Bachelor of Technology)",OS,SC,Gender-Neutral,6029,7386
National Institute of Technology Puducherry,"Civil Engineering (4 Years, Bachelor of Technology)",OS,SC,Female-only (including Supernumerary),7476,7476
National Institute of Technology Puducherry,"Civil Engineering (4 Years, Bachelor of Technology)",OS,ST,Gender-Neutral,2265,2265
National Institute of Technology Puducherry,"Civil Engineering (4 Years, Bachelor of Technology)",OS,ST,Female-only (including Supernumerary),3768,3768
National Institute of Technology Puducherry,"Computer Science and Engineering (4 Years, Bachelor of Technology)",HS,OPEN,Gender-Neutral,27384,63717
National Institute of Technology Puducherry,"Computer Science and Engineering (4 Years, Bachelor of Technology)",HS,OPEN,Female-only (including Supernumerary),40897,60539
National Institute of Technology Puducherry,"Computer Science and Engineering (4 Years, Bachelor of Technology)",HS,EWS,Gender-Neutral,51905,66844
National Institute of Technology Puducherry,"Computer Science and Engineering (4 Years, Bachelor of Technology)",HS,OBC-NCL,Gender-Neutral,20214,26198
National Institute of Technology Puducherry,"Computer Science and Engineering (4 Years, Bachelor of Technology)",HS,OBC-NCL,Female-only (including Supernumerary),22808,38465
National Institute of Technology Puducherry,"Computer Science and Engineering (4 Years, Bachelor of Technology)",HS,OBC-NCL (PwD),Gender-Neutral,1300,1300
National Institute of Technology Puducherry,"Computer Science and Engineering (4 Years, Bachelor of Technology)",HS,SC,Gender-Neutral,7964,11782
National Institute of Technology Puducherry,"Computer Science and Engineering (4 Years, Bachelor of Technology)",HS,ST,Gender-Neutral,8926,17166
National Institute of Technology Puducherry,"Computer Science and Engineering (4 Years, Bachelor of Technology)",HS,ST,Female-only (including Supernumerary),9489,9489
National Institute of Technology Puducherry,"Computer Science and Engineering (4 Years, Bachelor of Technology)",OS,OPEN,Gender-Neutral,6318,16917
National Institute of Technology Puducherry,"Computer Science and Engineering (4 Years, Bachelor of Technology)",OS,OPEN,Female-only (including Supernumerary),9484,18657
National Institute of Technology Puducherry,"Computer Science and Engineering (4 Years, Bachelor of Technology)",OS,OPEN (PwD),Female-only (including Supernumerary),1161,1161
National Institute of Technology Puducherry,"Computer Science and Engineering (4 Years, Bachelor of Technology)",OS,EWS,Gender-Neutral,2655,2844
National Institute of Technology Puducherry,"Computer Science and Engineering (4 Years, Bachelor of Technology)",OS,EWS,Female-only (including Supernumerary),3870,3870
National Institute of Technology Puducherry,"Computer Science and Engineering (4 Years, Bachelor of Technology)",OS,OBC-NCL,Gender-Neutral,5281,6354
National Institute of Technology Puducherry,"Computer Science and Engineering (4 Years, Bachelor of Technology)",OS,OBC-NCL,Female-only (including Supernumerary),6144,6144
National Institute of Technology Puducherry,"Computer Science and Engineering (4 Years, Bachelor of Technology)",OS,SC,Gender-Neutral,1551,3160
National Institute of Technology Puducherry,"Computer Science and Engineering (4 Years, Bachelor of Technology)",OS,SC,Female-only (including Supernumerary),3782,3782
National Institute of Technology Puducherry,"Computer Science and Engineering (4 Years, Bachelor of Technology)",OS,ST,Gender-Neutral,788,792
National Institute of Technology Puducherry,"Electrical and Electronics Engineering (4 Years, Bachelor of Technology)",HS,OPEN,Gender-Neutral,102541,120719
National Institute of Technology Puducherry,"Electrical and Electronics Engineering (4 Years, Bachelor of Technology)",HS,OPEN,Female-only (including Supernumerary),95611,157146
National Institute of Technology Puducherry,"Electrical and Electronics Engineering (4 Years, Bachelor of Technology)",HS,OBC-NCL,Gender-Neutral,40202,45980
National Institute of Technology Puducherry,"Electrical and Electronics Engineering (4 Years, Bachelor of Technology)",HS,OBC-NCL,Female-only (including Supernumerary),66726,70795
National Institute of Technology Puducherry,"Electrical and Electronics Engineering (4 Years, Bachelor of Technology)",HS,SC,Gender-Neutral,13938,36217
National Institute of Technology Puducherry,"Electrical and Electronics Engineering (4 Years, Bachelor of Technology)",HS,SC,Female-only (including Supernumerary),41593,41593
National Institute of Technology Puducherry,"Electrical and Electronics Engineering (4 Years, Bachelor of Technology)",OS,OPEN,Gender-Neutral,20487,28670
National Institute of Technology Puducherry,"Electrical and Electronics Engineering (4 Years, Bachelor of Technology)",OS,OPEN,Female-only (including Supernumerary),31782,33318
National Institute of Technology Puducherry,"Electrical and Electronics Engineering (4 Years, Bachelor of Technology)",OS,OPEN (PwD),Gender-Neutral,1472,1472
National Institute of Technology Puducherry,"Electrical and Electronics Engineering (4 Years, Bachelor of Technology)",OS,EWS,Gender-Neutral,4590,5184
National Institute of Technology Puducherry,"Electrical and Electronics Engineering (4 Years, Bachelor of Technology)",OS,EWS,Female-only (including Supernumerary),7007,7007
National Institute of Technology Puducherry,"Electrical and Electronics Engineering (4 Years, Bachelor of Technology)",OS,OBC-NCL,Gender-Neutral,8540,11164
National Institute of Technology Puducherry,"Electrical and Electronics Engineering (4 Years, Bachelor of Technology)",OS,OBC-NCL,Female-only (including Supernumerary),10426,10426
National Institute of Technology Puducherry,"Electrical and Electronics Engineering (4 Years, Bachelor of Technology)",OS,SC,Gender-Neutral,5216,5533
National Institute of Technology Puducherry,"Electrical and Electronics Engineering (4 Years, Bachelor of Technology)",OS,SC,Female-only (including Supernumerary),2681,2681
National Institute of Technology Puducherry,"Electrical and Electronics Engineering (4 Years, Bachelor of Technology)",OS,ST,Gender-Neutral,1858,1858
National Institute of Technology Puducherry,"Electrical and Electronics Engineering (4 Years, Bachelor of Technology)",OS,ST,Female-only (including Supernumerary),3260,3260
National Institute of Technology Puducherry,"Electronics and Communication Engineering (4 Years, Bachelor of Technology)",HS,OPEN,Gender-Neutral,50168,90244
National Institute of Technology Puducherry,"Electronics and Communication Engineering (4 Years, Bachelor of Technology)",HS,OPEN,Female-only (including Supernumerary),83677,91456
National Institute of Technology Puducherry,"Electronics and Communication Engineering (4 Years, Bachelor of Technology)",HS,EWS,Gender-Neutral,40008,40008
National Institute of Technology Puducherry,"Electronics and Communication Engineering (4 Years, Bachelor of Technology)",HS,EWS,Female-only (including Supernumerary),66874,66874
National Institute of Technology Puducherry,"Electronics and Communication Engineering (4 Years, Bachelor of Technology)",HS,OBC-NCL,Gender-Neutral,28910,31554
National Institute of Technology Puducherry,"Electronics and Communication Engineering (4 Years, Bachelor of Technology)",HS,OBC-NCL,Female-only (including Supernumerary),40490,47439
National Institute of Technology Puducherry,"Electronics and Communication Engineering (4 Years, Bachelor of Technology)",HS,SC,Gender-Neutral,11805,25441
National Institute of Technology Puducherry,"Electronics and Communication Engineering (4 Years, Bachelor of Technology)",HS,SC,Female-only (including Supernumerary),11866,11866
National Institute of Technology Puducherry,"Electronics and Communication Engineering (4 Years, Bachelor of Technology)",OS,OPEN,Gender-Neutral,16370,23799
National Institute of Technology Puducherry,"Electronics and Communication Engineering (4 Years, Bachelor of Technology)",OS,OPEN,Female-only (including Supernumerary),25204,28650
National Institute of Technology Puducherry,"Electronics and Communication Engineering (4 Years, Bachelor of Technology)",OS,OPEN (PwD),Gender-Neutral,384,384
National Institute of Technology Puducherry,"Electronics and Communication Engineering (4 Years, Bachelor of Technology)",OS,EWS,Gender-Neutral,3783,3933
National Institute of Technology Puducherry,"Electronics and Communication Engineering (4 Years, Bachelor of Technology)",OS,EWS,Female-only (including Supernumerary),4826,4826
National Institute of Technology Puducherry,"Electronics and Communication Engineering (4 Years, Bachelor of Technology)",OS,OBC-NCL,Gender-Neutral,6745,8478
National Institute of Technology Puducherry,"Electronics and Communication Engineering (4 Years, Bachelor of Technology)",OS,OBC-NCL,Female-only (including Supernumerary),8536,8536
National Institute of Technology Puducherry,"Electronics and Communication Engineering (4 Years, Bachelor of Technology)",OS,SC,Gender-Neutral,4375,4866
National Institute of Technology Puducherry,"Electronics and Communication Engineering (4 Years, Bachelor of Technology)",OS,SC,Female-only (including Supernumerary),3837,3837
National Institute of Technology Puducherry,"Electronics and Communication Engineering (4 Years, Bachelor of Technology)",OS,ST,Gender-Neutral,1228,1296
National Institute of Technology Puducherry,"Electronics and Communication Engineering (4 Years, Bachelor of Technology)",OS,ST,Female-only (including Supernumerary),2684,2684
National Institute of Technology Puducherry,"Mechanical Engineering (4 Years, Bachelor of Technology)",HS,OPEN,Gender-Neutral,55842,160684
National Institute of Technology Puducherry,"Mechanical Engineering (4 Years, Bachelor of Technology)",HS,OPEN,Female-only (including Supernumerary),199749,212367
National Institute of Technology Puducherry,"Mechanical Engineering (4 Years, Bachelor of Technology)",HS,OBC-NCL,Gender-Neutral,55290,58051
National Institute of Technology Puducherry,"Mechanical Engineering (4 Years, Bachelor of Technology)",HS,OBC-NCL,Female-only (including Supernumerary),78892,84572
National Institute of Technology Puducherry,"Mechanical Engineering (4 Years, Bachelor of Technology)",HS,SC,Gender-Neutral,9712,23746
National Institute of Technology Puducherry,"Mechanical Engineering (4 Years, Bachelor of Technology)",HS,SC,Female-only (including Supernumerary),20988,20988
National Institute of Technology Puducherry,"Mechanical Engineering (4 Years, Bachelor of Technology)",OS,OPEN,Gender-Neutral,30966,39217
National Institute of Technology Puducherry,"Mechanical Engineering (4 Years, Bachelor of Technology)",OS,OPEN,Female-only (including Supernumerary),43917,46509
National Institute of Technology Puducherry,"Mechanical Engineering (4 Years, Bachelor of Technology)",OS,EWS,Gender-Neutral,6387,6452
National Institute of Technology Puducherry,"Mechanical Engineering (4 Years, Bachelor of Technology)",OS,EWS,Female-only (including Supernumerary),8888,8888
National Institute of Technology Puducherry,"Mechanical Engineering (4 Years, Bachelor of Technology)",OS,OBC-NCL,Gender-Neutral,12070,13200
National Institute of Technology Puducherry,"Mechanical Engineering (4 Years, Bachelor of Technology)",OS,OBC-NCL,Female-only (including Supernumerary),15865,15865
National Institute of Technology Puducherry,"Mechanical Engineering (4 Years, Bachelor of Technology)",OS,SC,Gender-Neutral,5853,6958
National Institute of Technology Puducherry,"Mechanical Engineering (4 Years, Bachelor of Technology)",OS,ST,Female-only (including Supernumerary),4032,4032
National Institute of Technology Raipur,"Architecture (5 Years, Bachelor of Architecture)",HS,OPEN,Gender-Neutral,2104,4948
National Institute of Technology Raipur,"Architecture (5 Years, Bachelor of Architecture)",HS,OPEN,Female-only (including Supernumerary),1333,1333
National Institute of Technology Raipur,"Architecture (5 Years, Bachelor of Architecture)",HS,EWS,Gender-Neutral,611,611
National Institute of Technology Raipur,"Architecture (5 Years, Bachelor of Architecture)",HS,OBC-NCL,Gender-Neutral,2351,4603
National Institute of Technology Raipur,"Architecture (5 Years, Bachelor of Architecture)",HS,OBC-NCL,Female-only (including Supernumerary),3118,3118
National Institute of Technology Raipur,"Architecture (5 Years, Bachelor of Architecture)",HS,SC,Gender-Neutral,1045,1391
National Institute of Technology Raipur,"Architecture (5 Years, Bachelor of Architecture)",HS,ST,Gender-Neutral,1174,1174
National Institute of Technology Raipur,"Architecture (5 Years, Bachelor of Architecture)",HS,ST,Female-only (including Supernumerary),1250,1250
National Institute of Technology Raipur,"Architecture (5 Years, Bachelor of Architecture)",OS,OPEN,Gender-Neutral,988,1422
National Institute of Technology Raipur,"Architecture (5 Years, Bachelor of Architecture)",OS,OPEN,Female-only (including Supernumerary),815,826
National Institute of Technology Raipur,"Architecture (5 Years, Bachelor of Architecture)",OS,EWS,Gender-Neutral,650,712
National Institute of Technology Raipur,"Architecture (5 Years, Bachelor of Architecture)",OS,OBC-NCL,Gender-Neutral,636,836
National Institute of Technology Raipur,"Architecture (5 Years, Bachelor of Architecture)",OS,OBC-NCL,Female-only (including Supernumerary),702,702
National Institute of Technology Raipur,"Architecture (5 Years, Bachelor of Architecture)",OS,SC,Gender-Neutral,310,369
National Institute of Technology Raipur,"Architecture (5 Years, Bachelor of Architecture)",OS,SC,Female-only (including Supernumerary),416,416
National Institute of Technology Raipur,"Architecture (5 Years, Bachelor of Architecture)",OS,ST,Gender-Neutral,201,201
National Institute of Technology Raipur,"Bio Medical Engineering (4 Years, Bachelor of Technology)",HS,OPEN,Gender-Neutral,75374,111467
National Institute of Technology Raipur,"Bio Medical Engineering (4 Years, Bachelor of Technology)",HS,OPEN,Female-only (including Supernumerary),87615,106148
National Institute of Technology Raipur,"Bio Medical Engineering (4 Years, Bachelor of Technology)",HS,EWS,Gender-Neutral,20910,23501
National Institute of Technology Raipur,"Bio Medical Engineering (4 Years, Bachelor of Technology)",HS,OBC-NCL,Gender-Neutral,38985,41367
National Institute of Technology Raipur,"Bio Medical Engineering (4 Years, Bachelor of Technology)",HS,OBC-NCL,Female-only (including Supernumerary),42802,42827
National Institute of Technology Raipur,"Bio Medical Engineering (4 Years, Bachelor of Technology)",HS,SC,Gender-Neutral,14791,20172
National Institute of Technology Raipur,"Bio Medical Engineering (4 Years, Bachelor of Technology)",HS,SC,Female-only (including Supernumerary),17416,17416
National Institute of Technology Raipur,"Bio Medical Engineering (4 Years, Bachelor of Technology)",HS,ST,Gender-Neutral,6239,6341
National Institute of Technology Raipur,"Bio Medical Engineering (4 Years, Bachelor of Technology)",OS,OPEN,Gender-Neutral,43187,52108
National Institute of Technology Raipur,"Bio Medical Engineering (4 Years, Bachelor of Technology)",OS,OPEN,Female-only (including Supernumerary),46758,56953
National Institute of Technology Raipur,"Bio Medical Engineering (4 Years, Bachelor of Technology)",OS,EWS,Gender-Neutral,8501,8679
National Institute of Technology Raipur,"Bio Medical Engineering (4 Years, Bachelor of Technology)",OS,EWS,Female-only (including Supernumerary),9956,9956
National Institute of Technology Raipur,"Bio Medical Engineering (4 Years, Bachelor of Technology)",OS,OBC-NCL,Gender-Neutral,16876,17406
National Institute of Technology Raipur,"Bio Medical Engineering (4 Years, Bachelor of Technology)",OS,OBC-NCL,Female-only (including Supernumerary),20877,21223
National Institute of Technology Raipur,"Bio Medical Engineering (4 Years, Bachelor of Technology)",OS,SC,Gender-Neutral,7779,8114
National Institute of Technology Raipur,"Bio Medical Engineering (4 Years, Bachelor of Technology)",OS,SC,Female-only (including Supernumerary),9969,10322
National Institute of Technology Raipur,"Bio Medical Engineering (4 Years, Bachelor of Technology)",OS,ST,Gender-Neutral,3330,3472
National Institute of Technology Raipur,"Bio Technology (4 Years, Bachelor of Technology)",HS,OPEN,Gender-Neutral,46734,97437
National Institute of Technology Raipur,"Bio Technology (4 Years, Bachelor of Technology)",HS,OPEN,Female-only (including Supernumerary),69571,105430
National Institute of Technology Raipur,"Bio Technology (4 Years, Bachelor of Technology)",HS,EWS,Gender-Neutral,17982,20159
National Institute of Technology Raipur,"Bio Technology (4 Years, Bachelor of Technology)",HS,EWS,Female-only (including Supernumerary),21309,21309
National Institute of Technology Raipur,"Bio Technology (4 Years, Bachelor of Technology)",HS,OBC-NCL,Gender-Neutral,34905,38514
National Institute of Technology Raipur,"Bio Technology (4 Years, Bachelor of Technology)",HS,OBC-NCL,Female-only (including Supernumerary),39905,40955
National Institute of Technology Raipur,"Bio Technology (4 Years, Bachelor of Technology)",HS,SC,Gender-Neutral,13875,19748
National Institute of Technology Raipur,"Bio Technology (4 Years, Bachelor of Technology)",HS,SC,Female-only (including Supernumerary),9840,9840
National Institute of Technology Raipur,"Bio Technology (4 Years, Bachelor of Technology)",HS,ST,Gender-Neutral,4085,4220
National Institute of Technology Raipur,"Bio Technology (4 Years, Bachelor of Technology)",HS,ST,Female-only (including Supernumerary),6916,6916
National Institute of Technology Raipur,"Bio Technology (4 Years, Bachelor of Technology)",OS,OPEN,Gender-Neutral,38103,50528
National Institute of Technology Raipur,"Bio Technology (4 Years, Bachelor of Technology)",OS,OPEN,Female-only (including Supernumerary),35998,53104
National Institute of Technology Raipur,"Bio Technology (4 Years, Bachelor of Technology)",OS,EWS,Gender-Neutral,8212,8407
National Institute of Technology Raipur,"Bio Technology (4 Years, Bachelor of Technology)",OS,OBC-NCL,Gender-Neutral,15211,16882
National Institute of Technology Raipur,"Bio Technology (4 Years, Bachelor of Technology)",OS,OBC-NCL,Female-only (including Supernumerary),19178,19331
National Institute of Technology Raipur,"Bio Technology (4 Years, Bachelor of Technology)",OS,SC,Gender-Neutral,7314,8050
National Institute of Technology Raipur,"Bio Technology (4 Years, Bachelor of Technology)",OS,SC,Female-only (including Supernumerary),8796,8796
National Institute of Technology Raipur,"Bio Technology (4 Years, Bachelor of Technology)",OS,ST,Gender-Neutral,3210,3250
National Institute of Technology Raipur,"Bio Technology (4 Years, Bachelor of Technology)",OS,ST,Female-only (including Supernumerary),3950,3950
National Institute of Technology Raipur,"Chemical Engineering (4 Years, Bachelor of Technology)",HS,OPEN,Gender-Neutral,52136,67389
National Institute of Technology Raipur,"Chemical Engineering (4 Years, Bachelor of Technology)",HS,OPEN,Female-only (including Supernumerary),62262,67740
National Institute of Technology Raipur,"Chemical Engineering (4 Years, Bachelor of Technology)",HS,EWS,Gender-Neutral,11438,13459
National Institute of Technology Raipur,"Chemical Engineering (4 Years, Bachelor of Technology)",HS,EWS,Female-only (including Supernumerary),15006,15006
National Institute of Technology Raipur,"Chemical Engineering (4 Years, Bachelor of Technology)",HS,OBC-NCL,Gender-Neutral,22783,25628
National Institute of Technology Raipur,"Chemical Engineering (4 Years, Bachelor of Technology)",HS,OBC-NCL,Female-only (including Supernumerary),26078,35379
National Institute of Technology Raipur,"Chemical Engineering (4 Years, Bachelor of Technology)",HS,SC,Gender-Neutral,9915,13113
National Institute of Technology Raipur,"Chemical Engineering (4 Years, Bachelor of Technology)",HS,SC,Female-only (including Supernumerary),14268,14268
National Institute of Technology Raipur,"Chemical Engineering (4 Years, Bachelor of Technology)",HS,ST,Gender-Neutral,4603,4784
National Institute of Technology Raipur,"Chemical Engineering (4 Years, Bachelor of Technology)",OS,OPEN,Gender-Neutral,34623,37761
National Institute of Technology Raipur,"Chemical Engineering (4 Years, Bachelor of Technology)",OS,OPEN,Female-only (including Supernumerary),38772,40344
National Institute of Technology Raipur,"Chemical Engineering (4 Years, Bachelor of Technology)",OS,OPEN (PwD),Gender-Neutral,2241,2241
National Institute of Technology Raipur,"Chemical Engineering (4 Years, Bachelor of Technology)",OS,EWS,Gender-Neutral,6292,6331
National Institute of Technology Raipur,"Chemical Engineering (4 Years, Bachelor of Technology)",OS,EWS,Female-only (including Supernumerary),7945,7945
National Institute of Technology Raipur,"Chemical Engineering (4 Years, Bachelor of Technology)",OS,OBC-NCL,Gender-Neutral,12515,13150
National Institute of Technology Raipur,"Chemical Engineering (4 Years, Bachelor of Technology)",OS,OBC-NCL,Female-only (including Supernumerary),17352,18460
National Institute of Technology Raipur,"Chemical Engineering (4 Years, Bachelor of Technology)",OS,OBC-NCL (PwD),Gender-Neutral,1931,1931
National Institute of Technology Raipur,"Chemical Engineering (4 Years, Bachelor of Technology)",OS,SC,Gender-Neutral,6561,7064
National Institute of Technology Raipur,"Chemical Engineering (4 Years, Bachelor of Technology)",OS,SC,Female-only (including Supernumerary),8443,8443
National Institute of Technology Raipur,"Chemical Engineering (4 Years, Bachelor of Technology)",OS,ST,Gender-Neutral,2404,2543
National Institute of Technology Raipur,"Chemical Engineering (4 Years, Bachelor of Technology)",OS,ST,Female-only (including Supernumerary),3946,3946
National Institute of Technology Raipur,"Civil Engineering (4 Years, Bachelor of Technology)",HS,OPEN,Gender-Neutral,44737,71509
National Institute of Technology Raipur,"Civil Engineering (4 Years, Bachelor of Technology)",HS,OPEN,Female-only (including Supernumerary),72607,84881
National Institute of Technology Raipur,"Civil Engineering (4 Years, Bachelor of Technology)",HS,EWS,Gender-Neutral,14315,16769
National Institute of Technology Raipur,"Civil Engineering (4 Years, Bachelor of Technology)",HS,EWS,Female-only (including Supernumerary),16790,16790
National Institute of Technology Raipur,"Civil Engineering (4 Years, Bachelor of Technology)",HS,OBC-NCL,Gender-Neutral,21933,29445
National Institute of Technology Raipur,"Civil Engineering (4 Years, Bachelor of Technology)",HS,OBC-NCL,Female-only (including Supernumerary),29642,35384
National Institute of Technology Raipur,"Civil Engineering (4 Years, Bachelor of Technology)",HS,SC,Gender-Neutral,6970,12893
National Institute of Technology Raipur,"Civil Engineering (4 Years, Bachelor of Technology)",HS,SC,Female-only (including Supernumerary),15080,15080
National Institute of Technology Raipur,"Civil Engineering (4 Years, Bachelor of Technology)",HS,ST,Gender-Neutral,1741,4119
National Institute of Technology Raipur,"Civil Engineering (4 Years, Bachelor of Technology)",HS,ST,Female-only (including Supernumerary),3899,3899
National Institute of Technology Raipur,"Civil Engineering (4 Years, Bachelor of Technology)",OS,OPEN,Gender-Neutral,39078,42884
National Institute of Technology Raipur,"Civil Engineering (4 Years, Bachelor of Technology)",OS,OPEN,Female-only (including Supernumerary),52932,54393
National Institute of Technology Raipur,"Civil Engineering (4 Years, Bachelor of Technology)",OS,OPEN (PwD),Gender-Neutral,1197,1197
National Institute of Technology Raipur,"Civil Engineering (4 Years, Bachelor of Technology)",OS,EWS,Gender-Neutral,6921,7009
National Institute of Technology Raipur,"Civil Engineering (4 Years, Bachelor of Technology)",OS,EWS,Female-only (including Supernumerary),9123,9123
National Institute of Technology Raipur,"Civil Engineering (4 Years, Bachelor of Technology)",OS,OBC-NCL,Gender-Neutral,13613,15040
National Institute of Technology Raipur,"Civil Engineering (4 Years, Bachelor of Technology)",OS,OBC-NCL,Female-only (including Supernumerary),20026,20429
National Institute of Technology Raipur,"Civil Engineering (4 Years, Bachelor of Technology)",OS,OBC-NCL (PwD),Gender-Neutral,1233,1233
National Institute of Technology Raipur,"Civil Engineering (4 Years, Bachelor of Technology)",OS,SC,Gender-Neutral,6412,7286
National Institute of Technology Raipur,"Civil Engineering (4 Years, Bachelor of Technology)",OS,SC,Female-only (including Supernumerary),9577,9993
National Institute of Technology Raipur,"Civil Engineering (4 Years, Bachelor of Technology)",OS,ST,Gender-Neutral,1926,2133
National Institute of Technology Raipur,"Civil Engineering (4 Years, Bachelor of Technology)",OS,ST,Female-only (including Supernumerary),3105,3105
National Institute of Technology Raipur,"Computer Science and Engineering (4 Years, Bachelor of Technology)",HS,OPEN,Gender-Neutral,11194,20194
National Institute of Technology Raipur,"Computer Science and Engineering (4 Years, Bachelor of Technology)",HS,OPEN,Female-only (including Supernumerary),8231,24915
National Institute of Technology Raipur,"Computer Science and Engineering (4 Years, Bachelor of Technology)",HS,OPEN (PwD),Gender-Neutral,538,538
National Institute of Technology Raipur,"Computer Science and Engineering (4 Years, Bachelor of Technology)",HS,EWS,Gender-Neutral,3587,5343
National Institute of Technology Raipur,"Computer Science and Engineering (4 Years, Bachelor of Technology)",HS,EWS,Female-only (including Supernumerary),6805,6805
National Institute of Technology Raipur,"Computer Science and Engineering (4 Years, Bachelor of Technology)",HS,OBC-NCL,Gender-Neutral,5565,8564
National Institute of Technology Raipur,"Computer Science and Engineering (4 Years, Bachelor of Technology)",HS,OBC-NCL,Female-only (including Supernumerary),11701,18437
National Institute of Technology Raipur,"Computer Science and Engineering (4 Years, Bachelor of Technology)",HS,OBC-NCL (PwD),Gender-Neutral,622,622
National Institute of Technology Raipur,"Computer Science and Engineering (4 Years, Bachelor of Technology)",HS,SC,Gender-Neutral,4189,5847
National Institute of Technology Raipur,"Computer Science and Engineering (4 Years, Bachelor of Technology)",HS,SC,Female-only (including Supernumerary),1814,5804
National Institute of Technology Raipur,"Computer Science and Engineering (4 Years, Bachelor of Technology)",HS,SC (PwD),Gender-Neutral,36,36
National Institute of Technology Raipur,"Computer Science and Engineering (4 Years, Bachelor of Technology)",HS,ST,Gender-Neutral,1124,1490
National Institute of Technology Raipur,"Computer Science and Engineering (4 Years, Bachelor of Technology)",HS,ST,Female-only (including Supernumerary),2332,2332
National Institute of Technology Raipur,"Computer Science and Engineering (4 Years, Bachelor of Technology)",OS,OPEN,Gender-Neutral,7518,11549
National Institute of Technology Raipur,"Computer Science and Engineering (4 Years, Bachelor of Technology)",OS,OPEN,Female-only (including Supernumerary),15201,17414
National Institute of Technology Raipur,"Computer Science and Engineering (4 Years, Bachelor of Technology)",OS,OPEN (PwD),Gender-Neutral,449,449
National Institute of Technology Raipur,"Computer Science and Engineering (4 Years, Bachelor of Technology)",OS,EWS,Gender-Neutral,1694,1778
National Institute of Technology Raipur,"Computer Science and Engineering (4 Years, Bachelor of Technology)",OS,EWS,Female-only (including Supernumerary),3182,3182
National Institute of Technology Raipur,"Computer Science and Engineering (4 Years, Bachelor of Technology)",OS,EWS (PwD),Female-only (including Supernumerary),463,463
National Institute of Technology Raipur,"Computer Science and Engineering (4 Years, Bachelor of Technology)",OS,OBC-NCL,Gender-Neutral,3578,4208
National Institute of Technology Raipur,"Computer Science and Engineering (4 Years, Bachelor of Technology)",OS,OBC-NCL,Female-only (including Supernumerary),5146,6019
National Institute of Technology Raipur,"Computer Science and Engineering (4 Years, Bachelor of Technology)",OS,OBC-NCL (PwD),Gender-Neutral,268,268
National Institute of Technology Raipur,"Computer Science and Engineering (4 Years, Bachelor of Technology)",OS,SC,Gender-Neutral,1584,2860
National Institute of Technology Raipur,"Computer Science and Engineering (4 Years, Bachelor of Technology)",OS,SC,Female-only (including Supernumerary),3036,3036
National Institute of Technology Raipur,"Computer Science and Engineering (4 Years, Bachelor of Technology)",OS,SC (PwD),Gender-Neutral,48,48
National Institute of Technology Raipur,"Computer Science and Engineering (4 Years, Bachelor of Technology)",OS,ST,Gender-Neutral,540,974
National Institute of Technology Raipur,"Electrical Engineering (4 Years, Bachelor of Technology)",HS,OPEN,Gender-Neutral,32187,44500
National Institute of Technology Raipur,"Electrical Engineering (4 Years, Bachelor of Technology)",HS,OPEN,Female-only (including Supernumerary),50840,59759
National Institute of Technology Raipur,"Electrical Engineering (4 Years, Bachelor of Technology)",HS,EWS,Gender-Neutral,8766,9065
National Institute of Technology Raipur,"Electrical Engineering (4 Years, Bachelor of Technology)",HS,EWS,Female-only (including Supernumerary),12008,12008
National Institute of Technology Raipur,"Electrical Engineering (4 Years, Bachelor of Technology)",HS,OBC-NCL,Gender-Neutral,16842,19518
National Institute of Technology Raipur,"Electrical Engineering (4 Years, Bachelor of Technology)",HS,OBC-NCL,Female-only (including Supernumerary),21791,22028
National Institute of Technology Raipur,"Electrical Engineering (4 Years, Bachelor of Technology)",HS,SC,Gender-Neutral,9436,10632
National Institute of Technology Raipur,"Electrical Engineering (4 Years, Bachelor of Technology)",HS,SC,Female-only (including Supernumerary),9484,14432
National Institute of Technology Raipur,"Electrical Engineering (4 Years, Bachelor of Technology)",HS,ST,Gender-Neutral,2224,3720
National Institute of Technology Raipur,"Electrical Engineering (4 Years, Bachelor of Technology)",HS,ST,Female-only (including Supernumerary),6000,6000
National Institute of Technology Raipur,"Electrical Engineering (4 Years, Bachelor of Technology)",OS,OPEN,Gender-Neutral,18551,24608
National Institute of Technology Raipur,"Electrical Engineering (4 Years, Bachelor of Technology)",OS,OPEN,Female-only (including Supernumerary),26938,31288
National Institute of Technology Raipur,"Electrical Engineering (4 Years, Bachelor of Technology)",OS,OPEN (PwD),Gender-Neutral,698,698
National Institute of Technology Raipur,"Electrical Engineering (4 Years, Bachelor of Technology)",OS,EWS,Gender-Neutral,3964,4211
National Institute of Technology Raipur,"Electrical Engineering (4 Years, Bachelor of Technology)",OS,EWS,Female-only (including Supernumerary),6167,6474
National Institute of Technology Raipur,"Electrical Engineering (4 Years, Bachelor of Technology)",OS,OBC-NCL,Gender-Neutral,7292,8405
National Institute of Technology Raipur,"Electrical Engineering (4 Years, Bachelor of Technology)",OS,OBC-NCL,Female-only (including Supernumerary),11677,12738
National Institute of Technology Raipur,"Electrical Engineering (4 Years, Bachelor of Technology)",OS,SC,Gender-Neutral,3582,5118
National Institute of Technology Raipur,"Electrical Engineering (4 Years, Bachelor of Technology)",OS,SC,Female-only (including Supernumerary),6792,7473
National Institute of Technology Raipur,"Electrical Engineering (4 Years, Bachelor of Technology)",OS,ST,Gender-Neutral,1767,1937
National Institute of Technology Raipur,"Electrical Engineering (4 Years, Bachelor of Technology)",OS,ST,Female-only (including Supernumerary),2606,2606
National Institute of Technology Raipur,"Electronics and Communication Engineering (4 Years, Bachelor of Technology)",HS,OPEN,Gender-Neutral,27594,34342
National Institute of Technology Raipur,"Electronics and Communication Engineering (4 Years, Bachelor of Technology)",HS,OPEN,Female-only (including Supernumerary),47018,49991
National Institute of Technology Raipur,"Electronics and Communication Engineering (4 Years, Bachelor of Technology)",HS,OPEN (PwD),Gender-Neutral,1000,1000
National Institute of Technology Raipur,"Electronics and Communication Engineering (4 Years, Bachelor of Technology)",HS,EWS,Gender-Neutral,7397,8713
National Institute of Technology Raipur,"Electronics and Communication Engineering (4 Years, Bachelor of Technology)",HS,EWS,Female-only (including Supernumerary),10767,10767
National Institute of Technology Raipur,"Electronics and Communication Engineering (4 Years, Bachelor of Technology)",HS,OBC-NCL,Gender-Neutral,10520,16672
National Institute of Technology Raipur,"Electronics and Communication Engineering (4 Years, Bachelor of Technology)",HS,OBC-NCL,Female-only (including Supernumerary),17614,20795
National Institute of Technology Raipur,"Electronics and Communication Engineering (4 Years, Bachelor of Technology)",HS,SC,Gender-Neutral,6153,9322
National Institute of Technology Raipur,"Electronics and Communication Engineering (4 Years, Bachelor of Technology)",HS,SC,Female-only (including Supernumerary),8963,8963
National Institute of Technology Raipur,"Electronics and Communication Engineering (4 Years, Bachelor of Technology)",HS,ST,Gender-Neutral,1780,2740
National Institute of Technology Raipur,"Electronics and Communication Engineering (4 Years, Bachelor of Technology)",HS,ST,Female-only (including Supernumerary),3168,3168
National Institute of Technology Raipur,"Electronics and Communication Engineering (4 Years, Bachelor of Technology)",OS,OPEN,Gender-Neutral,15698,17673
National Institute of Technology Raipur,"Electronics and Communication Engineering (4 Years, Bachelor of Technology)",OS,OPEN,Female-only (including Supernumerary),22547,25047
National Institute of Technology Raipur,"Electronics and Communication Engineering (4 Years, Bachelor of Technology)",OS,OPEN (PwD),Gender-Neutral,1133,1133
National Institute of Technology Raipur,"Electronics and Communication Engineering (4 Years, Bachelor of Technology)",OS,OPEN (PwD),Female-only (including Supernumerary),1223,1223
National Institute of Technology Raipur,"Electronics and Communication Engineering (4 Years, Bachelor of Technology)",OS,EWS,Gender-Neutral,2749,2883
National Institute of Technology Raipur,"Electronics and Communication Engineering (4 Years, Bachelor of Technology)",OS,EWS,Female-only (including Supernumerary),4161,4161
National Institute of Technology Raipur,"Electronics and Communication Engineering (4 Years, Bachelor of Technology)",OS,EWS (PwD),Gender-Neutral,200,200
National Institute of Technology Raipur,"Electronics and Communication Engineering (4 Years, Bachelor of Technology)",OS,OBC-NCL,Gender-Neutral,5109,6295
National Institute of Technology Raipur,"Electronics and Communication Engineering (4 Years, Bachelor of Technology)",OS,OBC-NCL,Female-only (including Supernumerary),9033,9606
National Institute of Technology Raipur,"Electronics and Communication Engineering (4 Years, Bachelor of Technology)",OS,OBC-NCL (PwD),Gender-Neutral,638,638
National Institute of Technology Raipur,"Electronics and Communication Engineering (4 Years, Bachelor of Technology)",OS,SC,Gender-Neutral,3907,4340
National Institute of Technology Raipur,"Electronics and Communication Engineering (4 Years, Bachelor of Technology)",OS,SC,Female-only (including Supernumerary),5428,5582
National Institute of Technology Raipur,"Electronics and Communication Engineering (4 Years, Bachelor of Technology)",OS,ST,Gender-Neutral,762,1520
National Institute of Technology Raipur,"Information Technology (4 Years, Bachelor of Technology)",HS,OPEN,Gender-Neutral,20481,27422
National Institute of Technology Raipur,"Information Technology (4 Years, Bachelor of Technology)",HS,OPEN,Female-only (including Supernumerary),33617,44988
National Institute of Technology Raipur,"Information Technology (4 Years, Bachelor of Technology)",HS,OPEN (PwD),Gender-Neutral,1685,1685
National Institute of Technology Raipur,"Information Technology (4 Years, Bachelor of Technology)",HS,EWS,Gender-Neutral,4559,6319
National Institute of Technology Raipur,"Information Technology (4 Years, Bachelor of Technology)",HS,EWS,Female-only (including Supernumerary),10500,10500
National Institute of Technology Raipur,"Information Technology (4 Years, Bachelor of Technology)",HS,OBC-NCL,Gender-Neutral,8877,12333
National Institute of Technology Raipur,"Information Technology (4 Years, Bachelor of Technology)",HS,OBC-NCL,Female-only (including Supernumerary),19890,21020
National Institute of Technology Raipur,"Information Technology (4 Years, Bachelor of Technology)",HS,SC,Gender-Neutral,5492,7144
National Institute of Technology Raipur,"Information Technology (4 Years, Bachelor of Technology)",HS,SC,Female-only (including Supernumerary),8232,8232
National Institute of Technology Raipur,"Information Technology (4 Years, Bachelor of Technology)",HS,ST,Gender-Neutral,1680,2090
National Institute of Technology Raipur,"Information Technology (4 Years, Bachelor of Technology)",HS,ST,Female-only (including Supernumerary),2589,2589
National Institute of Technology Raipur,"Information Technology (4 Years, Bachelor of Technology)",OS,OPEN,Gender-Neutral,12235,14359
National Institute of Technology Raipur,"Information Technology (4 Years, Bachelor of Technology)",OS,OPEN,Female-only (including Supernumerary),18846,21016
National Institute of Technology Raipur,"Information Technology (4 Years, Bachelor of Technology)",OS,OPEN (PwD),Gender-Neutral,731,731
National Institute of Technology Raipur,"Information Technology (4 Years, Bachelor of Technology)",OS,EWS,Gender-Neutral,2179,2228
National Institute of Technology Raipur,"Information Technology (4 Years, Bachelor of Technology)",OS,EWS,Female-only (including Supernumerary),3334,3334
National Institute of Technology Raipur,"Information Technology (4 Years, Bachelor of Technology)",OS,EWS (PwD),Gender-Neutral,112,112
National Institute of Technology Raipur,"Information Technology (4 Years, Bachelor of Technology)",OS,OBC-NCL,Gender-Neutral,4230,5334
National Institute of Technology Raipur,"Information Technology (4 Years, Bachelor of Technology)",OS,OBC-NCL,Female-only (including Supernumerary),6845,8233
National Institute of Technology Raipur,"Information Technology (4 Years, Bachelor of Technology)",OS,SC,Gender-Neutral,2895,3529
National Institute of Technology Raipur,"Information Technology (4 Years, Bachelor of Technology)",OS,SC,Female-only (including Supernumerary),4165,4423
National Institute of Technology Raipur,"Information Technology (4 Years, Bachelor of Technology)",OS,ST,Gender-Neutral,1233,1357
National Institute of Technology Raipur,"Mechanical Engineering (4 Years, Bachelor of Technology)",HS,OPEN,Gender-Neutral,30103,54225
National Institute of Technology Raipur,"Mechanical Engineering (4 Years, Bachelor of Technology)",HS,OPEN,Female-only (including Supernumerary),63339,69123
National Institute of Technology Raipur,"Mechanical Engineering (4 Years, Bachelor of Technology)",HS,EWS,Gender-Neutral,9379,13060
National Institute of Technology Raipur,"Mechanical Engineering (4 Years, Bachelor of Technology)",HS,EWS,Female-only (including Supernumerary),14394,14394
National Institute of Technology Raipur,"Mechanical Engineering (4 Years, Bachelor of Technology)",HS,OBC-NCL,Gender-Neutral,17598,21535
National Institute of Technology Raipur,"Mechanical Engineering (4 Years, Bachelor of Technology)",HS,OBC-NCL,Female-only (including Supernumerary),23619,29463
National Institute of Technology Raipur,"Mechanical Engineering (4 Years, Bachelor of Technology)",HS,SC,Gender-Neutral,9879,11961
National Institute of Technology Raipur,"Mechanical Engineering (4 Years, Bachelor of Technology)",HS,SC,Female-only (including Supernumerary),13374,14539
National Institute of Technology Raipur,"Mechanical Engineering (4 Years, Bachelor of Technology)",HS,ST,Gender-Neutral,3801,4161
National Institute of Technology Raipur,"Mechanical Engineering (4 Years, Bachelor of Technology)",HS,ST,Female-only (including Supernumerary),5184,5184
National Institute of Technology Raipur,"Mechanical Engineering (4 Years, Bachelor of Technology)",OS,OPEN,Gender-Neutral,25456,33119
National Institute of Technology Raipur,"Mechanical Engineering (4 Years, Bachelor of Technology)",OS,OPEN,Female-only (including Supernumerary),39551,44973
National Institute of Technology Raipur,"Mechanical Engineering (4 Years, Bachelor of Technology)",OS,OPEN (PwD),Gender-Neutral,1858,1858
National Institute of Technology Raipur,"Mechanical Engineering (4 Years, Bachelor of Technology)",OS,EWS,Gender-Neutral,5329,5733
National Institute of Technology Raipur,"Mechanical Engineering (4 Years, Bachelor of Technology)",OS,EWS,Female-only (including Supernumerary),7993,7993
National Institute of Technology Raipur,"Mechanical Engineering (4 Years, Bachelor of Technology)",OS,OBC-NCL,Gender-Neutral,9728,11528
National Institute of Technology Raipur,"Mechanical Engineering (4 Years, Bachelor of Technology)",OS,OBC-NCL,Female-only (including Supernumerary),16421,18189
National Institute of Technology Raipur,"Mechanical Engineering (4 Years, Bachelor of Technology)",OS,SC,Gender-Neutral,6061,6498
National Institute of Technology Raipur,"Mechanical Engineering (4 Years, Bachelor of Technology)",OS,SC,Female-only (including Supernumerary),8373,8373
National Institute of Technology Raipur,"Mechanical Engineering (4 Years, Bachelor of Technology)",OS,ST,Gender-Neutral,1999,2353
National Institute of Technology Raipur,"Mechanical Engineering (4 Years, Bachelor of Technology)",OS,ST,Female-only (including Supernumerary),3418,3418
National Institute of Technology Raipur,"Metallurgical and Materials Engineering (4 Years, Bachelor of Technology)",HS,OPEN,Gender-Neutral,58711,76780
National Institute of Technology Raipur,"Metallurgical and Materials Engineering (4 Years, Bachelor of Technology)",HS,OPEN,Female-only (including Supernumerary),70635,93190
National Institute of Technology Raipur,"Metallurgical and Materials Engineering (4 Years, Bachelor of Technology)",HS,EWS,Gender-Neutral,13095,20092
National Institute of Technology Raipur,"Metallurgical and Materials Engineering (4 Years, Bachelor of Technology)",HS,EWS,Female-only (including Supernumerary),17481,17481
National Institute of Technology Raipur,"Metallurgical and Materials Engineering (4 Years, Bachelor of Technology)",HS,OBC-NCL,Gender-Neutral,24336,33407
National Institute of Technology Raipur,"Metallurgical and Materials Engineering (4 Years, Bachelor of Technology)",HS,OBC-NCL,Female-only (including Supernumerary),37602,41044
National Institute of Technology Raipur,"Metallurgical and Materials Engineering (4 Years, Bachelor of Technology)",HS,SC,Gender-Neutral,13523,15652
National Institute of Technology Raipur,"Metallurgical and Materials Engineering (4 Years, Bachelor of Technology)",HS,SC,Female-only (including Supernumerary),13462,16169
National Institute of Technology Raipur,"Metallurgical and Materials Engineering (4 Years, Bachelor of Technology)",HS,ST,Gender-Neutral,5112,5596
National Institute of Technology Raipur,"Metallurgical and Materials Engineering (4 Years, Bachelor of Technology)",HS,ST,Female-only (including Supernumerary),6847,6847
National Institute of Technology Raipur,"Metallurgical and Materials Engineering (4 Years, Bachelor of Technology)",OS,OPEN,Gender-Neutral,36836,46799
National Institute of Technology Raipur,"Metallurgical and Materials Engineering (4 Years, Bachelor of Technology)",OS,OPEN,Female-only (including Supernumerary),53087,56452
National Institute of Technology Raipur,"Metallurgical and Materials Engineering (4 Years, Bachelor of Technology)",OS,OPEN (PwD),Gender-Neutral,2483,2483
National Institute of Technology Raipur,"Metallurgical and Materials Engineering (4 Years, Bachelor of Technology)",OS,EWS,Gender-Neutral,7747,8262
National Institute of Technology Raipur,"Metallurgical and Materials Engineering (4 Years, Bachelor of Technology)",OS,EWS,Female-only (including Supernumerary),9938,9938
National Institute of Technology Raipur,"Metallurgical and Materials Engineering (4 Years, Bachelor of Technology)",OS,OBC-NCL,Gender-Neutral,15272,16745
National Institute of Technology Raipur,"Metallurgical and Materials Engineering (4 Years, Bachelor of Technology)",OS,OBC-NCL,Female-only (including Supernumerary),20775,21152
National Institute of Technology Raipur,"Metallurgical and Materials Engineering (4 Years, Bachelor of Technology)",OS,SC,Gender-Neutral,7626,7989
National Institute of Technology Raipur,"Metallurgical and Materials Engineering (4 Years, Bachelor of Technology)",OS,SC,Female-only (including Supernumerary),10292,10292
National Institute of Technology Raipur,"Metallurgical and Materials Engineering (4 Years, Bachelor of Technology)",OS,ST,Gender-Neutral,2848,3070
National Institute of Technology Raipur,"Metallurgical and Materials Engineering (4 Years, Bachelor of Technology)",OS,ST,Female-only (including Supernumerary),4388,4455
National Institute of Technology Raipur,"Mining Engineering (4 Years, Bachelor of Technology)",HS,OPEN,Gender-Neutral,49174,82515
National Institute of Technology Raipur,"Mining Engineering (4 Years, Bachelor of Technology)",HS,OPEN,Female-only (including Supernumerary),96021,101515
National Institute of Technology Raipur,"Mining Engineering (4 Years, Bachelor of Technology)",HS,EWS,Gender-Neutral,14313,17486
National Institute of Technology Raipur,"Mining Engineering (4 Years, Bachelor of Technology)",HS,EWS,Female-only (including Supernumerary),20986,20986
National Institute of Technology Raipur,"Mining Engineering (4 Years, Bachelor of Technology)",HS,OBC-NCL,Gender-Neutral,28479,34793
National Institute of Technology Raipur,"Mining Engineering (4 Years, Bachelor of Technology)",HS,OBC-NCL,Female-only (including Supernumerary),44835,50062
National Institute of Technology Raipur,"Mining Engineering (4 Years, Bachelor of Technology)",HS,SC,Gender-Neutral,11340,14577
National Institute of Technology Raipur,"Mining Engineering (4 Years, Bachelor of Technology)",HS,SC,Female-only (including Supernumerary),16205,16711
National Institute of Technology Raipur,"Mining Engineering (4 Years, Bachelor of Technology)",HS,ST,Gender-Neutral,4082,5082
National Institute of Technology Raipur,"Mining Engineering (4 Years, Bachelor of Technology)",OS,OPEN,Gender-Neutral,41692,48383
National Institute of Technology Raipur,"Mining Engineering (4 Years, Bachelor of Technology)",OS,OPEN,Female-only (including Supernumerary),54601,59352
National Institute of Technology Raipur,"Mining Engineering (4 Years, Bachelor of Technology)",OS,EWS,Gender-Neutral,7967,8214
National Institute of Technology Raipur,"Mining Engineering (4 Years, Bachelor of Technology)",OS,EWS,Female-only (including Supernumerary),9882,9882
National Institute of Technology Raipur,"Mining Engineering (4 Years, Bachelor of Technology)",OS,OBC-NCL,Gender-Neutral,14502,16637
National Institute of Technology Raipur,"Mining Engineering (4 Years, Bachelor of Technology)",OS,OBC-NCL,Female-only (including Supernumerary),22589,22901
National Institute of Technology Raipur,"Mining Engineering (4 Years, Bachelor of Technology)",OS,SC,Gender-Neutral,6247,8305
National Institute of Technology Raipur,"Mining Engineering (4 Years, Bachelor of Technology)",OS,SC,Female-only (including Supernumerary),11282,11282
National Institute of Technology Raipur,"Mining Engineering (4 Years, Bachelor of Technology)",OS,ST,Gender-Neutral,2428,3101
National Institute of Technology Raipur,"Mining Engineering (4 Years, Bachelor of Technology)",OS,ST,Female-only (including Supernumerary),2212,2212
National Institute of Technology Sikkim,"Artificial Intelligence and Machine Learning (4 Years, Bachelor of Technology)",HS,OPEN,Gender-Neutral,118100,305662
National Institute of Technology Sikkim,"Artificial Intelligence and Machine Learning (4 Years, Bachelor of Technology)",HS,OPEN,Female-only (including Supernumerary),102401,940500
National Institute of Technology Sikkim,"Artificial Intelligence and Machine Learning (4 Years, Bachelor of Technology)",HS,OBC-NCL,Gender-Neutral,200817,354738
National Institute of Technology Sikkim,"Artificial Intelligence and Machine Learning (4 Years, Bachelor of Technology)",HS,ST,Gender-Neutral,6322,6322
National Institute of Technology Sikkim,"Artificial Intelligence and Machine Learning (4 Years, Bachelor of Technology)",OS,OPEN,Gender-Neutral,28401,31461
National Institute of Technology Sikkim,"Artificial Intelligence and Machine Learning (4 Years, Bachelor of Technology)",OS,OPEN,Female-only (including Supernumerary),31349,31349
National Institute of Technology Sikkim,"Artificial Intelligence and Machine Learning (4 Years, Bachelor of Technology)",OS,OBC-NCL,Gender-Neutral,9406,10412
National Institute of Technology Sikkim,"Artificial Intelligence and Machine Learning (4 Years, Bachelor of Technology)",OS,OBC-NCL,Female-only (including Supernumerary),17291,17291
National Institute of Technology Sikkim,"Artificial Intelligence and Machine Learning (4 Years, Bachelor of Technology)",OS,SC,Gender-Neutral,2843,2843
National Institute of Technology Sikkim,"Artificial Intelligence and Machine Learning (4 Years, Bachelor of Technology)",OS,SC,Female-only (including Supernumerary),6483,6483
National Institute of Technology Sikkim,"Artificial Intelligence and Machine Learning (4 Years, Bachelor of Technology)",OS,ST,Gender-Neutral,1424,1424
National Institute of Technology Sikkim,"Civil Engineering (4 Years, Bachelor of Technology)",HS,OPEN,Gender-Neutral,564098,1368129.0
National Institute of Technology Sikkim,"Civil Engineering (4 Years, Bachelor of Technology)",HS,OPEN,Female-only (including Supernumerary),506019,1094961.0
National Institute of Technology Sikkim,"Civil Engineering (4 Years, Bachelor of Technology)",OS,OPEN,Gender-Neutral,48333,53675
National Institute of Technology Sikkim,"Civil Engineering (4 Years, Bachelor of Technology)",OS,OPEN,Female-only (including Supernumerary),64228,64228
National Institute of Technology Sikkim,"Civil Engineering (4 Years, Bachelor of Technology)",OS,OBC-NCL,Gender-Neutral,16109,17116
National Institute of Technology Sikkim,"Civil Engineering (4 Years, Bachelor of Technology)",OS,OBC-NCL,Female-only (including Supernumerary),22321,22321
National Institute of Technology Sikkim,"Civil Engineering (4 Years, Bachelor of Technology)",OS,SC,Gender-Neutral,8011,8222
National Institute of Technology Sikkim,"Civil Engineering (4 Years, Bachelor of Technology)",OS,SC,Female-only (including Supernumerary),11614,11614
National Institute of Technology Sikkim,"Computer Science and Engineering (4 Years, Bachelor of Technology)",HS,OPEN,Gender-Neutral,54736,143919
National Institute of Technology Sikkim,"Computer Science and Engineering (4 Years, Bachelor of Technology)",HS,OPEN,Female-only (including Supernumerary),324224,399819
National Institute of Technology Sikkim,"Computer Science and Engineering (4 Years, Bachelor of Technology)",HS,OBC-NCL,Gender-Neutral,69229,141737
National Institute of Technology Sikkim,"Computer Science and Engineering (4 Years, Bachelor of Technology)",HS,OBC-NCL,Female-only (including Supernumerary),218072,218072
National Institute of Technology Sikkim,"Computer Science and Engineering (4 Years, Bachelor of Technology)",HS,SC,Gender-Neutral,27032,113186
National Institute of Technology Sikkim,"Computer Science and Engineering (4 Years, Bachelor of Technology)",HS,SC,Female-only (including Supernumerary),63611,63611
National Institute of Technology Sikkim,"Computer Science and Engineering (4 Years, Bachelor of Technology)",HS,ST,Gender-Neutral,6688,9743
National Institute of Technology Sikkim,"Computer Science and Engineering (4 Years, Bachelor of Technology)",OS,OPEN,Gender-Neutral,21839,26007
National Institute of Technology Sikkim,"Computer Science and Engineering (4 Years, Bachelor of Technology)",OS,OPEN,Female-only (including Supernumerary),32571,33326
National Institute of Technology Sikkim,"Computer Science and Engineering (4 Years, Bachelor of Technology)",OS,OPEN (PwD),Gender-Neutral,1195,1195
National Institute of Technology Sikkim,"Computer Science and Engineering (4 Years, Bachelor of Technology)",OS,OBC-NCL,Gender-Neutral,8076,9886
National Institute of Technology Sikkim,"Computer Science and Engineering (4 Years, Bachelor of Technology)",OS,OBC-NCL,Female-only (including Supernumerary),10642,10642
National Institute of Technology Sikkim,"Computer Science and Engineering (4 Years, Bachelor of Technology)",OS,SC,Gender-Neutral,3458,3803
National Institute of Technology Sikkim,"Computer Science and Engineering (4 Years, Bachelor of Technology)",OS,SC,Female-only (including Supernumerary),5977,5977
National Institute of Technology Sikkim,"Computer Science and Engineering (4 Years, Bachelor of Technology)",OS,ST,Gender-Neutral,1764,1764
National Institute of Technology Sikkim,"Electrical and Electronics Engineering (4 Years, Bachelor of Technology)",HS,OPEN,Gender-Neutral,194239,377626
National Institute of Technology Sikkim,"Electrical and Electronics Engineering (4 Years, Bachelor of Technology)",HS,OPEN,Female-only (including Supernumerary),914560,914560
National Institute of Technology Sikkim,"Electrical and Electronics Engineering (4 Years, Bachelor of Technology)",HS,OBC-NCL,Gender-Neutral,213608,455479
National Institute of Technology Sikkim,"Electrical and Electronics Engineering (4 Years, Bachelor of Technology)",HS,SC,Gender-Neutral,71174,114675
National Institute of Technology Sikkim,"Electrical and Electronics Engineering (4 Years, Bachelor of Technology)",HS,ST,Gender-Neutral,30150,30150
National Institute of Technology Sikkim,"Electrical and Electronics Engineering (4 Years, Bachelor of Technology)",OS,OPEN,Gender-Neutral,33265,40177
National Institute of Technology Sikkim,"Electrical and Electronics Engineering (4 Years, Bachelor of Technology)",OS,OPEN,Female-only (including Supernumerary),51162,51162
National Institute of Technology Sikkim,"Electrical and Electronics Engineering (4 Years, Bachelor of Technology)",OS,OBC-NCL,Gender-Neutral,12203,12906
National Institute of Technology Sikkim,"Electrical and Electronics Engineering (4 Years, Bachelor of Technology)",OS,OBC-NCL,Female-only (including Supernumerary),19267,19267
National Institute of Technology Sikkim,"Electrical and Electronics Engineering (4 Years, Bachelor of Technology)",OS,SC,Gender-Neutral,5885,5979
National Institute of Technology Sikkim,"Electrical and Electronics Engineering (4 Years, Bachelor of Technology)",OS,SC,Female-only (including Supernumerary),9132,9132
National Institute of Technology Sikkim,"Electrical and Electronics Engineering (4 Years, Bachelor of Technology)",OS,ST,Gender-Neutral,2325,2325
National Institute of Technology Sikkim,"Electronics and Communication Engineering (4 Years, Bachelor of Technology)",HS,OPEN,Gender-Neutral,83257,209475
National Institute of Technology Sikkim,"Electronics and Communication Engineering (4 Years, Bachelor of Technology)",HS,OPEN,Female-only (including Supernumerary),523629,683058
National Institute of Technology Sikkim,"Electronics and Communication Engineering (4 Years, Bachelor of Technology)",HS,OBC-NCL,Gender-Neutral,199997,283915
National Institute of Technology Sikkim,"Electronics and Communication Engineering (4 Years, Bachelor of Technology)",HS,OBC-NCL,Female-only (including Supernumerary),322677,322677
National Institute of Technology Sikkim,"Electronics and Communication Engineering (4 Years, Bachelor of Technology)",HS,SC,Gender-Neutral,11512,70749
National Institute of Technology Sikkim,"Electronics and Communication Engineering (4 Years, Bachelor of Technology)",HS,ST,Gender-Neutral,27450,27450
National Institute of Technology Sikkim,"Electronics and Communication Engineering (4 Years, Bachelor of Technology)",OS,OPEN,Gender-Neutral,28551,36690
National Institute of Technology Sikkim,"Electronics and Communication Engineering (4 Years, Bachelor of Technology)",OS,OPEN,Female-only (including Supernumerary),44971,44971
National Institute of Technology Sikkim,"Electronics and Communication Engineering (4 Years, Bachelor of Technology)",OS,OBC-NCL,Gender-Neutral,11382,12628
National Institute of Technology Sikkim,"Electronics and Communication Engineering (4 Years, Bachelor of Technology)",OS,OBC-NCL,Female-only (including Supernumerary),18298,18298
National Institute of Technology Sikkim,"Electronics and Communication Engineering (4 Years, Bachelor of Technology)",OS,OBC-NCL (PwD),Gender-Neutral,1288,1314
National Institute of Technology Sikkim,"Electronics and Communication Engineering (4 Years, Bachelor of Technology)",OS,SC,Gender-Neutral,5244,5549
National Institute of Technology Sikkim,"Electronics and Communication Engineering (4 Years, Bachelor of Technology)",OS,SC,Female-only (including Supernumerary),8495,8495
National Institute of Technology Sikkim,"Electronics and Communication Engineering (4 Years, Bachelor of Technology)",OS,ST,Gender-Neutral,2000,2000
National Institute of Technology Sikkim,"Mechanical Engineering (4 Years, Bachelor of Technology)",HS,OPEN,Gender-Neutral,507133,663130
National Institute of Technology Sikkim,"Mechanical Engineering (4 Years, Bachelor of Technology)",HS,ST,Gender-Neutral,32334,32334
National Institute of Technology Sikkim,"Mechanical Engineering (4 Years, Bachelor of Technology)",OS,OPEN,Gender-Neutral,38083,44288
National Institute of Technology Sikkim,"Mechanical Engineering (4 Years, Bachelor of Technology)",OS,OPEN,Female-only (including Supernumerary),51398,54473
National Institute of Technology Sikkim,"Mechanical Engineering (4 Years, Bachelor of Technology)",OS,OBC-NCL,Gender-Neutral,13137,14510
National Institute of Technology Sikkim,"Mechanical Engineering (4 Years, Bachelor of Technology)",OS,OBC-NCL,Female-only (including Supernumerary),21892,21892
National Institute of Technology Sikkim,"Mechanical Engineering (4 Years, Bachelor of Technology)",OS,SC,Gender-Neutral,6443,6443
National Institute of Technology Sikkim,"Mechanical Engineering (4 Years, Bachelor of Technology)",OS,ST,Gender-Neutral,2798,2798
National Institute of Technology Arunachal Pradesh,"Civil Engineering (4 Years, Bachelor of Technology)",HS,OPEN,Gender-Neutral,189756,189756
National Institute of Technology Arunachal Pradesh,"Civil Engineering (4 Years, Bachelor of Technology)",HS,OBC-NCL,Gender-Neutral,172311,172311
National Institute of Technology Arunachal Pradesh,"Civil Engineering (4 Years, Bachelor of Technology)",HS,SC,Gender-Neutral,93275,93275
National Institute of Technology Arunachal Pradesh,"Civil Engineering (4 Years, Bachelor of Technology)",HS,ST,Gender-Neutral,2778,6345
National Institute of Technology Arunachal Pradesh,"Civil Engineering (4 Years, Bachelor of Technology)",HS,ST,Female-only (including Supernumerary),4092,9273
National Institute of Technology Arunachal Pradesh,"Civil Engineering (4 Years, Bachelor of Technology)",OS,OPEN,Gender-Neutral,51179,54246
National Institute of Technology Arunachal Pradesh,"Civil Engineering (4 Years, Bachelor of Technology)",OS,OPEN,Female-only (including Supernumerary),65179,65179
National Institute of Technology Arunachal Pradesh,"Civil Engineering (4 Years, Bachelor of Technology)",OS,EWS,Gender-Neutral,8913,8913
National Institute of Technology Arunachal Pradesh,"Civil Engineering (4 Years, Bachelor of Technology)",OS,OBC-NCL,Gender-Neutral,17184,17743
National Institute of Technology Arunachal Pradesh,"Civil Engineering (4 Years, Bachelor of Technology)",OS,OBC-NCL,Female-only (including Supernumerary),23575,23575
National Institute of Technology Arunachal Pradesh,"Civil Engineering (4 Years, Bachelor of Technology)",OS,OBC-NCL (PwD),Gender-Neutral,1738,1738
National Institute of Technology Arunachal Pradesh,"Civil Engineering (4 Years, Bachelor of Technology)",OS,SC,Gender-Neutral,8389,8598
National Institute of Technology Arunachal Pradesh,"Civil Engineering (4 Years, Bachelor of Technology)",OS,ST,Gender-Neutral,2694,2694
National Institute of Technology Arunachal Pradesh,"Computer Science and Engineering (4 Years, Bachelor of Technology)",HS,OPEN,Gender-Neutral,68434,71299
National Institute of Technology Arunachal Pradesh,"Computer Science and Engineering (4 Years, Bachelor of Technology)",HS,EWS,Gender-Neutral,11663,11663
National Institute of Technology Arunachal Pradesh,"Computer Science and Engineering (4 Years, Bachelor of Technology)",HS,OBC-NCL,Gender-Neutral,35104,35104
National Institute of Technology Arunachal Pradesh,"Computer Science and Engineering (4 Years, Bachelor of Technology)",HS,ST,Gender-Neutral,3207,8567
National Institute of Technology Arunachal Pradesh,"Computer Science and Engineering (4 Years, Bachelor of Technology)",HS,ST,Female-only (including Supernumerary),12486,20835
National Institute of Technology Arunachal Pradesh,"Computer Science and Engineering (4 Years, Bachelor of Technology)",OS,OPEN,Gender-Neutral,21205,27312
National Institute of Technology Arunachal Pradesh,"Computer Science and Engineering (4 Years, Bachelor of Technology)",OS,OPEN,Female-only (including Supernumerary),33511,33511
National Institute of Technology Arunachal Pradesh,"Computer Science and Engineering (4 Years, Bachelor of Technology)",OS,EWS,Gender-Neutral,4830,4986
National Institute of Technology Arunachal Pradesh,"Computer Science and Engineering (4 Years, Bachelor of Technology)",OS,OBC-NCL,Gender-Neutral,10496,10941
National Institute of Technology Arunachal Pradesh,"Computer Science and Engineering (4 Years, Bachelor of Technology)",OS,OBC-NCL,Female-only (including Supernumerary),17556,17556
National Institute of Technology Arunachal Pradesh,"Computer Science and Engineering (4 Years, Bachelor of Technology)",OS,SC,Gender-Neutral,3895,4295
National Institute of Technology Arunachal Pradesh,"Computer Science and Engineering (4 Years, Bachelor of Technology)",OS,ST,Gender-Neutral,1794,1794
National Institute of Technology Arunachal Pradesh,"Electrical Engineering (4 Years, Bachelor of Technology)",HS,OPEN,Gender-Neutral,99436,182035
National Institute of Technology Arunachal Pradesh,"Electrical Engineering (4 Years, Bachelor of Technology)",HS,EWS,Gender-Neutral,45740,45740
National Institute of Technology Arunachal Pradesh,"Electrical Engineering (4 Years, Bachelor of Technology)",HS,OBC-NCL,Gender-Neutral,96720,96720
National Institute of Technology Arunachal Pradesh,"Electrical Engineering (4 Years, Bachelor of Technology)",HS,ST,Gender-Neutral,8735,11895
National Institute of Technology Arunachal Pradesh,"Electrical Engineering (4 Years, Bachelor of Technology)",HS,ST,Female-only (including Supernumerary),5598,17190
National Institute of Technology Arunachal Pradesh,"Electrical Engineering (4 Years, Bachelor of Technology)",OS,OPEN,Gender-Neutral,29995,41942
National Institute of Technology Arunachal Pradesh,"Electrical Engineering (4 Years, Bachelor of Technology)",OS,OPEN,Female-only (including Supernumerary),41732,41732
National Institute of Technology Arunachal Pradesh,"Electrical Engineering (4 Years, Bachelor of Technology)",OS,EWS,Gender-Neutral,7145,7145
National Institute of Technology Arunachal Pradesh,"Electrical Engineering (4 Years, Bachelor of Technology)",OS,EWS,Female-only (including Supernumerary),9036,9036
National Institute of Technology Arunachal Pradesh,"Electrical Engineering (4 Years, Bachelor of Technology)",OS,OBC-NCL,Gender-Neutral,13259,13812
National Institute of Technology Arunachal Pradesh,"Electrical Engineering (4 Years, Bachelor of Technology)",OS,SC,Gender-Neutral,6456,7062
National Institute of Technology Arunachal Pradesh,"Electrical Engineering (4 Years, Bachelor of Technology)",OS,ST,Gender-Neutral,2588,2588
National Institute of Technology Arunachal Pradesh,"Electronics and Communication Engineering (4 Years, Bachelor of Technology)",HS,OPEN,Gender-Neutral,73439,73439
National Institute of Technology Arunachal Pradesh,"Electronics and Communication Engineering (4 Years, Bachelor of Technology)",HS,EWS,Gender-Neutral,24212,24212
National Institute of Technology Arunachal Pradesh,"Electronics and Communication Engineering (4 Years, Bachelor of Technology)",HS,OBC-NCL,Gender-Neutral,59209,59209
National Institute of Technology Arunachal Pradesh,"Electronics and Communication Engineering (4 Years, Bachelor of Technology)",HS,SC,Gender-Neutral,29426,29426
National Institute of Technology Arunachal Pradesh,"Electronics and Communication Engineering (4 Years, Bachelor of Technology)",HS,ST,Gender-Neutral,8120,23272
National Institute of Technology Arunachal Pradesh,"Electronics and Communication Engineering (4 Years, Bachelor of Technology)",HS,ST,Female-only (including Supernumerary),8951,26671
National Institute of Technology Arunachal Pradesh,"Electronics and Communication Engineering (4 Years, Bachelor of Technology)",OS,OPEN,Gender-Neutral,32471,38624
National Institute of Technology Arunachal Pradesh,"Electronics and Communication Engineering (4 Years, Bachelor of Technology)",OS,OPEN,Female-only (including Supernumerary),43507,43507
National Institute of Technology Arunachal Pradesh,"Electronics and Communication Engineering (4 Years, Bachelor of Technology)",OS,OPEN (PwD),Gender-Neutral,1613,1963
National Institute of Technology Arunachal Pradesh,"Electronics and Communication Engineering (4 Years, Bachelor of Technology)",OS,EWS,Gender-Neutral,6501,6526
National Institute of Technology Arunachal Pradesh,"Electronics and Communication Engineering (4 Years, Bachelor of Technology)",OS,OBC-NCL,Gender-Neutral,11657,12594
National Institute of Technology Arunachal Pradesh,"Electronics and Communication Engineering (4 Years, Bachelor of Technology)",OS,OBC-NCL,Female-only (including Supernumerary),20251,20251
National Institute of Technology Arunachal Pradesh,"Electronics and Communication Engineering (4 Years, Bachelor of Technology)",OS,SC,Gender-Neutral,5980,5980
National Institute of Technology Arunachal Pradesh,"Electronics and Communication Engineering (4 Years, Bachelor of Technology)",OS,ST,Gender-Neutral,2196,2196
National Institute of Technology Arunachal Pradesh,"Mechanical Engineering (4 Years, Bachelor of Technology)",HS,OPEN,Gender-Neutral,156476,156476
National Institute of Technology Arunachal Pradesh,"Mechanical Engineering (4 Years, Bachelor of Technology)",HS,OBC-NCL,Gender-Neutral,105947,105947
National Institute of Technology Arunachal Pradesh,"Mechanical Engineering (4 Years, Bachelor of Technology)",HS,SC,Gender-Neutral,44024,44024
National Institute of Technology Arunachal Pradesh,"Mechanical Engineering (4 Years, Bachelor of Technology)",HS,ST,Gender-Neutral,12991,21354
National Institute of Technology Arunachal Pradesh,"Mechanical Engineering (4 Years, Bachelor of Technology)",HS,ST,Female-only (including Supernumerary),6747,19495
National Institute of Technology Arunachal Pradesh,"Mechanical Engineering (4 Years, Bachelor of Technology)",OS,OPEN,Gender-Neutral,46036,48541
National Institute of Technology Arunachal Pradesh,"Mechanical Engineering (4 Years, Bachelor of Technology)",OS,OPEN,Female-only (including Supernumerary),60710,60710
National Institute of Technology Arunachal Pradesh,"Mechanical Engineering (4 Years, Bachelor of Technology)",OS,EWS,Gender-Neutral,8111,8111
National Institute of Technology Arunachal Pradesh,"Mechanical Engineering (4 Years, Bachelor of Technology)",OS,OBC-NCL,Gender-Neutral,14507,15967
National Institute of Technology Arunachal Pradesh,"Mechanical Engineering (4 Years, Bachelor of Technology)",OS,OBC-NCL,Female-only (including Supernumerary),22226,22226
National Institute of Technology Arunachal Pradesh,"Mechanical Engineering (4 Years, Bachelor of Technology)",OS,SC,Gender-Neutral,7631,8019
National Institute of Technology Arunachal Pradesh,"Mechanical Engineering (4 Years, Bachelor of Technology)",OS,ST,Female-only (including Supernumerary),4308,4308
"National Institute of Technology, Jamshedpur","Civil Engineering (4 Years, Bachelor of Technology)",HS,OPEN,Gender-Neutral,36595,47540
"National Institute of Technology, Jamshedpur","Civil Engineering (4 Years, Bachelor of Technology)",HS,OPEN,Female-only (including Supernumerary),65323,74915
"National Institute of Technology, Jamshedpur","Civil Engineering (4 Years, Bachelor of Technology)",HS,OPEN (PwD),Gender-Neutral,2088,2088
"National Institute of Technology, Jamshedpur","Civil Engineering (4 Years, Bachelor of Technology)",HS,EWS,Gender-Neutral,7814,9163
"National Institute of Technology, Jamshedpur","Civil Engineering (4 Years, Bachelor of Technology)",HS,OBC-NCL,Gender-Neutral,13968,16156
"National Institute of Technology, Jamshedpur","Civil Engineering (4 Years, Bachelor of Technology)",HS,OBC-NCL,Female-only (including Supernumerary),26561,29807
"National Institute of Technology, Jamshedpur","Civil Engineering (4 Years, Bachelor of Technology)",HS,SC,Gender-Neutral,7290,9062
"National Institute of Technology, Jamshedpur","Civil Engineering (4 Years, Bachelor of Technology)",HS,SC,Female-only (including Supernumerary),13185,13299
"National Institute of Technology, Jamshedpur","Civil Engineering (4 Years, Bachelor of Technology)",HS,ST,Gender-Neutral,2402,2577
"National Institute of Technology, Jamshedpur","Civil Engineering (4 Years, Bachelor of Technology)",HS,ST,Female-only (including Supernumerary),4263,4263
"National Institute of Technology, Jamshedpur","Civil Engineering (4 Years, Bachelor of Technology)",OS,OPEN,Gender-Neutral,28554,38534
"National Institute of Technology, Jamshedpur","Civil Engineering (4 Years, Bachelor of Technology)",OS,OPEN,Female-only (including Supernumerary),47054,52164
"National Institute of Technology, Jamshedpur","Civil Engineering (4 Years, Bachelor of Technology)",OS,OPEN (PwD),Gender-Neutral,1601,1601
"National Institute of Technology, Jamshedpur","Civil Engineering (4 Years, Bachelor of Technology)",OS,EWS,Gender-Neutral,6485,6739
"National Institute of Technology, Jamshedpur","Civil Engineering (4 Years, Bachelor of Technology)",OS,EWS,Female-only (including Supernumerary),8534,8534
"National Institute of Technology, Jamshedpur","Civil Engineering (4 Years, Bachelor of Technology)",OS,OBC-NCL,Gender-Neutral,10984,13266
"National Institute of Technology, Jamshedpur","Civil Engineering (4 Years, Bachelor of Technology)",OS,OBC-NCL,Female-only (including Supernumerary),19683,20034
"National Institute of Technology, Jamshedpur","Civil Engineering (4 Years, Bachelor of Technology)",OS,SC,Gender-Neutral,5622,6193
"National Institute of Technology, Jamshedpur","Civil Engineering (4 Years, Bachelor of Technology)",OS,SC,Female-only (including Supernumerary),9312,9394
"National Institute of Technology, Jamshedpur","Civil Engineering (4 Years, Bachelor of Technology)",OS,ST,Gender-Neutral,1479,2060
"National Institute of Technology, Jamshedpur","Civil Engineering (4 Years, Bachelor of Technology)",OS,ST,Female-only (including Supernumerary),2788,2788
"National Institute of Technology, Jamshedpur","Computer Science and Engineering (4 Years, Bachelor of Technology)",HS,OPEN,Gender-Neutral,6449,12947
"National Institute of Technology, Jamshedpur","Computer Science and Engineering (4 Years, Bachelor of Technology)",HS,OPEN,Female-only (including Supernumerary),14057,22346
"National Institute of Technology, Jamshedpur","Computer Science and Engineering (4 Years, Bachelor of Technology)",HS,OPEN (PwD),Gender-Neutral,1107,1107
"National Institute of Technology, Jamshedpur","Computer Science and Engineering (4 Years, Bachelor of Technology)",HS,EWS,Gender-Neutral,2399,2723
"National Institute of Technology, Jamshedpur","Computer Science and Engineering (4 Years, Bachelor of Technology)",HS,EWS,Female-only (including Supernumerary),4697,4697
"National Institute of Technology, Jamshedpur","Computer Science and Engineering (4 Years, Bachelor of Technology)",HS,OBC-NCL,Gender-Neutral,3455,4915
"National Institute of Technology, Jamshedpur","Computer Science and Engineering (4 Years, Bachelor of Technology)",HS,OBC-NCL,Female-only (including Supernumerary),6335,9790
"National Institute of Technology, Jamshedpur","Computer Science and Engineering (4 Years, Bachelor of Technology)",HS,OBC-NCL (PwD),Gender-Neutral,549,549
"National Institute of Technology, Jamshedpur","Computer Science and Engineering (4 Years, Bachelor of Technology)",HS,SC,Gender-Neutral,1999,3364
"National Institute of Technology, Jamshedpur","Computer Science and Engineering (4 Years, Bachelor of Technology)",HS,SC,Female-only (including Supernumerary),7075,9173
"National Institute of Technology, Jamshedpur","Computer Science and Engineering (4 Years, Bachelor of Technology)",HS,SC (PwD),Gender-Neutral,138,138
"National Institute of Technology, Jamshedpur","Computer Science and Engineering (4 Years, Bachelor of Technology)",HS,ST,Gender-Neutral,699,1268
"National Institute of Technology, Jamshedpur","Computer Science and Engineering (4 Years, Bachelor of Technology)",HS,ST,Female-only (including Supernumerary),1792,1792
"National Institute of Technology, Jamshedpur","Computer Science and Engineering (4 Years, Bachelor of Technology)",OS,OPEN,Gender-Neutral,4935,7519
"National Institute of Technology, Jamshedpur","Computer Science and Engineering (4 Years, Bachelor of Technology)",OS,OPEN,Female-only (including Supernumerary),9706,14880
"National Institute of Technology, Jamshedpur","Computer Science and Engineering (4 Years, Bachelor of Technology)",OS,OPEN (PwD),Female-only (including Supernumerary),467,467
"National Institute of Technology, Jamshedpur","Computer Science and Engineering (4 Years, Bachelor of Technology)",OS,EWS,Gender-Neutral,1067,1143
"National Institute of Technology, Jamshedpur","Computer Science and Engineering (4 Years, Bachelor of Technology)",OS,EWS,Female-only (including Supernumerary),2485,2485
"National Institute of Technology, Jamshedpur","Computer Science and Engineering (4 Years, Bachelor of Technology)",OS,EWS (PwD),Gender-Neutral,45,45
"National Institute of Technology, Jamshedpur","Computer Science and Engineering (4 Years, Bachelor of Technology)",OS,OBC-NCL,Gender-Neutral,2220,2729
"National Institute of Technology, Jamshedpur","Computer Science and Engineering (4 Years, Bachelor of Technology)",OS,OBC-NCL,Female-only (including Supernumerary),6659,6747
"National Institute of Technology, Jamshedpur","Computer Science and Engineering (4 Years, Bachelor of Technology)",OS,OBC-NCL (PwD),Gender-Neutral,178,178
"National Institute of Technology, Jamshedpur","Computer Science and Engineering (4 Years, Bachelor of Technology)",OS,SC,Gender-Neutral,1627,1784
"National Institute of Technology, Jamshedpur","Computer Science and Engineering (4 Years, Bachelor of Technology)",OS,SC,Female-only (including Supernumerary),2652,2875
"National Institute of Technology, Jamshedpur","Computer Science and Engineering (4 Years, Bachelor of Technology)",OS,SC (PwD),Gender-Neutral,47,47
"National Institute of Technology, Jamshedpur","Computer Science and Engineering (4 Years, Bachelor of Technology)",OS,ST,Gender-Neutral,524,748
"National Institute of Technology, Jamshedpur","Computer Science and Engineering (4 Years, Bachelor of Technology)",OS,ST,Female-only (including Supernumerary),1203,1203
"National Institute of Technology, Jamshedpur","Electrical Engineering (4 Years, Bachelor of Technology)",HS,OPEN,Gender-Neutral,19024,23712
"National Institute of Technology, Jamshedpur","Electrical Engineering (4 Years, Bachelor of Technology)",HS,OPEN,Female-only (including Supernumerary),32218,42038
"National Institute of Technology, Jamshedpur","Electrical Engineering (4 Years, Bachelor of Technology)",HS,OPEN (PwD),Gender-Neutral,1535,2050
"National Institute of Technology, Jamshedpur","Electrical Engineering (4 Years, Bachelor of Technology)",HS,OPEN (PwD),Female-only (including Supernumerary),2433,2433
"National Institute of Technology, Jamshedpur","Electrical Engineering (4 Years, Bachelor of Technology)",HS,EWS,Gender-Neutral,3758,4353
"National Institute of Technology, Jamshedpur","Electrical Engineering (4 Years, Bachelor of Technology)",HS,EWS,Female-only (including Supernumerary),7422,7422
"National Institute of Technology, Jamshedpur","Electrical Engineering (4 Years, Bachelor of Technology)",HS,OBC-NCL,Gender-Neutral,6433,7306
"National Institute of Technology, Jamshedpur","Electrical Engineering (4 Years, Bachelor of Technology)",HS,OBC-NCL,Female-only (including Supernumerary),13162,16019
"National Institute of Technology, Jamshedpur","Electrical Engineering (4 Years, Bachelor of Technology)",HS,SC,Gender-Neutral,4811,5874
"National Institute of Technology, Jamshedpur","Electrical Engineering (4 Years, Bachelor of Technology)",HS,SC,Female-only (including Supernumerary),12046,12046
"National Institute of Technology, Jamshedpur","Electrical Engineering (4 Years, Bachelor of Technology)",HS,ST,Gender-Neutral,1324,1733
"National Institute of Technology, Jamshedpur","Electrical Engineering (4 Years, Bachelor of Technology)",OS,OPEN,Gender-Neutral,12776,16994
"National Institute of Technology, Jamshedpur","Electrical Engineering (4 Years, Bachelor of Technology)",OS,OPEN,Female-only (including Supernumerary),22498,28221
"National Institute of Technology, Jamshedpur","Electrical Engineering (4 Years, Bachelor of Technology)",OS,OPEN (PwD),Gender-Neutral,791,945
"National Institute of Technology, Jamshedpur","Electrical Engineering (4 Years, Bachelor of Technology)",OS,EWS,Gender-Neutral,2600,2687
"National Institute of Technology, Jamshedpur","Electrical Engineering (4 Years, Bachelor of Technology)",OS,EWS,Female-only (including Supernumerary),4568,4568
"National Institute of Technology, Jamshedpur","Electrical Engineering (4 Years, Bachelor of Technology)",OS,OBC-NCL,Gender-Neutral,5593,6423
"National Institute of Technology, Jamshedpur","Electrical Engineering (4 Years, Bachelor of Technology)",OS,OBC-NCL,Female-only (including Supernumerary),10732,12527
"National Institute of Technology, Jamshedpur","Electrical Engineering (4 Years, Bachelor of Technology)",OS,OBC-NCL (PwD),Gender-Neutral,613,613
"National Institute of Technology, Jamshedpur","Electrical Engineering (4 Years, Bachelor of Technology)",OS,SC,Gender-Neutral,3151,3793
"National Institute of Technology, Jamshedpur","Electrical Engineering (4 Years, Bachelor of Technology)",OS,SC,Female-only (including Supernumerary),5184,5184
"National Institute of Technology, Jamshedpur","Electrical Engineering (4 Years, Bachelor of Technology)",OS,ST,Gender-Neutral,1303,1763
"National Institute of Technology, Jamshedpur","Electronics and Communication Engineering (4 Years, Bachelor of Technology)",HS,OPEN,Gender-Neutral,14414,18271
"National Institute of Technology, Jamshedpur","Electronics and Communication Engineering (4 Years, Bachelor of Technology)",HS,OPEN,Female-only (including Supernumerary),22528,30387
"National Institute of Technology, Jamshedpur","Electronics and Communication Engineering (4 Years, Bachelor of Technology)",HS,OPEN (PwD),Female-only (including Supernumerary),1365,2510
"National Institute of Technology, Jamshedpur","Electronics and Communication Engineering (4 Years, Bachelor of Technology)",HS,EWS,Gender-Neutral,2806,3138
"National Institute of Technology, Jamshedpur","Electronics and Communication Engineering (4 Years, Bachelor of Technology)",HS,EWS,Female-only (including Supernumerary),6348,6410
"National Institute of Technology, Jamshedpur","Electronics and Communication Engineering (4 Years, Bachelor of Technology)",HS,OBC-NCL,Gender-Neutral,4953,6004
"National Institute of Technology, Jamshedpur","Electronics and Communication Engineering (4 Years, Bachelor of Technology)",HS,OBC-NCL,Female-only (including Supernumerary),10349,12380
"National Institute of Technology, Jamshedpur","Electronics and Communication Engineering (4 Years, Bachelor of Technology)",HS,OBC-NCL (PwD),Gender-Neutral,697,697
"National Institute of Technology, Jamshedpur","Electronics and Communication Engineering (4 Years, Bachelor of Technology)",HS,SC,Gender-Neutral,2685,4714
"National Institute of Technology, Jamshedpur","Electronics and Communication Engineering (4 Years, Bachelor of Technology)",HS,SC,Female-only (including Supernumerary),10639,10714
"National Institute of Technology, Jamshedpur","Electronics and Communication Engineering (4 Years, Bachelor of Technology)",HS,ST,Gender-Neutral,1442,1593
"National Institute of Technology, Jamshedpur","Electronics and Communication Engineering (4 Years, Bachelor of Technology)",HS,ST,Female-only (including Supernumerary),2309,2309
"National Institute of Technology, Jamshedpur","Electronics and Communication Engineering (4 Years, Bachelor of Technology)",OS,OPEN,Gender-Neutral,9974,11799
"National Institute of Technology, Jamshedpur","Electronics and Communication Engineering (4 Years, Bachelor of Technology)",OS,OPEN,Female-only (including Supernumerary),17422,21844
"National Institute of Technology, Jamshedpur","Electronics and Communication Engineering (4 Years, Bachelor of Technology)",OS,OPEN (PwD),Female-only (including Supernumerary),1386,1386
"National Institute of Technology, Jamshedpur","Electronics and Communication Engineering (4 Years, Bachelor of Technology)",OS,EWS,Gender-Neutral,1776,1956
"National Institute of Technology, Jamshedpur","Electronics and Communication Engineering (4 Years, Bachelor of Technology)",OS,EWS,Female-only (including Supernumerary),3419,3419
"National Institute of Technology, Jamshedpur","Electronics and Communication Engineering (4 Years, Bachelor of Technology)",OS,EWS (PwD),Gender-Neutral,176,176
"National Institute of Technology, Jamshedpur","Electronics and Communication Engineering (4 Years, Bachelor of Technology)",OS,OBC-NCL,Gender-Neutral,2993,4456
"National Institute of Technology, Jamshedpur","Electronics and Communication Engineering (4 Years, Bachelor of Technology)",OS,OBC-NCL,Female-only (including Supernumerary),6844,7410
"National Institute of Technology, Jamshedpur","Electronics and Communication Engineering (4 Years, Bachelor of Technology)",OS,OBC-NCL (PwD),Gender-Neutral,461,461
"National Institute of Technology, Jamshedpur","Electronics and Communication Engineering (4 Years, Bachelor of Technology)",OS,SC,Gender-Neutral,1888,2955
"National Institute of Technology, Jamshedpur","Electronics and Communication Engineering (4 Years, Bachelor of Technology)",OS,SC,Female-only (including Supernumerary),4756,4909
"National Institute of Technology, Jamshedpur","Electronics and Communication Engineering (4 Years, Bachelor of Technology)",OS,SC (PwD),Gender-Neutral,256,256
"National Institute of Technology, Jamshedpur","Electronics and Communication Engineering (4 Years, Bachelor of Technology)",OS,ST,Gender-Neutral,677,970
"National Institute of Technology, Jamshedpur","Electronics and Communication Engineering (4 Years, Bachelor of Technology)",OS,ST,Female-only (including Supernumerary),1995,1995
"National Institute of Technology, Jamshedpur","Engineering and Computational Mechanics (4 Years, Bachelor of Technology)",HS,OPEN,Gender-Neutral,18671,26634
"National Institute of Technology, Jamshedpur","Engineering and Computational Mechanics (4 Years, Bachelor of Technology)",HS,OPEN,Female-only (including Supernumerary),45456,45456
"National Institute of Technology, Jamshedpur","Engineering and Computational Mechanics (4 Years, Bachelor of Technology)",HS,OPEN (PwD),Gender-Neutral,2262,2262
"National Institute of Technology, Jamshedpur","Engineering and Computational Mechanics (4 Years, Bachelor of Technology)",HS,EWS,Gender-Neutral,5740,5740
"National Institute of Technology, Jamshedpur","Engineering and Computational Mechanics (4 Years, Bachelor of Technology)",HS,EWS,Female-only (including Supernumerary),7421,7421
"National Institute of Technology, Jamshedpur","Engineering and Computational Mechanics (4 Years, Bachelor of Technology)",HS,OBC-NCL,Gender-Neutral,7399,8502
"National Institute of Technology, Jamshedpur","Engineering and Computational Mechanics (4 Years, Bachelor of Technology)",HS,OBC-NCL,Female-only (including Supernumerary),16453,16453
"National Institute of Technology, Jamshedpur","Engineering and Computational Mechanics (4 Years, Bachelor of Technology)",HS,SC,Gender-Neutral,7664,9453
"National Institute of Technology, Jamshedpur","Engineering and Computational Mechanics (4 Years, Bachelor of Technology)",HS,ST,Gender-Neutral,2442,2948
"National Institute of Technology, Jamshedpur","Engineering and Computational Mechanics (4 Years, Bachelor of Technology)",OS,OPEN,Gender-Neutral,15063,18419
"National Institute of Technology, Jamshedpur","Engineering and Computational Mechanics (4 Years, Bachelor of Technology)",OS,OPEN,Female-only (including Supernumerary),28529,28529
"National Institute of Technology, Jamshedpur","Engineering and Computational Mechanics (4 Years, Bachelor of Technology)",OS,EWS,Gender-Neutral,2896,2969
"National Institute of Technology, Jamshedpur","Engineering and Computational Mechanics (4 Years, Bachelor of Technology)",OS,OBC-NCL,Gender-Neutral,5138,5242
"National Institute of Technology, Jamshedpur","Engineering and Computational Mechanics (4 Years, Bachelor of Technology)",OS,OBC-NCL,Female-only (including Supernumerary),11433,11433
"National Institute of Technology, Jamshedpur","Engineering and Computational Mechanics (4 Years, Bachelor of Technology)",OS,SC,Gender-Neutral,4519,4580
"National Institute of Technology, Jamshedpur","Engineering and Computational Mechanics (4 Years, Bachelor of Technology)",OS,SC,Female-only (including Supernumerary),7432,7432
"National Institute of Technology, Jamshedpur","Engineering and Computational Mechanics (4 Years, Bachelor of Technology)",OS,ST,Gender-Neutral,2002,2173
"National Institute of Technology, Jamshedpur","Mechanical Engineering (4 Years, Bachelor of Technology)",HS,OPEN,Gender-Neutral,26403,33723
"National Institute of Technology, Jamshedpur","Mechanical Engineering (4 Years, Bachelor of Technology)",HS,OPEN,Female-only (including Supernumerary),47662,54567
"National Institute of Technology, Jamshedpur","Mechanical Engineering (4 Years, Bachelor of Technology)",HS,EWS,Gender-Neutral,6241,7020
"National Institute of Technology, Jamshedpur","Mechanical Engineering (4 Years, Bachelor of Technology)",HS,EWS,Female-only (including Supernumerary),8978,8978
"National Institute of Technology, Jamshedpur","Mechanical Engineering (4 Years, Bachelor of Technology)",HS,OBC-NCL,Gender-Neutral,9799,12431
"National Institute of Technology, Jamshedpur","Mechanical Engineering (4 Years, Bachelor of Technology)",HS,OBC-NCL,Female-only (including Supernumerary),16830,21806
"National Institute of Technology, Jamshedpur","Mechanical Engineering (4 Years, Bachelor of Technology)",HS,SC,Gender-Neutral,4842,7252
"National Institute of Technology, Jamshedpur","Mechanical Engineering (4 Years, Bachelor of Technology)",HS,SC,Female-only (including Supernumerary),12107,12111
"National Institute of Technology, Jamshedpur","Mechanical Engineering (4 Years, Bachelor of Technology)",HS,ST,Gender-Neutral,1356,2191
"National Institute of Technology, Jamshedpur","Mechanical Engineering (4 Years, Bachelor of Technology)",HS,ST,Female-only (including Supernumerary),2943,2943
"National Institute of Technology, Jamshedpur","Mechanical Engineering (4 Years, Bachelor of Technology)",OS,OPEN,Gender-Neutral,20660,27524
"National Institute of Technology, Jamshedpur","Mechanical Engineering (4 Years, Bachelor of Technology)",OS,OPEN,Female-only (including Supernumerary),34790,40227
"National Institute of Technology, Jamshedpur","Mechanical Engineering (4 Years, Bachelor of Technology)",OS,EWS,Gender-Neutral,4389,4456
"National Institute of Technology, Jamshedpur","Mechanical Engineering (4 Years, Bachelor of Technology)",OS,EWS,Female-only (including Supernumerary),7130,7130
"National Institute of Technology, Jamshedpur","Mechanical Engineering (4 Years, Bachelor of Technology)",OS,OBC-NCL,Gender-Neutral,8051,8873
"National Institute of Technology, Jamshedpur","Mechanical Engineering (4 Years, Bachelor of Technology)",OS,OBC-NCL,Female-only (including Supernumerary),16340,17361
"National Institute of Technology, Jamshedpur","Mechanical Engineering (4 Years, Bachelor of Technology)",OS,OBC-NCL (PwD),Gender-Neutral,853,853
"National Institute of Technology, Jamshedpur","Mechanical Engineering (4 Years, Bachelor of Technology)",OS,SC,Gender-Neutral,4754,5718
"National Institute of Technology, Jamshedpur","Mechanical Engineering (4 Years, Bachelor of Technology)",OS,SC,Female-only (including Supernumerary),8127,8628
"National Institute of Technology, Jamshedpur","Mechanical Engineering (4 Years, Bachelor of Technology)",OS,ST,Gender-Neutral,1961,2251
"National Institute of Technology, Jamshedpur","Mechanical Engineering (4 Years, Bachelor of Technology)",OS,ST,Female-only (including Supernumerary),3520,3520
"National Institute of Technology, Jamshedpur","Metallurgical and Materials Engineering (4 Years, Bachelor of Technology)",HS,OPEN,Gender-Neutral,36583,51604
"National Institute of Technology, Jamshedpur","Metallurgical and Materials Engineering (4 Years, Bachelor of Technology)",HS,OPEN,Female-only (including Supernumerary),37802,71436
"National Institute of Technology, Jamshedpur","Metallurgical and Materials Engineering (4 Years, Bachelor of Technology)",HS,OPEN (PwD),Gender-Neutral,2170,2170
"National Institute of Technology, Jamshedpur","Metallurgical and Materials Engineering (4 Years, Bachelor of Technology)",HS,EWS,Gender-Neutral,8601,8632
"National Institute of Technology, Jamshedpur","Metallurgical and Materials Engineering (4 Years, Bachelor of Technology)",HS,EWS,Female-only (including Supernumerary),13258,13258
"National Institute of Technology, Jamshedpur","Metallurgical and Materials Engineering (4 Years, Bachelor of Technology)",HS,OBC-NCL,Gender-Neutral,15442,18521
"National Institute of Technology, Jamshedpur","Metallurgical and Materials Engineering (4 Years, Bachelor of Technology)",HS,OBC-NCL,Female-only (including Supernumerary),22381,22867
"National Institute of Technology, Jamshedpur","Metallurgical and Materials Engineering (4 Years, Bachelor of Technology)",HS,SC,Gender-Neutral,8077,9972
"National Institute of Technology, Jamshedpur","Metallurgical and Materials Engineering (4 Years, Bachelor of Technology)",HS,SC,Female-only (including Supernumerary),12285,12285
"National Institute of Technology, Jamshedpur","Metallurgical and Materials Engineering (4 Years, Bachelor of Technology)",HS,ST,Gender-Neutral,2971,3935
"National Institute of Technology, Jamshedpur","Metallurgical and Materials Engineering (4 Years, Bachelor of Technology)",HS,ST,Female-only (including Supernumerary),4373,4373
"National Institute of Technology, Jamshedpur","Metallurgical and Materials Engineering (4 Years, Bachelor of Technology)",OS,OPEN,Gender-Neutral,36801,43227
"National Institute of Technology, Jamshedpur","Metallurgical and Materials Engineering (4 Years, Bachelor of Technology)",OS,OPEN,Female-only (including Supernumerary),52946,55132
"National Institute of Technology, Jamshedpur","Metallurgical and Materials Engineering (4 Years, Bachelor of Technology)",OS,EWS,Gender-Neutral,7137,7338
"National Institute of Technology, Jamshedpur","Metallurgical and Materials Engineering (4 Years, Bachelor of Technology)",OS,OBC-NCL,Gender-Neutral,13198,14905
"National Institute of Technology, Jamshedpur","Metallurgical and Materials Engineering (4 Years, Bachelor of Technology)",OS,OBC-NCL,Female-only (including Supernumerary),19238,20192
"National Institute of Technology, Jamshedpur","Metallurgical and Materials Engineering (4 Years, Bachelor of Technology)",OS,SC,Gender-Neutral,6879,7490
"National Institute of Technology, Jamshedpur","Metallurgical and Materials Engineering (4 Years, Bachelor of Technology)",OS,SC,Female-only (including Supernumerary),9262,9262
"National Institute of Technology, Jamshedpur","Metallurgical and Materials Engineering (4 Years, Bachelor of Technology)",OS,ST,Gender-Neutral,2984,3215
"National Institute of Technology, Jamshedpur","Metallurgical and Materials Engineering (4 Years, Bachelor of Technology)",OS,ST,Female-only (including Supernumerary),4556,4556
"National Institute of Technology, Jamshedpur","Production and Industrial Engineering (4 Years, Bachelor of Technology)",HS,OPEN,Gender-Neutral,41425,49001
"National Institute of Technology, Jamshedpur","Production and Industrial Engineering (4 Years, Bachelor of Technology)",HS,OPEN,Female-only (including Supernumerary),50962,58520
"National Institute of Technology, Jamshedpur","Production and Industrial Engineering (4 Years, Bachelor of Technology)",HS,EWS,Gender-Neutral,8583,9476
"National Institute of Technology, Jamshedpur","Production and Industrial Engineering (4 Years, Bachelor of Technology)",HS,EWS,Female-only (including Supernumerary),12256,12256
"National Institute of Technology, Jamshedpur","Production and Industrial Engineering (4 Years, Bachelor of Technology)",HS,OBC-NCL,Gender-Neutral,15656,18175
"National Institute of Technology, Jamshedpur","Production and Industrial Engineering (4 Years, Bachelor of Technology)",HS,OBC-NCL,Female-only (including Supernumerary),27894,28840
"National Institute of Technology, Jamshedpur","Production and Industrial Engineering (4 Years, Bachelor of Technology)",HS,SC,Gender-Neutral,10441,10886
"National Institute of Technology, Jamshedpur","Production and Industrial Engineering (4 Years, Bachelor of Technology)",HS,SC,Female-only (including Supernumerary),15523,15523
"National Institute of Technology, Jamshedpur","Production and Industrial Engineering (4 Years, Bachelor of Technology)",HS,ST,Gender-Neutral,4505,4680
"National Institute of Technology, Jamshedpur","Production and Industrial Engineering (4 Years, Bachelor of Technology)",OS,OPEN,Gender-Neutral,33102,38944
"National Institute of Technology, Jamshedpur","Production and Industrial Engineering (4 Years, Bachelor of Technology)",OS,OPEN,Female-only (including Supernumerary),43809,47504
"National Institute of Technology, Jamshedpur","Production and Industrial Engineering (4 Years, Bachelor of Technology)",OS,OPEN (PwD),Gender-Neutral,2573,2573
"National Institute of Technology, Jamshedpur","Production and Industrial Engineering (4 Years, Bachelor of Technology)",OS,EWS,Gender-Neutral,6288,6508
"National Institute of Technology, Jamshedpur","Production and Industrial Engineering (4 Years, Bachelor of Technology)",OS,EWS,Female-only (including Supernumerary),9396,9396
"National Institute of Technology, Jamshedpur","Production and Industrial Engineering (4 Years, Bachelor of Technology)",OS,OBC-NCL,Gender-Neutral,13590,14458
"National Institute of Technology, Jamshedpur","Production and Industrial Engineering (4 Years, Bachelor of Technology)",OS,OBC-NCL,Female-only (including Supernumerary),20485,20662
"National Institute of Technology, Jamshedpur","Production and Industrial Engineering (4 Years, Bachelor of Technology)",OS,SC,Gender-Neutral,6940,7146
"National Institute of Technology, Jamshedpur","Production and Industrial Engineering (4 Years, Bachelor of Technology)",OS,SC,Female-only (including Supernumerary),10368,10368
"National Institute of Technology, Jamshedpur","Production and Industrial Engineering (4 Years, Bachelor of Technology)",OS,ST,Gender-Neutral,2871,3073
"National Institute of Technology, Kurukshetra","Architecture and Planning (5 Years, Bachelor of Architecture)",HS,OPEN,Gender-Neutral,1161,2741
"National Institute of Technology, Kurukshetra","Architecture and Planning (5 Years, Bachelor of Architecture)",HS,OPEN,Female-only (including Supernumerary),1580,2003
"National Institute of Technology, Kurukshetra","Architecture and Planning (5 Years, Bachelor of Architecture)",HS,EWS,Gender-Neutral,961,1940
"National Institute of Technology, Kurukshetra","Architecture and Planning (5 Years, Bachelor of Architecture)",HS,OBC-NCL,Gender-Neutral,963,3809
"National Institute of Technology, Kurukshetra","Architecture and Planning (5 Years, Bachelor of Architecture)",HS,OBC-NCL,Female-only (including Supernumerary),1059,1059
"National Institute of Technology, Kurukshetra","Architecture and Planning (5 Years, Bachelor of Architecture)",HS,SC,Gender-Neutral,493,493
"National Institute of Technology, Kurukshetra","Architecture and Planning (5 Years, Bachelor of Architecture)",HS,SC,Female-only (including Supernumerary),1010,1010
"National Institute of Technology, Kurukshetra","Architecture and Planning (5 Years, Bachelor of Architecture)",OS,OPEN,Gender-Neutral,645,1542
"National Institute of Technology, Kurukshetra","Architecture and Planning (5 Years, Bachelor of Architecture)",OS,OPEN,Female-only (including Supernumerary),741,741
"National Institute of Technology, Kurukshetra","Architecture and Planning (5 Years, Bachelor of Architecture)",OS,EWS,Gender-Neutral,450,450
"National Institute of Technology, Kurukshetra","Architecture and Planning (5 Years, Bachelor of Architecture)",OS,EWS,Female-only (including Supernumerary),556,556
"National Institute of Technology, Kurukshetra","Architecture and Planning (5 Years, Bachelor of Architecture)",OS,OBC-NCL,Gender-Neutral,615,918
"National Institute of Technology, Kurukshetra","Architecture and Planning (5 Years, Bachelor of Architecture)",OS,OBC-NCL,Female-only (including Supernumerary),502,502
"National Institute of Technology, Kurukshetra","Architecture and Planning (5 Years, Bachelor of Architecture)",OS,SC,Gender-Neutral,337,363
"National Institute of Technology, Kurukshetra","Architecture and Planning (5 Years, Bachelor of Architecture)",OS,SC,Female-only (including Supernumerary),283,283
"National Institute of Technology, Kurukshetra","Architecture and Planning (5 Years, Bachelor of Architecture)",OS,ST,Gender-Neutral,174,195
"National Institute of Technology, Kurukshetra","Artificial Intelligence and Data Science (4 Years, Bachelor of Technology)",HS,OPEN,Gender-Neutral,9571,11951
"National Institute of Technology, Kurukshetra","Artificial Intelligence and Data Science (4 Years, Bachelor of Technology)",HS,OPEN,Female-only (including Supernumerary),15257,20264
"National Institute of Technology, Kurukshetra","Artificial Intelligence and Data Science (4 Years, Bachelor of Technology)",HS,EWS,Gender-Neutral,2071,2074
"National Institute of Technology, Kurukshetra","Artificial Intelligence and Data Science (4 Years, Bachelor of Technology)",HS,EWS (PwD),Gender-Neutral,209,209
"National Institute of Technology, Kurukshetra","Artificial Intelligence and Data Science (4 Years, Bachelor of Technology)",HS,OBC-NCL,Gender-Neutral,4632,6186
"National Institute of Technology, Kurukshetra","Artificial Intelligence and Data Science (4 Years, Bachelor of Technology)",HS,OBC-NCL,Female-only (including Supernumerary),7848,8839
"National Institute of Technology, Kurukshetra","Artificial Intelligence and Data Science (4 Years, Bachelor of Technology)",HS,OBC-NCL (PwD),Gender-Neutral,780,780
"National Institute of Technology, Kurukshetra","Artificial Intelligence and Data Science (4 Years, Bachelor of Technology)",HS,SC,Gender-Neutral,2654,3092
"National Institute of Technology, Kurukshetra","Artificial Intelligence and Data Science (4 Years, Bachelor of Technology)",HS,SC,Female-only (including Supernumerary),4324,4324
"National Institute of Technology, Kurukshetra","Artificial Intelligence and Data Science (4 Years, Bachelor of Technology)",HS,ST,Gender-Neutral,3337,3337
"National Institute of Technology, Kurukshetra","Artificial Intelligence and Data Science (4 Years, Bachelor of Technology)",HS,ST,Female-only (including Supernumerary),14451,14451
"National Institute of Technology, Kurukshetra","Artificial Intelligence and Data Science (4 Years, Bachelor of Technology)",OS,OPEN,Gender-Neutral,6011,7077
"National Institute of Technology, Kurukshetra","Artificial Intelligence and Data Science (4 Years, Bachelor of Technology)",OS,OPEN,Female-only (including Supernumerary),10327,13103
"National Institute of Technology, Kurukshetra","Artificial Intelligence and Data Science (4 Years, Bachelor of Technology)",OS,EWS,Gender-Neutral,974,1164
"National Institute of Technology, Kurukshetra","Artificial Intelligence and Data Science (4 Years, Bachelor of Technology)",OS,OBC-NCL,Gender-Neutral,2477,3010
"National Institute of Technology, Kurukshetra","Artificial Intelligence and Data Science (4 Years, Bachelor of Technology)",OS,OBC-NCL,Female-only (including Supernumerary),5515,5515
"National Institute of Technology, Kurukshetra","Artificial Intelligence and Data Science (4 Years, Bachelor of Technology)",OS,SC,Gender-Neutral,1685,1762
"National Institute of Technology, Kurukshetra","Artificial Intelligence and Data Science (4 Years, Bachelor of Technology)",OS,SC,Female-only (including Supernumerary),3181,3181
"National Institute of Technology, Kurukshetra","Artificial Intelligence and Data Science (4 Years, Bachelor of Technology)",OS,ST,Gender-Neutral,543,588
"National Institute of Technology, Kurukshetra","Artificial Intelligence and Data Science (4 Years, Bachelor of Technology)",OS,ST,Female-only (including Supernumerary),1234,1234
"National Institute of Technology, Kurukshetra","Artificial Intelligence and Machine Learning (4 Years, Bachelor of Technology)",HS,OPEN,Gender-Neutral,5056,10215
"National Institute of Technology, Kurukshetra","Artificial Intelligence and Machine Learning (4 Years, Bachelor of Technology)",HS,OPEN,Female-only (including Supernumerary),17769,19534
"National Institute of Technology, Kurukshetra","Artificial Intelligence and Machine Learning (4 Years, Bachelor of Technology)",HS,EWS,Gender-Neutral,1889,1935
"National Institute of Technology, Kurukshetra","Artificial Intelligence and Machine Learning (4 Years, Bachelor of Technology)",HS,EWS,Female-only (including Supernumerary),3417,3417
"National Institute of Technology, Kurukshetra","Artificial Intelligence and Machine Learning (4 Years, Bachelor of Technology)",HS,OBC-NCL,Gender-Neutral,3420,6305
"National Institute of Technology, Kurukshetra","Artificial Intelligence and Machine Learning (4 Years, Bachelor of Technology)",HS,OBC-NCL,Female-only (including Supernumerary),6250,7100
"National Institute of Technology, Kurukshetra","Artificial Intelligence and Machine Learning (4 Years, Bachelor of Technology)",HS,OBC-NCL (PwD),Gender-Neutral,416,416
"National Institute of Technology, Kurukshetra","Artificial Intelligence and Machine Learning (4 Years, Bachelor of Technology)",HS,SC,Gender-Neutral,2567,2689
"National Institute of Technology, Kurukshetra","Artificial Intelligence and Machine Learning (4 Years, Bachelor of Technology)",HS,SC,Female-only (including Supernumerary),2861,2861
"National Institute of Technology, Kurukshetra","Artificial Intelligence and Machine Learning (4 Years, Bachelor of Technology)",HS,ST,Gender-Neutral,3421,3421
"National Institute of Technology, Kurukshetra","Artificial Intelligence and Machine Learning (4 Years, Bachelor of Technology)",OS,OPEN,Gender-Neutral,5372,7695
"National Institute of Technology, Kurukshetra","Artificial Intelligence and Machine Learning (4 Years, Bachelor of Technology)",OS,OPEN,Female-only (including Supernumerary),12877,13139
"National Institute of Technology, Kurukshetra","Artificial Intelligence and Machine Learning (4 Years, Bachelor of Technology)",OS,OPEN (PwD),Gender-Neutral,363,363
"National Institute of Technology, Kurukshetra","Artificial Intelligence and Machine Learning (4 Years, Bachelor of Technology)",OS,EWS,Gender-Neutral,1051,1172
"National Institute of Technology, Kurukshetra","Artificial Intelligence and Machine Learning (4 Years, Bachelor of Technology)",OS,OBC-NCL,Gender-Neutral,2495,3212
"National Institute of Technology, Kurukshetra","Artificial Intelligence and Machine Learning (4 Years, Bachelor of Technology)",OS,OBC-NCL,Female-only (including Supernumerary),4733,5522
"National Institute of Technology, Kurukshetra","Artificial Intelligence and Machine Learning (4 Years, Bachelor of Technology)",OS,SC,Gender-Neutral,546,1676
"National Institute of Technology, Kurukshetra","Artificial Intelligence and Machine Learning (4 Years, Bachelor of Technology)",OS,SC,Female-only (including Supernumerary),3214,3214
"National Institute of Technology, Kurukshetra","Artificial Intelligence and Machine Learning (4 Years, Bachelor of Technology)",OS,ST,Gender-Neutral,519,519
"National Institute of Technology, Kurukshetra","Artificial Intelligence and Machine Learning (4 Years, Bachelor of Technology)",OS,ST,Female-only (including Supernumerary),1452,1452
"National Institute of Technology, Kurukshetra","Civil Engineering (4 Years, Bachelor of Technology)",HS,OPEN,Gender-Neutral,9853,38638
"National Institute of Technology, Kurukshetra","Civil Engineering (4 Years, Bachelor of Technology)",HS,OPEN,Female-only (including Supernumerary),36990,47344
"National Institute of Technology, Kurukshetra","Civil Engineering (4 Years, Bachelor of Technology)",HS,EWS,Gender-Neutral,6336,7046
"National Institute of Technology, Kurukshetra","Civil Engineering (4 Years, Bachelor of Technology)",HS,EWS,Female-only (including Supernumerary),8795,8795
"National Institute of Technology, Kurukshetra","Civil Engineering (4 Years, Bachelor of Technology)",HS,OBC-NCL,Gender-Neutral,11866,16489
"National Institute of Technology, Kurukshetra","Civil Engineering (4 Years, Bachelor of Technology)",HS,OBC-NCL,Female-only (including Supernumerary),17405,19972
"National Institute of Technology, Kurukshetra","Civil Engineering (4 Years, Bachelor of Technology)",HS,SC,Gender-Neutral,3488,5909
"National Institute of Technology, Kurukshetra","Civil Engineering (4 Years, Bachelor of Technology)",HS,SC,Female-only (including Supernumerary),5719,5719
"National Institute of Technology, Kurukshetra","Civil Engineering (4 Years, Bachelor of Technology)",HS,ST,Gender-Neutral,12145,16510
"National Institute of Technology, Kurukshetra","Civil Engineering (4 Years, Bachelor of Technology)",HS,ST,Female-only (including Supernumerary),13062,13062
"National Institute of Technology, Kurukshetra","Civil Engineering (4 Years, Bachelor of Technology)",OS,OPEN,Gender-Neutral,26282,33266
"National Institute of Technology, Kurukshetra","Civil Engineering (4 Years, Bachelor of Technology)",OS,OPEN,Female-only (including Supernumerary),37470,43893
"National Institute of Technology, Kurukshetra","Civil Engineering (4 Years, Bachelor of Technology)",OS,OPEN (PwD),Gender-Neutral,269,269
"National Institute of Technology, Kurukshetra","Civil Engineering (4 Years, Bachelor of Technology)",OS,EWS,Gender-Neutral,5535,5720
"National Institute of Technology, Kurukshetra","Civil Engineering (4 Years, Bachelor of Technology)",OS,EWS,Female-only (including Supernumerary),7670,7670
"National Institute of Technology, Kurukshetra","Civil Engineering (4 Years, Bachelor of Technology)",OS,OBC-NCL,Gender-Neutral,9254,11532
"National Institute of Technology, Kurukshetra","Civil Engineering (4 Years, Bachelor of Technology)",OS,OBC-NCL,Female-only (including Supernumerary),18957,19374
"National Institute of Technology, Kurukshetra","Civil Engineering (4 Years, Bachelor of Technology)",OS,SC,Gender-Neutral,2560,4938
"National Institute of Technology, Kurukshetra","Civil Engineering (4 Years, Bachelor of Technology)",OS,SC,Female-only (including Supernumerary),8354,8532
"National Institute of Technology, Kurukshetra","Civil Engineering (4 Years, Bachelor of Technology)",OS,ST,Gender-Neutral,966,1146
"National Institute of Technology, Kurukshetra","Civil Engineering (4 Years, Bachelor of Technology)",OS,ST,Female-only (including Supernumerary),2312,2312
"National Institute of Technology, Kurukshetra","Civil Engineering (5 Years, Bachelor and Master of Technology (Dual Degree))",HS,OPEN,Gender-Neutral,42233,42233
"National Institute of Technology, Kurukshetra","Civil Engineering (5 Years, Bachelor and Master of Technology (Dual Degree))",HS,OPEN,Female-only (including Supernumerary),54115,54115
"National Institute of Technology, Kurukshetra","Civil Engineering (5 Years, Bachelor and Master of Technology (Dual Degree))",HS,OBC-NCL,Gender-Neutral,17004,17004
"National Institute of Technology, Kurukshetra","Civil Engineering (5 Years, Bachelor and Master of Technology (Dual Degree))",HS,SC,Gender-Neutral,5908,5908
"National Institute of Technology, Kurukshetra","Civil Engineering (5 Years, Bachelor and Master of Technology (Dual Degree))",OS,OPEN,Gender-Neutral,34173,34173
"National Institute of Technology, Kurukshetra","Civil Engineering (5 Years, Bachelor and Master of Technology (Dual Degree))",OS,OPEN,Female-only (including Supernumerary),46156,46156
"National Institute of Technology, Kurukshetra","Civil Engineering (5 Years, Bachelor and Master of Technology (Dual Degree))",OS,EWS,Gender-Neutral,6556,6556
"National Institute of Technology, Kurukshetra","Civil Engineering (5 Years, Bachelor and Master of Technology (Dual Degree))",OS,OBC-NCL,Gender-Neutral,11737,13373
"National Institute of Technology, Kurukshetra","Civil Engineering (5 Years, Bachelor and Master of Technology (Dual Degree))",OS,SC,Gender-Neutral,6042,6042
"National Institute of Technology, Kurukshetra","Computer Science and Engineering (4 Years, Bachelor of Technology)",HS,OPEN,Gender-Neutral,5078,7957
"National Institute of Technology, Kurukshetra","Computer Science and Engineering (4 Years, Bachelor of Technology)",HS,OPEN,Female-only (including Supernumerary),8593,11320
"National Institute of Technology, Kurukshetra","Computer Science and Engineering (4 Years, Bachelor of Technology)",HS,OPEN (PwD),Gender-Neutral,378,378
"National Institute of Technology, Kurukshetra","Computer Science and Engineering (4 Years, Bachelor of Technology)",HS,EWS,Gender-Neutral,1228,1444
"National Institute of Technology, Kurukshetra","Computer Science and Engineering (4 Years, Bachelor of Technology)",HS,EWS,Female-only (including Supernumerary),2010,2010
"National Institute of Technology, Kurukshetra","Computer Science and Engineering (4 Years, Bachelor of Technology)",HS,OBC-NCL,Gender-Neutral,1847,3386
"National Institute of Technology, Kurukshetra","Computer Science and Engineering (4 Years, Bachelor of Technology)",HS,OBC-NCL,Female-only (including Supernumerary),3498,4661
"National Institute of Technology, Kurukshetra","Computer Science and Engineering (4 Years, Bachelor of Technology)",HS,OBC-NCL (PwD),Gender-Neutral,325,325
"National Institute of Technology, Kurukshetra","Computer Science and Engineering (4 Years, Bachelor of Technology)",HS,SC,Gender-Neutral,1373,2332
"National Institute of Technology, Kurukshetra","Computer Science and Engineering (4 Years, Bachelor of Technology)",HS,SC,Female-only (including Supernumerary),1020,3515
"National Institute of Technology, Kurukshetra","Computer Science and Engineering (4 Years, Bachelor of Technology)",HS,ST,Gender-Neutral,485,1977
"National Institute of Technology, Kurukshetra","Computer Science and Engineering (4 Years, Bachelor of Technology)",HS,ST,Female-only (including Supernumerary),3029,3029
"National Institute of Technology, Kurukshetra","Computer Science and Engineering (4 Years, Bachelor of Technology)",OS,OPEN,Gender-Neutral,3951,5773
"National Institute of Technology, Kurukshetra","Computer Science and Engineering (4 Years, Bachelor of Technology)",OS,OPEN,Female-only (including Supernumerary),5961,9100
"National Institute of Technology, Kurukshetra","Computer Science and Engineering (4 Years, Bachelor of Technology)",OS,OPEN (PwD),Gender-Neutral,147,147
"National Institute of Technology, Kurukshetra","Computer Science and Engineering (4 Years, Bachelor of Technology)",OS,EWS,Gender-Neutral,786,905
"National Institute of Technology, Kurukshetra","Computer Science and Engineering (4 Years, Bachelor of Technology)",OS,EWS,Female-only (including Supernumerary),1309,1309
"National Institute of Technology, Kurukshetra","Computer Science and Engineering (4 Years, Bachelor of Technology)",OS,EWS (PwD),Gender-Neutral,50,50
"National Institute of Technology, Kurukshetra","Computer Science and Engineering (4 Years, Bachelor of Technology)",OS,OBC-NCL,Gender-Neutral,1721,2184
"National Institute of Technology, Kurukshetra","Computer Science and Engineering (4 Years, Bachelor of Technology)",OS,OBC-NCL,Female-only (including Supernumerary),3441,4331
"National Institute of Technology, Kurukshetra","Computer Science and Engineering (4 Years, Bachelor of Technology)",OS,OBC-NCL (PwD),Female-only (including Supernumerary),258,258
"National Institute of Technology, Kurukshetra","Computer Science and Engineering (4 Years, Bachelor of Technology)",OS,SC,Gender-Neutral,1136,1473
"National Institute of Technology, Kurukshetra","Computer Science and Engineering (4 Years, Bachelor of Technology)",OS,SC,Female-only (including Supernumerary),1482,1618
"National Institute of Technology, Kurukshetra","Computer Science and Engineering (4 Years, Bachelor of Technology)",OS,ST,Gender-Neutral,212,515
"National Institute of Technology, Kurukshetra","Computer Science and Engineering (4 Years, Bachelor of Technology)",OS,ST,Female-only (including Supernumerary),1052,1052
"National Institute of Technology, Kurukshetra","Computer Science and Engineering (5 Years, Bachelor and Master of Technology (Dual Degree))",HS,OPEN,Gender-Neutral,9956,11043
"National Institute of Technology, Kurukshetra","Computer Science and Engineering (5 Years, Bachelor and Master of Technology (Dual Degree))",HS,OPEN (PwD),Gender-Neutral,581,581
"National Institute of Technology, Kurukshetra","Computer Science and Engineering (5 Years, Bachelor and Master of Technology (Dual Degree))",HS,OBC-NCL,Gender-Neutral,5393,5393
"National Institute of Technology, Kurukshetra","Computer Science and Engineering (5 Years, Bachelor and Master of Technology (Dual Degree))",HS,OBC-NCL,Female-only (including Supernumerary),8395,8395
"National Institute of Technology, Kurukshetra","Computer Science and Engineering (5 Years, Bachelor and Master of Technology (Dual Degree))",HS,ST,Gender-Neutral,12079,12079
"National Institute of Technology, Kurukshetra","Computer Science and Engineering (5 Years, Bachelor and Master of Technology (Dual Degree))",OS,OPEN,Gender-Neutral,6827,6827
"National Institute of Technology, Kurukshetra","Computer Science and Engineering (5 Years, Bachelor and Master of Technology (Dual Degree))",OS,OPEN,Female-only (including Supernumerary),10454,10454
"National Institute of Technology, Kurukshetra","Computer Science and Engineering (5 Years, Bachelor and Master of Technology (Dual Degree))",OS,EWS,Gender-Neutral,1515,1515
"National Institute of Technology, Kurukshetra","Computer Science and Engineering (5 Years, Bachelor and Master of Technology (Dual Degree))",OS,OBC-NCL,Gender-Neutral,2635,2635
"National Institute of Technology, Kurukshetra","Computer Science and Engineering (5 Years, Bachelor and Master of Technology (Dual Degree))",OS,SC,Gender-Neutral,1446,2129
"National Institute of Technology, Kurukshetra","Electrical Engineering (4 Years, Bachelor of Technology)",HS,OPEN,Gender-Neutral,17154,20650
"National Institute of Technology, Kurukshetra","Electrical Engineering (4 Years, Bachelor of Technology)",HS,OPEN,Female-only (including Supernumerary),26539,28566
"National Institute of Technology, Kurukshetra","Electrical Engineering (4 Years, Bachelor of Technology)",HS,EWS,Gender-Neutral,3333,3928
"National Institute of Technology, Kurukshetra","Electrical Engineering (4 Years, Bachelor of Technology)",HS,EWS,Female-only (including Supernumerary),5632,5632
"National Institute of Technology, Kurukshetra","Electrical Engineering (4 Years, Bachelor of Technology)",HS,OBC-NCL,Gender-Neutral,7697,10470
"National Institute of Technology, Kurukshetra","Electrical Engineering (4 Years, Bachelor of Technology)",HS,OBC-NCL,Female-only (including Supernumerary),10515,13393
"National Institute of Technology, Kurukshetra","Electrical Engineering (4 Years, Bachelor of Technology)",HS,SC,Gender-Neutral,3767,5289
"National Institute of Technology, Kurukshetra","Electrical Engineering (4 Years, Bachelor of Technology)",HS,SC,Female-only (including Supernumerary),6776,6776
"National Institute of Technology, Kurukshetra","Electrical Engineering (4 Years, Bachelor of Technology)",HS,ST,Gender-Neutral,7156,22089
"National Institute of Technology, Kurukshetra","Electrical Engineering (4 Years, Bachelor of Technology)",HS,ST,Female-only (including Supernumerary),7600,7600
"National Institute of Technology, Kurukshetra","Electrical Engineering (4 Years, Bachelor of Technology)",OS,OPEN,Gender-Neutral,12407,15734
"National Institute of Technology, Kurukshetra","Electrical Engineering (4 Years, Bachelor of Technology)",OS,OPEN,Female-only (including Supernumerary),17577,24057
"National Institute of Technology, Kurukshetra","Electrical Engineering (4 Years, Bachelor of Technology)",OS,OPEN (PwD),Female-only (including Supernumerary),1927,1927
"National Institute of Technology, Kurukshetra","Electrical Engineering (4 Years, Bachelor of Technology)",OS,EWS,Gender-Neutral,2400,2692
"National Institute of Technology, Kurukshetra","Electrical Engineering (4 Years, Bachelor of Technology)",OS,EWS,Female-only (including Supernumerary),4059,4059
"National Institute of Technology, Kurukshetra","Electrical Engineering (4 Years, Bachelor of Technology)",OS,OBC-NCL,Gender-Neutral,4583,5872
"National Institute of Technology, Kurukshetra","Electrical Engineering (4 Years, Bachelor of Technology)",OS,OBC-NCL,Female-only (including Supernumerary),8673,10509
"National Institute of Technology, Kurukshetra","Electrical Engineering (4 Years, Bachelor of Technology)",OS,OBC-NCL (PwD),Gender-Neutral,383,383
"National Institute of Technology, Kurukshetra","Electrical Engineering (4 Years, Bachelor of Technology)",OS,SC,Gender-Neutral,2635,3314
"National Institute of Technology, Kurukshetra","Electrical Engineering (4 Years, Bachelor of Technology)",OS,SC,Female-only (including Supernumerary),4939,4939
"National Institute of Technology, Kurukshetra","Electrical Engineering (4 Years, Bachelor of Technology)",OS,ST,Gender-Neutral,1201,1282
"National Institute of Technology, Kurukshetra","Electrical Engineering (5 Years, Bachelor and Master of Technology (Dual Degree))",HS,OPEN,Gender-Neutral,15830,21568
"National Institute of Technology, Kurukshetra","Electrical Engineering (5 Years, Bachelor and Master of Technology (Dual Degree))",HS,EWS,Female-only (including Supernumerary),6514,6514
"National Institute of Technology, Kurukshetra","Electrical Engineering (5 Years, Bachelor and Master of Technology (Dual Degree))",HS,OBC-NCL,Gender-Neutral,11628,11628
"National Institute of Technology, Kurukshetra","Electrical Engineering (5 Years, Bachelor and Master of Technology (Dual Degree))",HS,SC,Gender-Neutral,4766,4766
"National Institute of Technology, Kurukshetra","Electrical Engineering (5 Years, Bachelor and Master of Technology (Dual Degree))",OS,OPEN,Gender-Neutral,14047,14047
"National Institute of Technology, Kurukshetra","Electrical Engineering (5 Years, Bachelor and Master of Technology (Dual Degree))",OS,OPEN,Female-only (including Supernumerary),26833,26833
"National Institute of Technology, Kurukshetra","Electrical Engineering (5 Years, Bachelor and Master of Technology (Dual Degree))",OS,OPEN (PwD),Gender-Neutral,1151,1151
"National Institute of Technology, Kurukshetra","Electrical Engineering (5 Years, Bachelor and Master of Technology (Dual Degree))",OS,OBC-NCL,Gender-Neutral,3913,6472
"National Institute of Technology, Kurukshetra","Electrical Engineering (5 Years, Bachelor and Master of Technology (Dual Degree))",OS,SC,Gender-Neutral,2990,2990
"National Institute of Technology, Kurukshetra","Electronics and Communication Engineering (4 Years, Bachelor of Technology)",HS,OPEN,Gender-Neutral,11097,15711
"National Institute of Technology, Kurukshetra","Electronics and Communication Engineering (4 Years, Bachelor of Technology)",HS,OPEN,Female-only (including Supernumerary),17185,22482
"National Institute of Technology, Kurukshetra","Electronics and Communication Engineering (4 Years, Bachelor of Technology)",HS,OPEN (PwD),Gender-Neutral,2522,2522
"National Institute of Technology, Kurukshetra","Electronics and Communication Engineering (4 Years, Bachelor of Technology)",HS,EWS,Gender-Neutral,2509,2682
"National Institute of Technology, Kurukshetra","Electronics and Communication Engineering (4 Years, Bachelor of Technology)",HS,EWS,Female-only (including Supernumerary),4024,4024
"National Institute of Technology, Kurukshetra","Electronics and Communication Engineering (4 Years, Bachelor of Technology)",HS,OBC-NCL,Gender-Neutral,5264,7597
"National Institute of Technology, Kurukshetra","Electronics and Communication Engineering (4 Years, Bachelor of Technology)",HS,OBC-NCL,Female-only (including Supernumerary),9398,11009
"National Institute of Technology, Kurukshetra","Electronics and Communication Engineering (4 Years, Bachelor of Technology)",HS,SC,Gender-Neutral,3050,3705
"National Institute of Technology, Kurukshetra","Electronics and Communication Engineering (4 Years, Bachelor of Technology)",HS,SC,Female-only (including Supernumerary),4636,4767
"National Institute of Technology, Kurukshetra","Electronics and Communication Engineering (4 Years, Bachelor of Technology)",HS,ST,Gender-Neutral,6956,14426
"National Institute of Technology, Kurukshetra","Electronics and Communication Engineering (4 Years, Bachelor of Technology)",HS,ST,Female-only (including Supernumerary),5957,5957
"National Institute of Technology, Kurukshetra","Electronics and Communication Engineering (4 Years, Bachelor of Technology)",OS,OPEN,Gender-Neutral,9042,10770
"National Institute of Technology, Kurukshetra","Electronics and Communication Engineering (4 Years, Bachelor of Technology)",OS,OPEN,Female-only (including Supernumerary),15085,15765
"National Institute of Technology, Kurukshetra","Electronics and Communication Engineering (4 Years, Bachelor of Technology)",OS,OPEN (PwD),Gender-Neutral,564,564
"National Institute of Technology, Kurukshetra","Electronics and Communication Engineering (4 Years, Bachelor of Technology)",OS,EWS,Gender-Neutral,1555,1617
"National Institute of Technology, Kurukshetra","Electronics and Communication Engineering (4 Years, Bachelor of Technology)",OS,EWS,Female-only (including Supernumerary),2926,2926
"National Institute of Technology, Kurukshetra","Electronics and Communication Engineering (4 Years, Bachelor of Technology)",OS,EWS (PwD),Gender-Neutral,110,110
"National Institute of Technology, Kurukshetra","Electronics and Communication Engineering (4 Years, Bachelor of Technology)",OS,OBC-NCL,Gender-Neutral,3540,4207
"National Institute of Technology, Kurukshetra","Electronics and Communication Engineering (4 Years, Bachelor of Technology)",OS,OBC-NCL,Female-only (including Supernumerary),7657,8102
"National Institute of Technology, Kurukshetra","Electronics and Communication Engineering (4 Years, Bachelor of Technology)",OS,OBC-NCL (PwD),Female-only (including Supernumerary),393,393
"National Institute of Technology, Kurukshetra","Electronics and Communication Engineering (4 Years, Bachelor of Technology)",OS,SC,Gender-Neutral,2287,2487
"National Institute of Technology, Kurukshetra","Electronics and Communication Engineering (4 Years, Bachelor of Technology)",OS,SC,Female-only (including Supernumerary),3910,3910
"National Institute of Technology, Kurukshetra","Electronics and Communication Engineering (4 Years, Bachelor of Technology)",OS,ST,Gender-Neutral,724,959
"National Institute of Technology, Kurukshetra","Electronics and Communication Engineering (4 Years, Bachelor of Technology)",OS,ST,Female-only (including Supernumerary),1692,1692
"National Institute of Technology, Kurukshetra","Electronics and Communication Engineering (5 Years, Bachelor and Master of Technology (Dual Degree))",HS,OPEN,Gender-Neutral,14593,14593
"National Institute of Technology, Kurukshetra","Electronics and Communication Engineering (5 Years, Bachelor and Master of Technology (Dual Degree))",HS,OPEN,Female-only (including Supernumerary),24499,24499
"National Institute of Technology, Kurukshetra","Electronics and Communication Engineering (5 Years, Bachelor and Master of Technology (Dual Degree))",HS,OBC-NCL,Gender-Neutral,7672,7672
"National Institute of Technology, Kurukshetra","Electronics and Communication Engineering (5 Years, Bachelor and Master of Technology (Dual Degree))",HS,SC,Gender-Neutral,3174,3174
"National Institute of Technology, Kurukshetra","Electronics and Communication Engineering (5 Years, Bachelor and Master of Technology (Dual Degree))",OS,OPEN,Gender-Neutral,12066,12066
"National Institute of Technology, Kurukshetra","Electronics and Communication Engineering (5 Years, Bachelor and Master of Technology (Dual Degree))",OS,OPEN,Female-only (including Supernumerary),22141,22141
"National Institute of Technology, Kurukshetra","Electronics and Communication Engineering (5 Years, Bachelor and Master of Technology (Dual Degree))",OS,EWS,Gender-Neutral,2327,2327
"National Institute of Technology, Kurukshetra","Electronics and Communication Engineering (5 Years, Bachelor and Master of Technology (Dual Degree))",OS,OBC-NCL,Gender-Neutral,4080,5026
"National Institute of Technology, Kurukshetra","Electronics and Communication Engineering (5 Years, Bachelor and Master of Technology (Dual Degree))",OS,SC,Gender-Neutral,3146,3146
"National Institute of Technology, Kurukshetra","Industrial Internet of Things (4 Years, Bachelor of Technology)",HS,OPEN,Gender-Neutral,16498,19797
"National Institute of Technology, Kurukshetra","Industrial Internet of Things (4 Years, Bachelor of Technology)",HS,OPEN,Female-only (including Supernumerary),31643,35620
"National Institute of Technology, Kurukshetra","Industrial Internet of Things (4 Years, Bachelor of Technology)",HS,EWS,Gender-Neutral,3992,4557
"National Institute of Technology, Kurukshetra","Industrial Internet of Things (4 Years, Bachelor of Technology)",HS,OBC-NCL,Gender-Neutral,8458,12802
"National Institute of Technology, Kurukshetra","Industrial Internet of Things (4 Years, Bachelor of Technology)",HS,OBC-NCL,Female-only (including Supernumerary),17224,17224
"National Institute of Technology, Kurukshetra","Industrial Internet of Things (4 Years, Bachelor of Technology)",HS,SC,Gender-Neutral,3277,5997
"National Institute of Technology, Kurukshetra","Industrial Internet of Things (4 Years, Bachelor of Technology)",HS,SC,Female-only (including Supernumerary),8977,8977
"National Institute of Technology, Kurukshetra","Industrial Internet of Things (4 Years, Bachelor of Technology)",OS,OPEN,Gender-Neutral,9817,16007
"National Institute of Technology, Kurukshetra","Industrial Internet of Things (4 Years, Bachelor of Technology)",OS,OPEN,Female-only (including Supernumerary),23443,24040
"National Institute of Technology, Kurukshetra","Industrial Internet of Things (4 Years, Bachelor of Technology)",OS,OPEN (PwD),Gender-Neutral,722,722
"National Institute of Technology, Kurukshetra","Industrial Internet of Things (4 Years, Bachelor of Technology)",OS,EWS,Gender-Neutral,2527,2534
"National Institute of Technology, Kurukshetra","Industrial Internet of Things (4 Years, Bachelor of Technology)",OS,EWS,Female-only (including Supernumerary),4233,4233
"National Institute of Technology, Kurukshetra","Industrial Internet of Things (4 Years, Bachelor of Technology)",OS,OBC-NCL,Gender-Neutral,6042,6715
"National Institute of Technology, Kurukshetra","Industrial Internet of Things (4 Years, Bachelor of Technology)",OS,OBC-NCL,Female-only (including Supernumerary),9194,9194
"National Institute of Technology, Kurukshetra","Industrial Internet of Things (4 Years, Bachelor of Technology)",OS,OBC-NCL (PwD),Gender-Neutral,653,653
"National Institute of Technology, Kurukshetra","Industrial Internet of Things (4 Years, Bachelor of Technology)",OS,SC,Gender-Neutral,3873,4124
"National Institute of Technology, Kurukshetra","Industrial Internet of Things (4 Years, Bachelor of Technology)",OS,SC,Female-only (including Supernumerary),6149,6149
"National Institute of Technology, Kurukshetra","Industrial Internet of Things (4 Years, Bachelor of Technology)",OS,ST,Gender-Neutral,1611,1611
"National Institute of Technology, Kurukshetra","Industrial Internet of Things (4 Years, Bachelor of Technology)",OS,ST,Female-only (including Supernumerary),3745,3745
"National Institute of Technology, Kurukshetra","Information Technology (4 Years, Bachelor of Technology)",HS,OPEN,Gender-Neutral,8190,10539
"National Institute of Technology, Kurukshetra","Information Technology (4 Years, Bachelor of Technology)",HS,OPEN,Female-only (including Supernumerary),12969,13652
"National Institute of Technology, Kurukshetra","Information Technology (4 Years, Bachelor of Technology)",HS,OPEN (PwD),Gender-Neutral,1499,1499
"National Institute of Technology, Kurukshetra","Information Technology (4 Years, Bachelor of Technology)",HS,EWS,Gender-Neutral,1551,1805
"National Institute of Technology, Kurukshetra","Information Technology (4 Years, Bachelor of Technology)",HS,EWS,Female-only (including Supernumerary),2423,2423
"National Institute of Technology, Kurukshetra","Information Technology (4 Years, Bachelor of Technology)",HS,OBC-NCL,Gender-Neutral,3840,4380
"National Institute of Technology, Kurukshetra","Information Technology (4 Years, Bachelor of Technology)",HS,OBC-NCL,Female-only (including Supernumerary),6439,7064
"National Institute of Technology, Kurukshetra","Information Technology (4 Years, Bachelor of Technology)",HS,SC,Gender-Neutral,2333,2467
"National Institute of Technology, Kurukshetra","Information Technology (4 Years, Bachelor of Technology)",HS,SC,Female-only (including Supernumerary),4148,4148
"National Institute of Technology, Kurukshetra","Information Technology (4 Years, Bachelor of Technology)",HS,ST,Gender-Neutral,4115,4444
"National Institute of Technology, Kurukshetra","Information Technology (4 Years, Bachelor of Technology)",OS,OPEN,Gender-Neutral,5864,6734
"National Institute of Technology, Kurukshetra","Information Technology (4 Years, Bachelor of Technology)",OS,OPEN,Female-only (including Supernumerary),9440,12090
"National Institute of Technology, Kurukshetra","Information Technology (4 Years, Bachelor of Technology)",OS,EWS,Gender-Neutral,1020,1098
"National Institute of Technology, Kurukshetra","Information Technology (4 Years, Bachelor of Technology)",OS,OBC-NCL,Gender-Neutral,2276,3007
"National Institute of Technology, Kurukshetra","Information Technology (4 Years, Bachelor of Technology)",OS,OBC-NCL,Female-only (including Supernumerary),5665,5665
"National Institute of Technology, Kurukshetra","Information Technology (4 Years, Bachelor of Technology)",OS,SC,Gender-Neutral,1479,1598
"National Institute of Technology, Kurukshetra","Information Technology (4 Years, Bachelor of Technology)",OS,SC,Female-only (including Supernumerary),3383,3383
"National Institute of Technology, Kurukshetra","Information Technology (4 Years, Bachelor of Technology)",OS,SC (PwD),Gender-Neutral,25,25
"National Institute of Technology, Kurukshetra","Information Technology (4 Years, Bachelor of Technology)",OS,ST,Gender-Neutral,636,786
"National Institute of Technology, Kurukshetra","Information Technology (4 Years, Bachelor of Technology)",OS,ST,Female-only (including Supernumerary),1269,1269
"National Institute of Technology, Kurukshetra","Mathematics and Computing (4 Years, Bachelor of Technology)",HS,OPEN,Gender-Neutral,10686,13410
"National Institute of Technology, Kurukshetra","Mathematics and Computing (4 Years, Bachelor of Technology)",HS,OPEN,Female-only (including Supernumerary),18969,21684
"National Institute of Technology, Kurukshetra","Mathematics and Computing (4 Years, Bachelor of Technology)",HS,OPEN (PwD),Gender-Neutral,2075,2075
"National Institute of Technology, Kurukshetra","Mathematics and Computing (4 Years, Bachelor of Technology)",HS,EWS,Gender-Neutral,2245,2415
"National Institute of Technology, Kurukshetra","Mathematics and Computing (4 Years, Bachelor of Technology)",HS,OBC-NCL,Gender-Neutral,5042,7592
"National Institute of Technology, Kurukshetra","Mathematics and Computing (4 Years, Bachelor of Technology)",HS,OBC-NCL,Female-only (including Supernumerary),11668,11668
"National Institute of Technology, Kurukshetra","Mathematics and Computing (4 Years, Bachelor of Technology)",HS,SC,Gender-Neutral,3334,3854
"National Institute of Technology, Kurukshetra","Mathematics and Computing (4 Years, Bachelor of Technology)",HS,SC,Female-only (including Supernumerary),5656,5656
"National Institute of Technology, Kurukshetra","Mathematics and Computing (4 Years, Bachelor of Technology)",HS,ST,Gender-Neutral,23484,23484
"National Institute of Technology, Kurukshetra","Mathematics and Computing (4 Years, Bachelor of Technology)",OS,OPEN,Gender-Neutral,6200,8953
"National Institute of Technology, Kurukshetra","Mathematics and Computing (4 Years, Bachelor of Technology)",OS,OPEN,Female-only (including Supernumerary),12313,14332
"National Institute of Technology, Kurukshetra","Mathematics and Computing (4 Years, Bachelor of Technology)",OS,EWS,Gender-Neutral,1447,1497
"National Institute of Technology, Kurukshetra","Mathematics and Computing (4 Years, Bachelor of Technology)",OS,EWS,Female-only (including Supernumerary),2547,2547
"National Institute of Technology, Kurukshetra","Mathematics and Computing (4 Years, Bachelor of Technology)",OS,OBC-NCL,Gender-Neutral,3200,3778
"National Institute of Technology, Kurukshetra","Mathematics and Computing (4 Years, Bachelor of Technology)",OS,OBC-NCL,Female-only (including Supernumerary),6389,6389
"National Institute of Technology, Kurukshetra","Mathematics and Computing (4 Years, Bachelor of Technology)",OS,OBC-NCL (PwD),Gender-Neutral,202,202
"National Institute of Technology, Kurukshetra","Mathematics and Computing (4 Years, Bachelor of Technology)",OS,SC,Gender-Neutral,1840,1893
"National Institute of Technology, Kurukshetra","Mathematics and Computing (4 Years, Bachelor of Technology)",OS,SC,Female-only (including Supernumerary),4412,4412
"National Institute of Technology, Kurukshetra","Mathematics and Computing (4 Years, Bachelor of Technology)",OS,SC (PwD),Gender-Neutral,171,171
"National Institute of Technology, Kurukshetra","Mathematics and Computing (4 Years, Bachelor of Technology)",OS,ST,Gender-Neutral,872,872
"National Institute of Technology, Kurukshetra","Mathematics and Computing (4 Years, Bachelor of Technology)",OS,ST,Female-only (including Supernumerary),2348,2348
"National Institute of Technology, Kurukshetra","Mechanical Engineering (4 Years, Bachelor of Technology)",HS,OPEN,Gender-Neutral,11141,28180
"National Institute of Technology, Kurukshetra","Mechanical Engineering (4 Years, Bachelor of Technology)",HS,OPEN,Female-only (including Supernumerary),31800,37214
"National Institute of Technology, Kurukshetra","Mechanical Engineering (4 Years, Bachelor of Technology)",HS,EWS,Gender-Neutral,4486,4730
"National Institute of Technology, Kurukshetra","Mechanical Engineering (4 Years, Bachelor of Technology)",HS,EWS,Female-only (including Supernumerary),6692,6692
"National Institute of Technology, Kurukshetra","Mechanical Engineering (4 Years, Bachelor of Technology)",HS,OBC-NCL,Gender-Neutral,10676,14374
"National Institute of Technology, Kurukshetra","Mechanical Engineering (4 Years, Bachelor of Technology)",HS,OBC-NCL,Female-only (including Supernumerary),14072,17571
"National Institute of Technology, Kurukshetra","Mechanical Engineering (4 Years, Bachelor of Technology)",HS,SC,Gender-Neutral,4840,6083
"National Institute of Technology, Kurukshetra","Mechanical Engineering (4 Years, Bachelor of Technology)",HS,SC,Female-only (including Supernumerary),8246,8246
"National Institute of Technology, Kurukshetra","Mechanical Engineering (4 Years, Bachelor of Technology)",HS,ST,Gender-Neutral,11941,27243
"National Institute of Technology, Kurukshetra","Mechanical Engineering (4 Years, Bachelor of Technology)",HS,ST,Female-only (including Supernumerary),11252,11252
"National Institute of Technology, Kurukshetra","Mechanical Engineering (4 Years, Bachelor of Technology)",OS,OPEN,Gender-Neutral,14333,20816
"National Institute of Technology, Kurukshetra","Mechanical Engineering (4 Years, Bachelor of Technology)",OS,OPEN,Female-only (including Supernumerary),33989,34479
"National Institute of Technology, Kurukshetra","Mechanical Engineering (4 Years, Bachelor of Technology)",OS,OPEN (PwD),Female-only (including Supernumerary),2301,2301
"National Institute of Technology, Kurukshetra","Mechanical Engineering (4 Years, Bachelor of Technology)",OS,EWS,Gender-Neutral,3273,3688
"National Institute of Technology, Kurukshetra","Mechanical Engineering (4 Years, Bachelor of Technology)",OS,EWS,Female-only (including Supernumerary),5806,5806
"National Institute of Technology, Kurukshetra","Mechanical Engineering (4 Years, Bachelor of Technology)",OS,OBC-NCL,Gender-Neutral,7088,8587
"National Institute of Technology, Kurukshetra","Mechanical Engineering (4 Years, Bachelor of Technology)",OS,OBC-NCL,Female-only (including Supernumerary),14570,15498
"National Institute of Technology, Kurukshetra","Mechanical Engineering (4 Years, Bachelor of Technology)",OS,OBC-NCL (PwD),Gender-Neutral,480,480
"National Institute of Technology, Kurukshetra","Mechanical Engineering (4 Years, Bachelor of Technology)",OS,SC,Gender-Neutral,3385,4616
"National Institute of Technology, Kurukshetra","Mechanical Engineering (4 Years, Bachelor of Technology)",OS,SC,Female-only (including Supernumerary),7851,7851
"National Institute of Technology, Kurukshetra","Mechanical Engineering (4 Years, Bachelor of Technology)",OS,ST,Gender-Neutral,1735,1891
"National Institute of Technology, Kurukshetra","Mechanical Engineering (5 Years, Bachelor and Master of Technology (Dual Degree))",HS,OPEN,Gender-Neutral,22052,30337
"National Institute of Technology, Kurukshetra","Mechanical Engineering (5 Years, Bachelor and Master of Technology (Dual Degree))",HS,EWS,Female-only (including Supernumerary),8314,8314
"National Institute of Technology, Kurukshetra","Mechanical Engineering (5 Years, Bachelor and Master of Technology (Dual Degree))",HS,OBC-NCL,Gender-Neutral,13571,13571
"National Institute of Technology, Kurukshetra","Mechanical Engineering (5 Years, Bachelor and Master of Technology (Dual Degree))",HS,SC,Gender-Neutral,6716,6716
"National Institute of Technology, Kurukshetra","Mechanical Engineering (5 Years, Bachelor and Master of Technology (Dual Degree))",OS,OPEN,Gender-Neutral,18205,18205
"National Institute of Technology, Kurukshetra","Mechanical Engineering (5 Years, Bachelor and Master of Technology (Dual Degree))",OS,OPEN,Female-only (including Supernumerary),38832,38832
"National Institute of Technology, Kurukshetra","Mechanical Engineering (5 Years, Bachelor and Master of Technology (Dual Degree))",OS,OPEN (PwD),Gender-Neutral,2265,2265
"National Institute of Technology, Kurukshetra","Mechanical Engineering (5 Years, Bachelor and Master of Technology (Dual Degree))",OS,OBC-NCL,Gender-Neutral,8607,9210
"National Institute of Technology, Kurukshetra","Mechanical Engineering (5 Years, Bachelor and Master of Technology (Dual Degree))",OS,SC,Gender-Neutral,4874,4874
"National Institute of Technology, Kurukshetra","Microelectronics & VLSI Engineering (4 Years, Bachelor of Technology)",HS,OPEN,Gender-Neutral,16175,21888
"National Institute of Technology, Kurukshetra","Microelectronics & VLSI Engineering (4 Years, Bachelor of Technology)",HS,OPEN,Female-only (including Supernumerary),23262,23981
"National Institute of Technology, Kurukshetra","Microelectronics & VLSI Engineering (4 Years, Bachelor of Technology)",HS,EWS,Gender-Neutral,3670,3670
"National Institute of Technology, Kurukshetra","Microelectronics & VLSI Engineering (4 Years, Bachelor of Technology)",HS,EWS,Female-only (including Supernumerary),5842,5842
"National Institute of Technology, Kurukshetra","Microelectronics & VLSI Engineering (4 Years, Bachelor of Technology)",HS,OBC-NCL,Gender-Neutral,8937,12067
"National Institute of Technology, Kurukshetra","Microelectronics & VLSI Engineering (4 Years, Bachelor of Technology)",HS,OBC-NCL,Female-only (including Supernumerary),13723,13971
"National Institute of Technology, Kurukshetra","Microelectronics & VLSI Engineering (4 Years, Bachelor of Technology)",HS,SC,Gender-Neutral,4574,5001
"National Institute of Technology, Kurukshetra","Microelectronics & VLSI Engineering (4 Years, Bachelor of Technology)",HS,SC,Female-only (including Supernumerary),6932,6932
"National Institute of Technology, Kurukshetra","Microelectronics & VLSI Engineering (4 Years, Bachelor of Technology)",HS,ST,Gender-Neutral,9391,9391
"National Institute of Technology, Kurukshetra","Microelectronics & VLSI Engineering (4 Years, Bachelor of Technology)",OS,OPEN,Gender-Neutral,11551,13402
"National Institute of Technology, Kurukshetra","Microelectronics & VLSI Engineering (4 Years, Bachelor of Technology)",OS,OPEN,Female-only (including Supernumerary),18323,18394
"National Institute of Technology, Kurukshetra","Microelectronics & VLSI Engineering (4 Years, Bachelor of Technology)",OS,EWS,Gender-Neutral,2062,2178
"National Institute of Technology, Kurukshetra","Microelectronics & VLSI Engineering (4 Years, Bachelor of Technology)",OS,EWS,Female-only (including Supernumerary),3612,3612
"National Institute of Technology, Kurukshetra","Microelectronics & VLSI Engineering (4 Years, Bachelor of Technology)",OS,OBC-NCL,Gender-Neutral,4427,5868
"National Institute of Technology, Kurukshetra","Microelectronics & VLSI Engineering (4 Years, Bachelor of Technology)",OS,OBC-NCL,Female-only (including Supernumerary),10537,10537
"National Institute of Technology, Kurukshetra","Microelectronics & VLSI Engineering (4 Years, Bachelor of Technology)",OS,SC,Gender-Neutral,3517,3947
"National Institute of Technology, Kurukshetra","Microelectronics & VLSI Engineering (4 Years, Bachelor of Technology)",OS,SC,Female-only (including Supernumerary),5049,5049
"National Institute of Technology, Kurukshetra","Microelectronics & VLSI Engineering (4 Years, Bachelor of Technology)",OS,ST,Gender-Neutral,1410,1410
"National Institute of Technology, Kurukshetra","Microelectronics & VLSI Engineering (4 Years, Bachelor of Technology)",OS,ST,Female-only (including Supernumerary),2569,2569
"National Institute of Technology, Kurukshetra","Production and Industrial Engineering (4 Years, Bachelor of Technology)",HS,OPEN,Gender-Neutral,35079,41340
"National Institute of Technology, Kurukshetra","Production and Industrial Engineering (4 Years, Bachelor of Technology)",HS,OPEN,Female-only (including Supernumerary),44341,52632
"National Institute of Technology, Kurukshetra","Production and Industrial Engineering (4 Years, Bachelor of Technology)",HS,EWS,Gender-Neutral,7191,7229
"National Institute of Technology, Kurukshetra","Production and Industrial Engineering (4 Years, Bachelor of Technology)",HS,OBC-NCL,Gender-Neutral,16450,16848
"National Institute of Technology, Kurukshetra","Production and Industrial Engineering (4 Years, Bachelor of Technology)",HS,OBC-NCL,Female-only (including Supernumerary),17815,17815
"National Institute of Technology, Kurukshetra","Production and Industrial Engineering (4 Years, Bachelor of Technology)",HS,SC,Gender-Neutral,6886,7229
"National Institute of Technology, Kurukshetra","Production and Industrial Engineering (4 Years, Bachelor of Technology)",HS,SC,Female-only (including Supernumerary),10222,10222
"National Institute of Technology, Kurukshetra","Production and Industrial Engineering (4 Years, Bachelor of Technology)",OS,OPEN,Gender-Neutral,25138,34891
"National Institute of Technology, Kurukshetra","Production and Industrial Engineering (4 Years, Bachelor of Technology)",OS,OPEN,Female-only (including Supernumerary),41550,41550
"National Institute of Technology, Kurukshetra","Production and Industrial Engineering (4 Years, Bachelor of Technology)",OS,OPEN (PwD),Gender-Neutral,2410,2410
"National Institute of Technology, Kurukshetra","Production and Industrial Engineering (4 Years, Bachelor of Technology)",OS,EWS,Gender-Neutral,5873,5873
"National Institute of Technology, Kurukshetra","Production and Industrial Engineering (4 Years, Bachelor of Technology)",OS,EWS,Female-only (including Supernumerary),8121,8121
"National Institute of Technology, Kurukshetra","Production and Industrial Engineering (4 Years, Bachelor of Technology)",OS,OBC-NCL,Gender-Neutral,12178,12544
"National Institute of Technology, Kurukshetra","Production and Industrial Engineering (4 Years, Bachelor of Technology)",OS,OBC-NCL,Female-only (including Supernumerary),16531,16531
"National Institute of Technology, Kurukshetra","Production and Industrial Engineering (4 Years, Bachelor of Technology)",OS,SC,Gender-Neutral,5981,6730
"National Institute of Technology, Kurukshetra","Production and Industrial Engineering (4 Years, Bachelor of Technology)",OS,SC,Female-only (including Supernumerary),9098,9098
"National Institute of Technology, Kurukshetra","Production and Industrial Engineering (4 Years, Bachelor of Technology)",OS,ST,Gender-Neutral,2851,2885
"National Institute of Technology, Kurukshetra","ROBOTICS & AUTOMATION (4 Years, Bachelor of Technology)",HS,OPEN,Gender-Neutral,13571,16283
"National Institute of Technology, Kurukshetra","ROBOTICS & AUTOMATION (4 Years, Bachelor of Technology)",HS,OPEN,Female-only (including Supernumerary),23755,24033
"National Institute of Technology, Kurukshetra","ROBOTICS & AUTOMATION (4 Years, Bachelor of Technology)",HS,EWS,Gender-Neutral,2846,3457
"National Institute of Technology, Kurukshetra","ROBOTICS & AUTOMATION (4 Years, Bachelor of Technology)",HS,EWS,Female-only (including Supernumerary),6454,6454
"National Institute of Technology, Kurukshetra","ROBOTICS & AUTOMATION (4 Years, Bachelor of Technology)",HS,OBC-NCL,Gender-Neutral,7634,11535
"National Institute of Technology, Kurukshetra","ROBOTICS & AUTOMATION (4 Years, Bachelor of Technology)",HS,OBC-NCL,Female-only (including Supernumerary),12757,12757
"National Institute of Technology, Kurukshetra","ROBOTICS & AUTOMATION (4 Years, Bachelor of Technology)",HS,SC,Gender-Neutral,4035,4554
"National Institute of Technology, Kurukshetra","ROBOTICS & AUTOMATION (4 Years, Bachelor of Technology)",HS,SC,Female-only (including Supernumerary),5267,5267
"National Institute of Technology, Kurukshetra","ROBOTICS & AUTOMATION (4 Years, Bachelor of Technology)",OS,OPEN,Gender-Neutral,6529,11046
"National Institute of Technology, Kurukshetra","ROBOTICS & AUTOMATION (4 Years, Bachelor of Technology)",OS,OPEN,Female-only (including Supernumerary),14850,14850
"National Institute of Technology, Kurukshetra","ROBOTICS & AUTOMATION (4 Years, Bachelor of Technology)",OS,OPEN (PwD),Gender-Neutral,916,1040
"National Institute of Technology, Kurukshetra","ROBOTICS & AUTOMATION (4 Years, Bachelor of Technology)",OS,EWS,Gender-Neutral,1703,1843
"National Institute of Technology, Kurukshetra","ROBOTICS & AUTOMATION (4 Years, Bachelor of Technology)",OS,OBC-NCL,Gender-Neutral,3454,4840
"National Institute of Technology, Kurukshetra","ROBOTICS & AUTOMATION (4 Years, Bachelor of Technology)",OS,OBC-NCL,Female-only (including Supernumerary),8030,8035
"National Institute of Technology, Kurukshetra","ROBOTICS & AUTOMATION (4 Years, Bachelor of Technology)",OS,OBC-NCL (PwD),Gender-Neutral,483,483
"National Institute of Technology, Kurukshetra","ROBOTICS & AUTOMATION (4 Years, Bachelor of Technology)",OS,SC,Gender-Neutral,947,2089
"National Institute of Technology, Kurukshetra","ROBOTICS & AUTOMATION (4 Years, Bachelor of Technology)",OS,SC,Female-only (including Supernumerary),4775,5402
"National Institute of Technology, Kurukshetra","ROBOTICS & AUTOMATION (4 Years, Bachelor of Technology)",OS,ST,Gender-Neutral,369,1468
"National Institute of Technology, Kurukshetra","SUSTAINABLE ENERGY TECHNOLOGIES (4 Years, Bachelor of Technology)",HS,OPEN,Gender-Neutral,22127,42213
"National Institute of Technology, Kurukshetra","SUSTAINABLE ENERGY TECHNOLOGIES (4 Years, Bachelor of Technology)",HS,OPEN,Female-only (including Supernumerary),36589,41130
"National Institute of Technology, Kurukshetra","SUSTAINABLE ENERGY TECHNOLOGIES (4 Years, Bachelor of Technology)",HS,EWS,Gender-Neutral,8172,8202
"National Institute of Technology, Kurukshetra","SUSTAINABLE ENERGY TECHNOLOGIES (4 Years, Bachelor of Technology)",HS,OBC-NCL,Gender-Neutral,13053,17257
"National Institute of Technology, Kurukshetra","SUSTAINABLE ENERGY TECHNOLOGIES (4 Years, Bachelor of Technology)",HS,OBC-NCL,Female-only (including Supernumerary),19775,19775
"National Institute of Technology, Kurukshetra","SUSTAINABLE ENERGY TECHNOLOGIES (4 Years, Bachelor of Technology)",HS,SC,Gender-Neutral,6722,8492
"National Institute of Technology, Kurukshetra","SUSTAINABLE ENERGY TECHNOLOGIES (4 Years, Bachelor of Technology)",HS,SC,Female-only (including Supernumerary),9126,9126
"National Institute of Technology, Kurukshetra","SUSTAINABLE ENERGY TECHNOLOGIES (4 Years, Bachelor of Technology)",OS,OPEN,Gender-Neutral,15875,30113
"National Institute of Technology, Kurukshetra","SUSTAINABLE ENERGY TECHNOLOGIES (4 Years, Bachelor of Technology)",OS,OPEN,Female-only (including Supernumerary),41917,44034
"National Institute of Technology, Kurukshetra","SUSTAINABLE ENERGY TECHNOLOGIES (4 Years, Bachelor of Technology)",OS,EWS,Gender-Neutral,4865,5018
"National Institute of Technology, Kurukshetra","SUSTAINABLE ENERGY TECHNOLOGIES (4 Years, Bachelor of Technology)",OS,EWS,Female-only (including Supernumerary),8366,8366
"National Institute of Technology, Kurukshetra","SUSTAINABLE ENERGY TECHNOLOGIES (4 Years, Bachelor of Technology)",OS,OBC-NCL,Gender-Neutral,11019,13327
"National Institute of Technology, Kurukshetra","SUSTAINABLE ENERGY TECHNOLOGIES (4 Years, Bachelor of Technology)",OS,OBC-NCL,Female-only (including Supernumerary),16117,16117
"National Institute of Technology, Kurukshetra","SUSTAINABLE ENERGY TECHNOLOGIES (4 Years, Bachelor of Technology)",OS,SC,Gender-Neutral,4923,6718
"National Institute of Technology, Kurukshetra","SUSTAINABLE ENERGY TECHNOLOGIES (4 Years, Bachelor of Technology)",OS,SC,Female-only (including Supernumerary),10137,10137
"National Institute of Technology, Kurukshetra","SUSTAINABLE ENERGY TECHNOLOGIES (4 Years, Bachelor of Technology)",OS,ST,Gender-Neutral,2764,3224
"National Institute of Technology, Kurukshetra","SUSTAINABLE ENERGY TECHNOLOGIES (4 Years, Bachelor of Technology)",OS,ST,Female-only (including Supernumerary),4371,4371
"National Institute of Technology, Manipur","Civil Engineering (4 Years, Bachelor of Technology)",HS,OPEN,Gender-Neutral,120347,230962
"National Institute of Technology, Manipur","Civil Engineering (4 Years, Bachelor of Technology)",HS,OPEN,Female-only (including Supernumerary),131071,131071
"National Institute of Technology, Manipur","Civil Engineering (4 Years, Bachelor of Technology)",HS,OBC-NCL,Gender-Neutral,82211,125402
"National Institute of Technology, Manipur","Civil Engineering (4 Years, Bachelor of Technology)",HS,OBC-NCL,Female-only (including Supernumerary),134344,134344
"National Institute of Technology, Manipur","Civil Engineering (4 Years, Bachelor of Technology)",HS,SC,Gender-Neutral,31415,35941
"National Institute of Technology, Manipur","Civil Engineering (4 Years, Bachelor of Technology)",HS,SC,Female-only (including Supernumerary),71782,71782
"National Institute of Technology, Manipur","Civil Engineering (4 Years, Bachelor of Technology)",HS,ST,Gender-Neutral,3800,4464
"National Institute of Technology, Manipur","Civil Engineering (4 Years, Bachelor of Technology)",OS,OPEN,Gender-Neutral,51115,55319
"National Institute of Technology, Manipur","Civil Engineering (4 Years, Bachelor of Technology)",OS,OPEN,Female-only (including Supernumerary),63193,63193
"National Institute of Technology, Manipur","Civil Engineering (4 Years, Bachelor of Technology)",OS,OPEN (PwD),Gender-Neutral,3669,3669
"National Institute of Technology, Manipur","Civil Engineering (4 Years, Bachelor of Technology)",OS,EWS,Gender-Neutral,9136,9136
"National Institute of Technology, Manipur","Civil Engineering (4 Years, Bachelor of Technology)",OS,EWS,Female-only (including Supernumerary),10834,10834
"National Institute of Technology, Manipur","Civil Engineering (4 Years, Bachelor of Technology)",OS,OBC-NCL,Gender-Neutral,17384,17798
"National Institute of Technology, Manipur","Civil Engineering (4 Years, Bachelor of Technology)",OS,OBC-NCL,Female-only (including Supernumerary),21724,21724
"National Institute of Technology, Manipur","Civil Engineering (4 Years, Bachelor of Technology)",OS,SC,Gender-Neutral,8397,8678
"National Institute of Technology, Manipur","Civil Engineering (4 Years, Bachelor of Technology)",OS,ST,Female-only (including Supernumerary),4453,4453
"National Institute of Technology, Manipur","Computer Science and Engineering (4 Years, Bachelor of Technology)",HS,OPEN,Gender-Neutral,48996,183153
"National Institute of Technology, Manipur","Computer Science and Engineering (4 Years, Bachelor of Technology)",HS,OPEN,Female-only (including Supernumerary),83760,163308
"National Institute of Technology, Manipur","Computer Science and Engineering (4 Years, Bachelor of Technology)",HS,OBC-NCL,Gender-Neutral,76480,105233
"National Institute of Technology, Manipur","Computer Science and Engineering (4 Years, Bachelor of Technology)",HS,OBC-NCL,Female-only (including Supernumerary),122335,148070
"National Institute of Technology, Manipur","Computer Science and Engineering (4 Years, Bachelor of Technology)",HS,SC,Gender-Neutral,17281,27870
"National Institute of Technology, Manipur","Computer Science and Engineering (4 Years, Bachelor of Technology)",HS,SC,Female-only (including Supernumerary),15596,15596
"National Institute of Technology, Manipur","Computer Science and Engineering (4 Years, Bachelor of Technology)",HS,ST,Gender-Neutral,2942,2942
"National Institute of Technology, Manipur","Computer Science and Engineering (4 Years, Bachelor of Technology)",HS,ST,Female-only (including Supernumerary),5900,5900
"National Institute of Technology, Manipur","Computer Science and Engineering (4 Years, Bachelor of Technology)",OS,OPEN,Gender-Neutral,15616,29637
"National Institute of Technology, Manipur","Computer Science and Engineering (4 Years, Bachelor of Technology)",OS,OPEN,Female-only (including Supernumerary),38759,43862
"National Institute of Technology, Manipur","Computer Science and Engineering (4 Years, Bachelor of Technology)",OS,EWS,Gender-Neutral,4985,5178
"National Institute of Technology, Manipur","Computer Science and Engineering (4 Years, Bachelor of Technology)",OS,EWS,Female-only (including Supernumerary),7058,7058
"National Institute of Technology, Manipur","Computer Science and Engineering (4 Years, Bachelor of Technology)",OS,OBC-NCL,Gender-Neutral,8067,11064
"National Institute of Technology, Manipur","Computer Science and Engineering (4 Years, Bachelor of Technology)",OS,OBC-NCL,Female-only (including Supernumerary),15757,15757
"National Institute of Technology, Manipur","Computer Science and Engineering (4 Years, Bachelor of Technology)",OS,OBC-NCL (PwD),Gender-Neutral,675,675
"National Institute of Technology, Manipur","Computer Science and Engineering (4 Years, Bachelor of Technology)",OS,SC,Gender-Neutral,4503,4720
"National Institute of Technology, Manipur","Computer Science and Engineering (4 Years, Bachelor of Technology)",OS,SC,Female-only (including Supernumerary),6541,6541
"National Institute of Technology, Manipur","Computer Science and Engineering (4 Years, Bachelor of Technology)",OS,ST,Gender-Neutral,1864,1922
"National Institute of Technology, Manipur","Electrical Engineering (4 Years, Bachelor of Technology)",HS,OPEN,Gender-Neutral,216734,461282
"National Institute of Technology, Manipur","Electrical Engineering (4 Years, Bachelor of Technology)",HS,OPEN,Female-only (including Supernumerary),354850,363608
"National Institute of Technology, Manipur","Electrical Engineering (4 Years, Bachelor of Technology)",HS,OBC-NCL,Gender-Neutral,180226,309663
"National Institute of Technology, Manipur","Electrical Engineering (4 Years, Bachelor of Technology)",HS,OBC-NCL,Female-only (including Supernumerary),241931,241931
"National Institute of Technology, Manipur","Electrical Engineering (4 Years, Bachelor of Technology)",HS,SC,Gender-Neutral,39056,42632
"National Institute of Technology, Manipur","Electrical Engineering (4 Years, Bachelor of Technology)",HS,ST,Gender-Neutral,10607,10607
"National Institute of Technology, Manipur","Electrical Engineering (4 Years, Bachelor of Technology)",HS,ST,Female-only (including Supernumerary),20333,20333
"National Institute of Technology, Manipur","Electrical Engineering (4 Years, Bachelor of Technology)",OS,OPEN,Gender-Neutral,38450,45343
"National Institute of Technology, Manipur","Electrical Engineering (4 Years, Bachelor of Technology)",OS,OPEN,Female-only (including Supernumerary),52138,55168
"National Institute of Technology, Manipur","Electrical Engineering (4 Years, Bachelor of Technology)",OS,EWS,Gender-Neutral,7726,7841
"National Institute of Technology, Manipur","Electrical Engineering (4 Years, Bachelor of Technology)",OS,OBC-NCL,Gender-Neutral,13693,15386
"National Institute of Technology, Manipur","Electrical Engineering (4 Years, Bachelor of Technology)",OS,OBC-NCL,Female-only (including Supernumerary),20363,20363
"National Institute of Technology, Manipur","Electrical Engineering (4 Years, Bachelor of Technology)",OS,SC,Gender-Neutral,7137,7497
"National Institute of Technology, Manipur","Electrical Engineering (4 Years, Bachelor of Technology)",OS,ST,Gender-Neutral,2546,2546
"National Institute of Technology, Manipur","Electronics and Communication Engineering (4 Years, Bachelor of Technology)",HS,OPEN,Gender-Neutral,251398,476458
"National Institute of Technology, Manipur","Electronics and Communication Engineering (4 Years, Bachelor of Technology)",HS,OPEN,Female-only (including Supernumerary),425686,571950
"National Institute of Technology, Manipur","Electronics and Communication Engineering (4 Years, Bachelor of Technology)",HS,OBC-NCL,Gender-Neutral,177663,283447
"National Institute of Technology, Manipur","Electronics and Communication Engineering (4 Years, Bachelor of Technology)",HS,OBC-NCL,Female-only (including Supernumerary),271955,271955
"National Institute of Technology, Manipur","Electronics and Communication Engineering (4 Years, Bachelor of Technology)",HS,SC,Gender-Neutral,46778,123813
"National Institute of Technology, Manipur","Electronics and Communication Engineering (4 Years, Bachelor of Technology)",HS,ST,Gender-Neutral,15068,16654
"National Institute of Technology, Manipur","Electronics and Communication Engineering (4 Years, Bachelor of Technology)",OS,OPEN,Gender-Neutral,30611,36368
"National Institute of Technology, Manipur","Electronics and Communication Engineering (4 Years, Bachelor of Technology)",OS,OPEN,Female-only (including Supernumerary),44558,49277
"National Institute of Technology, Manipur","Electronics and Communication Engineering (4 Years, Bachelor of Technology)",OS,EWS,Gender-Neutral,5858,5858
"National Institute of Technology, Manipur","Electronics and Communication Engineering (4 Years, Bachelor of Technology)",OS,EWS,Female-only (including Supernumerary),8183,8183
"National Institute of Technology, Manipur","Electronics and Communication Engineering (4 Years, Bachelor of Technology)",OS,OBC-NCL,Gender-Neutral,11634,12299
"National Institute of Technology, Manipur","Electronics and Communication Engineering (4 Years, Bachelor of Technology)",OS,OBC-NCL,Female-only (including Supernumerary),19120,19120
"National Institute of Technology, Manipur","Electronics and Communication Engineering (4 Years, Bachelor of Technology)",OS,SC,Gender-Neutral,6005,7352
"National Institute of Technology, Manipur","Electronics and Communication Engineering (4 Years, Bachelor of Technology)",OS,ST,Gender-Neutral,2521,2521
"National Institute of Technology, Manipur","Mechanical Engineering (4 Years, Bachelor of Technology)",HS,OPEN,Gender-Neutral,317560,468550
"National Institute of Technology, Manipur","Mechanical Engineering (4 Years, Bachelor of Technology)",HS,OPEN,Female-only (including Supernumerary),194433,716081
"National Institute of Technology, Manipur","Mechanical Engineering (4 Years, Bachelor of Technology)",HS,OBC-NCL,Gender-Neutral,190456,312189
"National Institute of Technology, Manipur","Mechanical Engineering (4 Years, Bachelor of Technology)",HS,OBC-NCL,Female-only (including Supernumerary),329105,329105
"National Institute of Technology, Manipur","Mechanical Engineering (4 Years, Bachelor of Technology)",HS,SC,Gender-Neutral,89902,89902
"National Institute of Technology, Manipur","Mechanical Engineering (4 Years, Bachelor of Technology)",HS,ST,Gender-Neutral,9372,9372
"National Institute of Technology, Manipur","Mechanical Engineering (4 Years, Bachelor of Technology)",OS,OPEN,Gender-Neutral,27853,48442
"National Institute of Technology, Manipur","Mechanical Engineering (4 Years, Bachelor of Technology)",OS,OPEN,Female-only (including Supernumerary),49361,58322
"National Institute of Technology, Manipur","Mechanical Engineering (4 Years, Bachelor of Technology)",OS,EWS,Gender-Neutral,7986,7986
"National Institute of Technology, Manipur","Mechanical Engineering (4 Years, Bachelor of Technology)",OS,EWS,Female-only (including Supernumerary),10224,10224
"National Institute of Technology, Manipur","Mechanical Engineering (4 Years, Bachelor of Technology)",OS,OBC-NCL,Gender-Neutral,14596,16235
"National Institute of Technology, Manipur","Mechanical Engineering (4 Years, Bachelor of Technology)",OS,OBC-NCL,Female-only (including Supernumerary),21993,21993
"National Institute of Technology, Manipur","Mechanical Engineering (4 Years, Bachelor of Technology)",OS,SC,Gender-Neutral,8152,8264
"National Institute of Technology, Manipur","Mechanical Engineering (4 Years, Bachelor of Technology)",OS,ST,Gender-Neutral,3076,3076
"National Institute of Technology, Mizoram","Civil Engineering (4 Years, Bachelor of Technology)",HS,OPEN,Gender-Neutral,373312,505374
"National Institute of Technology, Mizoram","Civil Engineering (4 Years, Bachelor of Technology)",HS,OPEN,Female-only (including Supernumerary),628523,663052
"National Institute of Technology, Mizoram","Civil Engineering (4 Years, Bachelor of Technology)",HS,ST,Gender-Neutral,12308,12308
"National Institute of Technology, Mizoram","Civil Engineering (4 Years, Bachelor of Technology)",OS,OPEN,Gender-Neutral,43818,55346
"National Institute of Technology, Mizoram","Civil Engineering (4 Years, Bachelor of Technology)",OS,OPEN,Female-only (including Supernumerary),66788,67166
"National Institute of Technology, Mizoram","Civil Engineering (4 Years, Bachelor of Technology)",OS,EWS,Gender-Neutral,9157,9157
"National Institute of Technology, Mizoram","Civil Engineering (4 Years, Bachelor of Technology)",OS,EWS,Female-only (including Supernumerary),10987,10987
"National Institute of Technology, Mizoram","Civil Engineering (4 Years, Bachelor of Technology)",OS,OBC-NCL,Gender-Neutral,17164,18237
"National Institute of Technology, Mizoram","Civil Engineering (4 Years, Bachelor of Technology)",OS,OBC-NCL,Female-only (including Supernumerary),23792,23792
"National Institute of Technology, Mizoram","Civil Engineering (4 Years, Bachelor of Technology)",OS,SC,Gender-Neutral,8462,8515
"National Institute of Technology, Mizoram","Civil Engineering (4 Years, Bachelor of Technology)",OS,SC,Female-only (including Supernumerary),11364,11364
"National Institute of Technology, Mizoram","Civil Engineering (4 Years, Bachelor of Technology)",OS,ST,Gender-Neutral,2710,2710
"National Institute of Technology, Mizoram","Civil Engineering (4 Years, Bachelor of Technology)",OS,ST,Female-only (including Supernumerary),4066,4066
"National Institute of Technology, Mizoram","Computer Science and Engineering (4 Years, Bachelor of Technology)",HS,OPEN,Gender-Neutral,309946,712487
"National Institute of Technology, Mizoram","Computer Science and Engineering (4 Years, Bachelor of Technology)",HS,OPEN,Female-only (including Supernumerary),370684,544345
"National Institute of Technology, Mizoram","Computer Science and Engineering (4 Years, Bachelor of Technology)",HS,SC,Gender-Neutral,62026,62026
"National Institute of Technology, Mizoram","Computer Science and Engineering (4 Years, Bachelor of Technology)",HS,ST,Gender-Neutral,18700,18700
"National Institute of Technology, Mizoram","Computer Science and Engineering (4 Years, Bachelor of Technology)",OS,OPEN,Gender-Neutral,28174,30186
"National Institute of Technology, Mizoram","Computer Science and Engineering (4 Years, Bachelor of Technology)",OS,OPEN,Female-only (including Supernumerary),35200,39747
"National Institute of Technology, Mizoram","Computer Science and Engineering (4 Years, Bachelor of Technology)",OS,OPEN (PwD),Gender-Neutral,1542,1542
"National Institute of Technology, Mizoram","Computer Science and Engineering (4 Years, Bachelor of Technology)",OS,EWS,Gender-Neutral,5219,5219
"National Institute of Technology, Mizoram","Computer Science and Engineering (4 Years, Bachelor of Technology)",OS,EWS,Female-only (including Supernumerary),7883,7883
"National Institute of Technology, Mizoram","Computer Science and Engineering (4 Years, Bachelor of Technology)",OS,OBC-NCL,Gender-Neutral,11071,11236
"National Institute of Technology, Mizoram","Computer Science and Engineering (4 Years, Bachelor of Technology)",OS,OBC-NCL,Female-only (including Supernumerary),17814,17814
"National Institute of Technology, Mizoram","Computer Science and Engineering (4 Years, Bachelor of Technology)",OS,SC,Gender-Neutral,3843,3963
"National Institute of Technology, Mizoram","Computer Science and Engineering (4 Years, Bachelor of Technology)",OS,SC,Female-only (including Supernumerary),5473,5473
"National Institute of Technology, Mizoram","Computer Science and Engineering (4 Years, Bachelor of Technology)",OS,ST,Gender-Neutral,1943,1943
"National Institute of Technology, Mizoram","Electrical Engineering (4 Years, Bachelor of Technology)",HS,OPEN,Gender-Neutral,713287,1317736.0
"National Institute of Technology, Mizoram","Electrical Engineering (4 Years, Bachelor of Technology)",HS,OPEN,Female-only (including Supernumerary),500521,500521
"National Institute of Technology, Mizoram","Electrical Engineering (4 Years, Bachelor of Technology)",OS,OPEN,Gender-Neutral,43594,46125
"National Institute of Technology, Mizoram","Electrical Engineering (4 Years, Bachelor of Technology)",OS,OPEN,Female-only (including Supernumerary),55169,55730
"National Institute of Technology, Mizoram","Electrical Engineering (4 Years, Bachelor of Technology)",OS,EWS,Gender-Neutral,7822,7822
"National Institute of Technology, Mizoram","Electrical Engineering (4 Years, Bachelor of Technology)",OS,EWS,Female-only (including Supernumerary),9190,9190
"National Institute of Technology, Mizoram","Electrical Engineering (4 Years, Bachelor of Technology)",OS,OBC-NCL,Gender-Neutral,14818,15861
"National Institute of Technology, Mizoram","Electrical Engineering (4 Years, Bachelor of Technology)",OS,OBC-NCL,Female-only (including Supernumerary),20366,20366
"National Institute of Technology, Mizoram","Electrical Engineering (4 Years, Bachelor of Technology)",OS,SC,Gender-Neutral,7708,7814
"National Institute of Technology, Mizoram","Electrical Engineering (4 Years, Bachelor of Technology)",OS,ST,Gender-Neutral,2726,2801
"National Institute of Technology, Mizoram","Electronics and Communication Engineering (4 Years, Bachelor of Technology)",HS,OPEN,Gender-Neutral,293110,1187082.0
"National Institute of Technology, Mizoram","Electronics and Communication Engineering (4 Years, Bachelor of Technology)",HS,OPEN,Female-only (including Supernumerary),772989,772989
"National Institute of Technology, Mizoram","Electronics and Communication Engineering (4 Years, Bachelor of Technology)",OS,OPEN,Gender-Neutral,36640,40816
"National Institute of Technology, Mizoram","Electronics and Communication Engineering (4 Years, Bachelor of Technology)",OS,OPEN,Female-only (including Supernumerary),49188,51406
"National Institute of Technology, Mizoram","Electronics and Communication Engineering (4 Years, Bachelor of Technology)",OS,OPEN (PwD),Gender-Neutral,2312,2312
"National Institute of Technology, Mizoram","Electronics and Communication Engineering (4 Years, Bachelor of Technology)",OS,EWS,Gender-Neutral,6741,6741
"National Institute of Technology, Mizoram","Electronics and Communication Engineering (4 Years, Bachelor of Technology)",OS,EWS,Female-only (including Supernumerary),8871,8871
"National Institute of Technology, Mizoram","Electronics and Communication Engineering (4 Years, Bachelor of Technology)",OS,OBC-NCL,Gender-Neutral,12655,13193
"National Institute of Technology, Mizoram","Electronics and Communication Engineering (4 Years, Bachelor of Technology)",OS,OBC-NCL,Female-only (including Supernumerary),18574,18574
"National Institute of Technology, Mizoram","Electronics and Communication Engineering (4 Years, Bachelor of Technology)",OS,SC,Gender-Neutral,6523,6735
"National Institute of Technology, Mizoram","Electronics and Communication Engineering (4 Years, Bachelor of Technology)",OS,SC,Female-only (including Supernumerary),6888,6888
"National Institute of Technology, Mizoram","Electronics and Communication Engineering (4 Years, Bachelor of Technology)",OS,ST,Gender-Neutral,2166,2166
"National Institute of Technology, Mizoram","Mathematics and Computing (4 Years, Bachelor of Technology)",HS,OPEN,Gender-Neutral,596054,743618
"National Institute of Technology, Mizoram","Mathematics and Computing (4 Years, Bachelor of Technology)",OS,OPEN,Gender-Neutral,34005,34795
"National Institute of Technology, Mizoram","Mathematics and Computing (4 Years, Bachelor of Technology)",OS,OPEN,Female-only (including Supernumerary),43362,43362
"National Institute of Technology, Mizoram","Mathematics and Computing (4 Years, Bachelor of Technology)",OS,EWS,Gender-Neutral,6120,6120
"National Institute of Technology, Mizoram","Mathematics and Computing (4 Years, Bachelor of Technology)",OS,OBC-NCL,Gender-Neutral,12648,12648
"National Institute of Technology, Mizoram","Mechanical Engineering (4 Years, Bachelor of Technology)",HS,OPEN,Gender-Neutral,313293,1228062.0
"National Institute of Technology, Mizoram","Mechanical Engineering (4 Years, Bachelor of Technology)",HS,ST,Gender-Neutral,41155,41155
"National Institute of Technology, Mizoram","Mechanical Engineering (4 Years, Bachelor of Technology)",OS,OPEN,Gender-Neutral,46810,50712
"National Institute of Technology, Mizoram","Mechanical Engineering (4 Years, Bachelor of Technology)",OS,OPEN,Female-only (including Supernumerary),56224,56224
"National Institute of Technology, Mizoram","Mechanical Engineering (4 Years, Bachelor of Technology)",OS,OPEN (PwD),Gender-Neutral,4235,4235
"National Institute of Technology, Mizoram","Mechanical Engineering (4 Years, Bachelor of Technology)",OS,EWS,Gender-Neutral,8375,8375
"National Institute of Technology, Mizoram","Mechanical Engineering (4 Years, Bachelor of Technology)",OS,EWS,Female-only (including Supernumerary),10888,10888
"National Institute of Technology, Mizoram","Mechanical Engineering (4 Years, Bachelor of Technology)",OS,OBC-NCL,Gender-Neutral,16441,17633
"National Institute of Technology, Mizoram","Mechanical Engineering (4 Years, Bachelor of Technology)",OS,OBC-NCL,Female-only (including Supernumerary),23426,23426
"National Institute of Technology, Mizoram","Mechanical Engineering (4 Years, Bachelor of Technology)",OS,SC,Gender-Neutral,7668,8299
"National Institute of Technology, Mizoram","Mechanical Engineering (4 Years, Bachelor of Technology)",OS,ST,Gender-Neutral,3078,3078
"National Institute of Technology, Mizoram","Mechanical Engineering (4 Years, Bachelor of Technology)",OS,ST,Female-only (including Supernumerary),4396,4396
"National Institute of Technology, Rourkela","Architecture (5 Years, Bachelor of Architecture)",HS,OPEN,Gender-Neutral,552,1334
"National Institute of Technology, Rourkela","Architecture (5 Years, Bachelor of Architecture)",HS,OPEN,Female-only (including Supernumerary),458,458
"National Institute of Technology, Rourkela","Architecture (5 Years, Bachelor of Architecture)",HS,EWS,Gender-Neutral,1600,1600
"National Institute of Technology, Rourkela","Architecture (5 Years, Bachelor of Architecture)",HS,OBC-NCL,Gender-Neutral,1173,1546
"National Institute of Technology, Rourkela","Architecture (5 Years, Bachelor of Architecture)",HS,OBC-NCL,Female-only (including Supernumerary),468,468
"National Institute of Technology, Rourkela","Architecture (5 Years, Bachelor of Architecture)",HS,SC,Gender-Neutral,593,593
"National Institute of Technology, Rourkela","Architecture (5 Years, Bachelor of Architecture)",HS,ST,Gender-Neutral,98,98
"National Institute of Technology, Rourkela","Architecture (5 Years, Bachelor of Architecture)",OS,OPEN,Gender-Neutral,464,716
"National Institute of Technology, Rourkela","Architecture (5 Years, Bachelor of Architecture)",OS,OPEN,Female-only (including Supernumerary),255,255
"National Institute of Technology, Rourkela","Architecture (5 Years, Bachelor of Architecture)",OS,EWS,Gender-Neutral,147,147
"National Institute of Technology, Rourkela","Architecture (5 Years, Bachelor of Architecture)",OS,OBC-NCL,Gender-Neutral,286,290
"National Institute of Technology, Rourkela","Architecture (5 Years, Bachelor of Architecture)",OS,OBC-NCL,Female-only (including Supernumerary),236,236
"National Institute of Technology, Rourkela","Architecture (5 Years, Bachelor of Architecture)",OS,SC,Gender-Neutral,91,91
"National Institute of Technology, Rourkela","Architecture (5 Years, Bachelor of Architecture)",OS,ST,Gender-Neutral,56,56
"National Institute of Technology, Rourkela","Artificial Intelligence (4 Years, Bachelor of Technology)",HS,OPEN,Gender-Neutral,7885,13039
"National Institute of Technology, Rourkela","Artificial Intelligence (4 Years, Bachelor of Technology)",HS,OPEN,Female-only (including Supernumerary),17069,18539
"National Institute of Technology, Rourkela","Artificial Intelligence (4 Years, Bachelor of Technology)",HS,OPEN (PwD),Gender-Neutral,226,226
"National Institute of Technology, Rourkela","Artificial Intelligence (4 Years, Bachelor of Technology)",HS,EWS,Gender-Neutral,3532,4658
"National Institute of Technology, Rourkela","Artificial Intelligence (4 Years, Bachelor of Technology)",HS,OBC-NCL,Gender-Neutral,5374,7567
"National Institute of Technology, Rourkela","Artificial Intelligence (4 Years, Bachelor of Technology)",HS,OBC-NCL,Female-only (including Supernumerary),8069,12507
"National Institute of Technology, Rourkela","Artificial Intelligence (4 Years, Bachelor of Technology)",HS,SC,Gender-Neutral,2446,2941
"National Institute of Technology, Rourkela","Artificial Intelligence (4 Years, Bachelor of Technology)",HS,ST,Gender-Neutral,1151,1283
"National Institute of Technology, Rourkela","Artificial Intelligence (4 Years, Bachelor of Technology)",OS,OPEN,Gender-Neutral,3125,3880
"National Institute of Technology, Rourkela","Artificial Intelligence (4 Years, Bachelor of Technology)",OS,OPEN,Female-only (including Supernumerary),6112,6548
"National Institute of Technology, Rourkela","Artificial Intelligence (4 Years, Bachelor of Technology)",OS,EWS,Gender-Neutral,536,547
"National Institute of Technology, Rourkela","Artificial Intelligence (4 Years, Bachelor of Technology)",OS,OBC-NCL,Gender-Neutral,972,1258
"National Institute of Technology, Rourkela","Artificial Intelligence (4 Years, Bachelor of Technology)",OS,OBC-NCL,Female-only (including Supernumerary),2794,3125
"National Institute of Technology, Rourkela","Artificial Intelligence (4 Years, Bachelor of Technology)",OS,SC,Gender-Neutral,595,821
"National Institute of Technology, Rourkela","Artificial Intelligence (4 Years, Bachelor of Technology)",OS,SC,Female-only (including Supernumerary),1728,1728
"National Institute of Technology, Rourkela","Artificial Intelligence (4 Years, Bachelor of Technology)",OS,ST,Gender-Neutral,315,315
"National Institute of Technology, Rourkela","Bio Medical Engineering (4 Years, Bachelor of Technology)",HS,OPEN,Gender-Neutral,47227,49922
"National Institute of Technology, Rourkela","Bio Medical Engineering (4 Years, Bachelor of Technology)",HS,OPEN,Female-only (including Supernumerary),52327,55431
"National Institute of Technology, Rourkela","Bio Medical Engineering (4 Years, Bachelor of Technology)",HS,EWS,Gender-Neutral,10173,12449
"National Institute of Technology, Rourkela","Bio Medical Engineering (4 Years, Bachelor of Technology)",HS,OBC-NCL,Gender-Neutral,17875,23527
"National Institute of Technology, Rourkela","Bio Medical Engineering (4 Years, Bachelor of Technology)",HS,OBC-NCL,Female-only (including Supernumerary),22506,22506
"National Institute of Technology, Rourkela","Bio Medical Engineering (4 Years, Bachelor of Technology)",HS,SC,Gender-Neutral,5546,5632
"National Institute of Technology, Rourkela","Bio Medical Engineering (4 Years, Bachelor of Technology)",HS,ST,Gender-Neutral,2769,2769
"National Institute of Technology, Rourkela","Bio Medical Engineering (4 Years, Bachelor of Technology)",OS,OPEN,Gender-Neutral,19925,31418
"National Institute of Technology, Rourkela","Bio Medical Engineering (4 Years, Bachelor of Technology)",OS,OPEN,Female-only (including Supernumerary),34783,37497
"National Institute of Technology, Rourkela","Bio Medical Engineering (4 Years, Bachelor of Technology)",OS,EWS,Gender-Neutral,6582,6659
"National Institute of Technology, Rourkela","Bio Medical Engineering (4 Years, Bachelor of Technology)",OS,OBC-NCL,Gender-Neutral,11852,12375
"National Institute of Technology, Rourkela","Bio Medical Engineering (4 Years, Bachelor of Technology)",OS,OBC-NCL,Female-only (including Supernumerary),15879,15879
"National Institute of Technology, Rourkela","Bio Medical Engineering (4 Years, Bachelor of Technology)",OS,SC,Gender-Neutral,6552,6559
"National Institute of Technology, Rourkela","Bio Medical Engineering (4 Years, Bachelor of Technology)",OS,SC,Female-only (including Supernumerary),8262,8262
"National Institute of Technology, Rourkela","Bio Medical Engineering (4 Years, Bachelor of Technology)",OS,ST,Gender-Neutral,2534,2534
"National Institute of Technology, Rourkela","Bio Technology (4 Years, Bachelor of Technology)",HS,OPEN,Gender-Neutral,31466,45521
"National Institute of Technology, Rourkela","Bio Technology (4 Years, Bachelor of Technology)",HS,OPEN,Female-only (including Supernumerary),40802,43472
"National Institute of Technology, Rourkela","Bio Technology (4 Years, Bachelor of Technology)",HS,OPEN (PwD),Gender-Neutral,422,422
"National Institute of Technology, Rourkela","Bio Technology (4 Years, Bachelor of Technology)",HS,EWS,Gender-Neutral,9784,9784
"National Institute of Technology, Rourkela","Bio Technology (4 Years, Bachelor of Technology)",HS,OBC-NCL,Gender-Neutral,18310,21445
"National Institute of Technology, Rourkela","Bio Technology (4 Years, Bachelor of Technology)",HS,OBC-NCL,Female-only (including Supernumerary),13643,13643
"National Institute of Technology, Rourkela","Bio Technology (4 Years, Bachelor of Technology)",HS,SC,Gender-Neutral,11514,12212
"National Institute of Technology, Rourkela","Bio Technology (4 Years, Bachelor of Technology)",HS,ST,Gender-Neutral,3045,3045
"National Institute of Technology, Rourkela","Bio Technology (4 Years, Bachelor of Technology)",OS,OPEN,Gender-Neutral,21536,29422
"National Institute of Technology, Rourkela","Bio Technology (4 Years, Bachelor of Technology)",OS,OPEN,Female-only (including Supernumerary),32656,33148
"National Institute of Technology, Rourkela","Bio Technology (4 Years, Bachelor of Technology)",OS,EWS,Gender-Neutral,4683,4683
"National Institute of Technology, Rourkela","Bio Technology (4 Years, Bachelor of Technology)",OS,OBC-NCL,Gender-Neutral,10652,11791
"National Institute of Technology, Rourkela","Bio Technology (4 Years, Bachelor of Technology)",OS,OBC-NCL,Female-only (including Supernumerary),12604,12604
"National Institute of Technology, Rourkela","Bio Technology (4 Years, Bachelor of Technology)",OS,SC,Gender-Neutral,871,4251
"National Institute of Technology, Rourkela","Bio Technology (4 Years, Bachelor of Technology)",OS,SC,Female-only (including Supernumerary),7844,7844
"National Institute of Technology, Rourkela","Bio Technology (4 Years, Bachelor of Technology)",OS,ST,Gender-Neutral,2276,2276
"National Institute of Technology, Rourkela","Ceramic Engineering (4 Years, Bachelor of Technology)",HS,OPEN,Gender-Neutral,41491,44990
"National Institute of Technology, Rourkela","Ceramic Engineering (4 Years, Bachelor of Technology)",HS,OPEN,Female-only (including Supernumerary),64092,65597
"National Institute of Technology, Rourkela","Ceramic Engineering (4 Years, Bachelor of Technology)",HS,EWS,Gender-Neutral,10459,11488
"National Institute of Technology, Rourkela","Ceramic Engineering (4 Years, Bachelor of Technology)",HS,OBC-NCL,Gender-Neutral,17612,20623
"National Institute of Technology, Rourkela","Ceramic Engineering (4 Years, Bachelor of Technology)",HS,OBC-NCL,Female-only (including Supernumerary),20229,20229
"National Institute of Technology, Rourkela","Ceramic Engineering (4 Years, Bachelor of Technology)",HS,SC,Gender-Neutral,10204,10726
"National Institute of Technology, Rourkela","Ceramic Engineering (4 Years, Bachelor of Technology)",HS,SC,Female-only (including Supernumerary),19210,19210
"National Institute of Technology, Rourkela","Ceramic Engineering (4 Years, Bachelor of Technology)",HS,ST,Gender-Neutral,4563,4563
"National Institute of Technology, Rourkela","Ceramic Engineering (4 Years, Bachelor of Technology)",OS,OPEN,Gender-Neutral,30050,34919
"National Institute of Technology, Rourkela","Ceramic Engineering (4 Years, Bachelor of Technology)",OS,OPEN,Female-only (including Supernumerary),42737,43304
"National Institute of Technology, Rourkela","Ceramic Engineering (4 Years, Bachelor of Technology)",OS,OPEN (PwD),Gender-Neutral,3036,3036
"National Institute of Technology, Rourkela","Ceramic Engineering (4 Years, Bachelor of Technology)",OS,EWS,Gender-Neutral,5643,5780
"National Institute of Technology, Rourkela","Ceramic Engineering (4 Years, Bachelor of Technology)",OS,OBC-NCL,Gender-Neutral,11253,12506
"National Institute of Technology, Rourkela","Ceramic Engineering (4 Years, Bachelor of Technology)",OS,OBC-NCL,Female-only (including Supernumerary),16871,16871
"National Institute of Technology, Rourkela","Ceramic Engineering (4 Years, Bachelor of Technology)",OS,SC,Gender-Neutral,5610,6396
"National Institute of Technology, Rourkela","Ceramic Engineering (4 Years, Bachelor of Technology)",OS,ST,Gender-Neutral,1860,1860
"National Institute of Technology, Rourkela","Ceramic Engineering (4 Years, Bachelor of Technology)",OS,ST,Female-only (including Supernumerary),4390,4390
"National Institute of Technology, Rourkela","Ceramic Engineering and M.Tech Industrial Ceramic (5 Years, Bachelor and Master of Technology (Dual Degree))",HS,OPEN,Gender-Neutral,50017,54014
"National Institute of Technology, Rourkela","Ceramic Engineering and M.Tech Industrial Ceramic (5 Years, Bachelor and Master of Technology (Dual Degree))",HS,OPEN,Female-only (including Supernumerary),67684,67684
"National Institute of Technology, Rourkela","Ceramic Engineering and M.Tech Industrial Ceramic (5 Years, Bachelor and Master of Technology (Dual Degree))",HS,OBC-NCL,Gender-Neutral,22349,23392
"National Institute of Technology, Rourkela","Ceramic Engineering and M.Tech Industrial Ceramic (5 Years, Bachelor and Master of Technology (Dual Degree))",HS,SC,Gender-Neutral,12621,12621
"National Institute of Technology, Rourkela","Ceramic Engineering and M.Tech Industrial Ceramic (5 Years, Bachelor and Master of Technology (Dual Degree))",OS,OPEN,Gender-Neutral,36588,39253
"National Institute of Technology, Rourkela","Ceramic Engineering and M.Tech Industrial Ceramic (5 Years, Bachelor and Master of Technology (Dual Degree))",OS,OPEN,Female-only (including Supernumerary),45356,45356
"National Institute of Technology, Rourkela","Ceramic Engineering and M.Tech Industrial Ceramic (5 Years, Bachelor and Master of Technology (Dual Degree))",OS,OBC-NCL,Gender-Neutral,14651,14845
"National Institute of Technology, Rourkela","Ceramic Engineering and M.Tech Industrial Ceramic (5 Years, Bachelor and Master of Technology (Dual Degree))",OS,SC,Gender-Neutral,6666,6666
"National Institute of Technology, Rourkela","Chemical Engineering (4 Years, Bachelor of Technology)",HS,OPEN,Gender-Neutral,20094,27040
"National Institute of Technology, Rourkela","Chemical Engineering (4 Years, Bachelor of Technology)",HS,OPEN,Female-only (including Supernumerary),23380,32945
"National Institute of Technology, Rourkela","Chemical Engineering (4 Years, Bachelor of Technology)",HS,OPEN (PwD),Gender-Neutral,724,724
"National Institute of Technology, Rourkela","Chemical Engineering (4 Years, Bachelor of Technology)",HS,EWS,Gender-Neutral,8528,8939
"National Institute of Technology, Rourkela","Chemical Engineering (4 Years, Bachelor of Technology)",HS,OBC-NCL,Gender-Neutral,10186,13451
"National Institute of Technology, Rourkela","Chemical Engineering (4 Years, Bachelor of Technology)",HS,OBC-NCL,Female-only (including Supernumerary),17103,19453
"National Institute of Technology, Rourkela","Chemical Engineering (4 Years, Bachelor of Technology)",HS,SC,Gender-Neutral,5934,8952
"National Institute of Technology, Rourkela","Chemical Engineering (4 Years, Bachelor of Technology)",HS,SC,Female-only (including Supernumerary),6815,6815
"National Institute of Technology, Rourkela","Chemical Engineering (4 Years, Bachelor of Technology)",HS,ST,Gender-Neutral,3541,4305
"National Institute of Technology, Rourkela","Chemical Engineering (4 Years, Bachelor of Technology)",HS,ST,Female-only (including Supernumerary),6330,6330
"National Institute of Technology, Rourkela","Chemical Engineering (4 Years, Bachelor of Technology)",OS,OPEN,Gender-Neutral,15005,17103
"National Institute of Technology, Rourkela","Chemical Engineering (4 Years, Bachelor of Technology)",OS,OPEN,Female-only (including Supernumerary),23211,28824
"National Institute of Technology, Rourkela","Chemical Engineering (4 Years, Bachelor of Technology)",OS,OPEN (PwD),Gender-Neutral,1575,1575
"National Institute of Technology, Rourkela","Chemical Engineering (4 Years, Bachelor of Technology)",OS,EWS,Gender-Neutral,2907,3131
"National Institute of Technology, Rourkela","Chemical Engineering (4 Years, Bachelor of Technology)",OS,OBC-NCL,Gender-Neutral,5892,6976
"National Institute of Technology, Rourkela","Chemical Engineering (4 Years, Bachelor of Technology)",OS,OBC-NCL,Female-only (including Supernumerary),7822,9983
"National Institute of Technology, Rourkela","Chemical Engineering (4 Years, Bachelor of Technology)",OS,SC,Gender-Neutral,3829,4026
"National Institute of Technology, Rourkela","Chemical Engineering (4 Years, Bachelor of Technology)",OS,SC,Female-only (including Supernumerary),4926,4926
"National Institute of Technology, Rourkela","Chemical Engineering (4 Years, Bachelor of Technology)",OS,ST,Gender-Neutral,1126,1252
"National Institute of Technology, Rourkela","Chemical Engineering (5 Years, Bachelor and Master of Technology (Dual Degree))",HS,OPEN,Gender-Neutral,28016,37284
"National Institute of Technology, Rourkela","Chemical Engineering (5 Years, Bachelor and Master of Technology (Dual Degree))",HS,OBC-NCL,Gender-Neutral,15601,15601
"National Institute of Technology, Rourkela","Chemical Engineering (5 Years, Bachelor and Master of Technology (Dual Degree))",HS,OBC-NCL,Female-only (including Supernumerary),21598,21598
"National Institute of Technology, Rourkela","Chemical Engineering (5 Years, Bachelor and Master of Technology (Dual Degree))",HS,SC,Gender-Neutral,7149,7149
"National Institute of Technology, Rourkela","Chemical Engineering (5 Years, Bachelor and Master of Technology (Dual Degree))",OS,OPEN,Gender-Neutral,17540,21024
"National Institute of Technology, Rourkela","Chemical Engineering (5 Years, Bachelor and Master of Technology (Dual Degree))",OS,OPEN,Female-only (including Supernumerary),25029,25029
"National Institute of Technology, Rourkela","Chemical Engineering (5 Years, Bachelor and Master of Technology (Dual Degree))",OS,EWS,Gender-Neutral,4431,4431
"National Institute of Technology, Rourkela","Chemical Engineering (5 Years, Bachelor and Master of Technology (Dual Degree))",OS,OBC-NCL,Gender-Neutral,6797,6797
"National Institute of Technology, Rourkela","Chemical Engineering (5 Years, Bachelor and Master of Technology (Dual Degree))",OS,SC,Gender-Neutral,4787,4787
"National Institute of Technology, Rourkela","Chemistry (5 Years, Integrated Master of Science)",HS,OPEN,Gender-Neutral,46181,68810
"National Institute of Technology, Rourkela","Chemistry (5 Years, Integrated Master of Science)",HS,OPEN,Female-only (including Supernumerary),73003,73003
"National Institute of Technology, Rourkela","Chemistry (5 Years, Integrated Master of Science)",HS,EWS,Gender-Neutral,15883,15883
"National Institute of Technology, Rourkela","Chemistry (5 Years, Integrated Master of Science)",HS,OBC-NCL,Gender-Neutral,30245,30586
"National Institute of Technology, Rourkela","Chemistry (5 Years, Integrated Master of Science)",HS,OBC-NCL,Female-only (including Supernumerary),37927,37927
"National Institute of Technology, Rourkela","Chemistry (5 Years, Integrated Master of Science)",HS,SC,Gender-Neutral,13809,13948
"National Institute of Technology, Rourkela","Chemistry (5 Years, Integrated Master of Science)",HS,ST,Gender-Neutral,5582,5582
"National Institute of Technology, Rourkela","Chemistry (5 Years, Integrated Master of Science)",OS,OPEN,Gender-Neutral,24165,41605
"National Institute of Technology, Rourkela","Chemistry (5 Years, Integrated Master of Science)",OS,OPEN,Female-only (including Supernumerary),38846,38846
"National Institute of Technology, Rourkela","Chemistry (5 Years, Integrated Master of Science)",OS,EWS,Gender-Neutral,7756,7756
"National Institute of Technology, Rourkela","Chemistry (5 Years, Integrated Master of Science)",OS,OBC-NCL,Gender-Neutral,14349,15838
"National Institute of Technology, Rourkela","Chemistry (5 Years, Integrated Master of Science)",OS,OBC-NCL,Female-only (including Supernumerary),19783,19783
"National Institute of Technology, Rourkela","Chemistry (5 Years, Integrated Master of Science)",OS,SC,Gender-Neutral,6903,8428
"National Institute of Technology, Rourkela","Chemistry (5 Years, Integrated Master of Science)",OS,ST,Gender-Neutral,2819,2819
"National Institute of Technology, Rourkela","Civil Engineering (4 Years, Bachelor of Technology)",HS,OPEN,Gender-Neutral,25338,37853
"National Institute of Technology, Rourkela","Civil Engineering (4 Years, Bachelor of Technology)",HS,OPEN,Female-only (including Supernumerary),28606,40193
"National Institute of Technology, Rourkela","Civil Engineering (4 Years, Bachelor of Technology)",HS,OPEN (PwD),Gender-Neutral,178,178
"National Institute of Technology, Rourkela","Civil Engineering (4 Years, Bachelor of Technology)",HS,EWS,Gender-Neutral,9565,10254
"National Institute of Technology, Rourkela","Civil Engineering (4 Years, Bachelor of Technology)",HS,OBC-NCL,Gender-Neutral,14324,15882
"National Institute of Technology, Rourkela","Civil Engineering (4 Years, Bachelor of Technology)",HS,OBC-NCL,Female-only (including Supernumerary),21022,25964
"National Institute of Technology, Rourkela","Civil Engineering (4 Years, Bachelor of Technology)",HS,OBC-NCL (PwD),Gender-Neutral,212,212
"National Institute of Technology, Rourkela","Civil Engineering (4 Years, Bachelor of Technology)",HS,SC,Gender-Neutral,5115,7966
"National Institute of Technology, Rourkela","Civil Engineering (4 Years, Bachelor of Technology)",HS,SC,Female-only (including Supernumerary),10126,10126
"National Institute of Technology, Rourkela","Civil Engineering (4 Years, Bachelor of Technology)",HS,ST,Gender-Neutral,3482,3609
"National Institute of Technology, Rourkela","Civil Engineering (4 Years, Bachelor of Technology)",OS,OPEN,Gender-Neutral,17880,24286
"National Institute of Technology, Rourkela","Civil Engineering (4 Years, Bachelor of Technology)",OS,OPEN,Female-only (including Supernumerary),31009,36778
"National Institute of Technology, Rourkela","Civil Engineering (4 Years, Bachelor of Technology)",OS,OPEN (PwD),Gender-Neutral,462,462
"National Institute of Technology, Rourkela","Civil Engineering (4 Years, Bachelor of Technology)",OS,EWS,Gender-Neutral,3880,4223
"National Institute of Technology, Rourkela","Civil Engineering (4 Years, Bachelor of Technology)",OS,OBC-NCL,Gender-Neutral,7005,8179
"National Institute of Technology, Rourkela","Civil Engineering (4 Years, Bachelor of Technology)",OS,OBC-NCL,Female-only (including Supernumerary),11024,11289
"National Institute of Technology, Rourkela","Civil Engineering (4 Years, Bachelor of Technology)",OS,OBC-NCL (PwD),Gender-Neutral,606,606
"National Institute of Technology, Rourkela","Civil Engineering (4 Years, Bachelor of Technology)",OS,SC,Gender-Neutral,3675,4447
"National Institute of Technology, Rourkela","Civil Engineering (4 Years, Bachelor of Technology)",OS,SC,Female-only (including Supernumerary),4781,4781
"National Institute of Technology, Rourkela","Civil Engineering (4 Years, Bachelor of Technology)",OS,ST,Gender-Neutral,987,1129
"National Institute of Technology, Rourkela","Computer Science and Engineering (4 Years, Bachelor of Technology)",HS,OPEN,Gender-Neutral,2379,7807
"National Institute of Technology, Rourkela","Computer Science and Engineering (4 Years, Bachelor of Technology)",HS,OPEN,Female-only (including Supernumerary),5554,12843
"National Institute of Technology, Rourkela","Computer Science and Engineering (4 Years, Bachelor of Technology)",HS,OPEN (PwD),Gender-Neutral,91,91
"National Institute of Technology, Rourkela","Computer Science and Engineering (4 Years, Bachelor of Technology)",HS,OPEN (PwD),Female-only (including Supernumerary),46,46
"National Institute of Technology, Rourkela","Computer Science and Engineering (4 Years, Bachelor of Technology)",HS,EWS,Gender-Neutral,1977,3098
"National Institute of Technology, Rourkela","Computer Science and Engineering (4 Years, Bachelor of Technology)",HS,EWS (PwD),Gender-Neutral,23,23
"National Institute of Technology, Rourkela","Computer Science and Engineering (4 Years, Bachelor of Technology)",HS,OBC-NCL,Gender-Neutral,1685,4455
"National Institute of Technology, Rourkela","Computer Science and Engineering (4 Years, Bachelor of Technology)",HS,OBC-NCL,Female-only (including Supernumerary),3757,8061
"National Institute of Technology, Rourkela","Computer Science and Engineering (4 Years, Bachelor of Technology)",HS,OBC-NCL (PwD),Gender-Neutral,111,111
"National Institute of Technology, Rourkela","Computer Science and Engineering (4 Years, Bachelor of Technology)",HS,SC,Gender-Neutral,716,2401
"National Institute of Technology, Rourkela","Computer Science and Engineering (4 Years, Bachelor of Technology)",HS,SC,Female-only (including Supernumerary),1510,1510
"National Institute of Technology, Rourkela","Computer Science and Engineering (4 Years, Bachelor of Technology)",HS,SC (PwD),Gender-Neutral,23,23
"National Institute of Technology, Rourkela","Computer Science and Engineering (4 Years, Bachelor of Technology)",HS,ST,Gender-Neutral,667,1359
"National Institute of Technology, Rourkela","Computer Science and Engineering (4 Years, Bachelor of Technology)",HS,ST,Female-only (including Supernumerary),4033,4033
"National Institute of Technology, Rourkela","Computer Science and Engineering (4 Years, Bachelor of Technology)",OS,OPEN,Gender-Neutral,591,2824
"National Institute of Technology, Rourkela","Computer Science and Engineering (4 Years, Bachelor of Technology)",OS,OPEN,Female-only (including Supernumerary),3724,4593
"National Institute of Technology, Rourkela","Computer Science and Engineering (4 Years, Bachelor of Technology)",OS,OPEN (PwD),Gender-Neutral,137,137
"National Institute of Technology, Rourkela","Computer Science and Engineering (4 Years, Bachelor of Technology)",OS,EWS,Gender-Neutral,370,414
"National Institute of Technology, Rourkela","Computer Science and Engineering (4 Years, Bachelor of Technology)",OS,EWS,Female-only (including Supernumerary),735,735
"National Institute of Technology, Rourkela","Computer Science and Engineering (4 Years, Bachelor of Technology)",OS,EWS (PwD),Gender-Neutral,32,32
"National Institute of Technology, Rourkela","Computer Science and Engineering (4 Years, Bachelor of Technology)",OS,OBC-NCL,Gender-Neutral,642,1022
"National Institute of Technology, Rourkela","Computer Science and Engineering (4 Years, Bachelor of Technology)",OS,OBC-NCL,Female-only (including Supernumerary),1778,1977
"National Institute of Technology, Rourkela","Computer Science and Engineering (4 Years, Bachelor of Technology)",OS,OBC-NCL (PwD),Gender-Neutral,48,48
"National Institute of Technology, Rourkela","Computer Science and Engineering (4 Years, Bachelor of Technology)",OS,SC,Gender-Neutral,346,523
"National Institute of Technology, Rourkela","Computer Science and Engineering (4 Years, Bachelor of Technology)",OS,SC,Female-only (including Supernumerary),722,809
"National Institute of Technology, Rourkela","Computer Science and Engineering (4 Years, Bachelor of Technology)",OS,SC (PwD),Gender-Neutral,7,7
"National Institute of Technology, Rourkela","Computer Science and Engineering (4 Years, Bachelor of Technology)",OS,SC (PwD),Female-only (including Supernumerary),32,32
"National Institute of Technology, Rourkela","Computer Science and Engineering (4 Years, Bachelor of Technology)",OS,ST,Gender-Neutral,76,202
"National Institute of Technology, Rourkela","Computer Science and Engineering (4 Years, Bachelor of Technology)",OS,ST,Female-only (including Supernumerary),177,177
"National Institute of Technology, Rourkela","Computer Science and Engineering (4 Years, Bachelor of Technology)",OS,ST (PwD),Gender-Neutral,6,6
"National Institute of Technology, Rourkela","Electrical Engineering (4 Years, Bachelor of Technology)",HS,OPEN,Gender-Neutral,14003,18552
"National Institute of Technology, Rourkela","Electrical Engineering (4 Years, Bachelor of Technology)",HS,OPEN,Female-only (including Supernumerary),21948,25181
"National Institute of Technology, Rourkela","Electrical Engineering (4 Years, Bachelor of Technology)",HS,OPEN (PwD),Gender-Neutral,641,641
"National Institute of Technology, Rourkela","Electrical Engineering (4 Years, Bachelor of Technology)",HS,OPEN (PwD),Female-only (including Supernumerary),671,671
"National Institute of Technology, Rourkela","Electrical Engineering (4 Years, Bachelor of Technology)",HS,EWS,Gender-Neutral,4958,7657
"National Institute of Technology, Rourkela","Electrical Engineering (4 Years, Bachelor of Technology)",HS,EWS,Female-only (including Supernumerary),8685,8685
"National Institute of Technology, Rourkela","Electrical Engineering (4 Years, Bachelor of Technology)",HS,EWS (PwD),Gender-Neutral,290,290
"National Institute of Technology, Rourkela","Electrical Engineering (4 Years, Bachelor of Technology)",HS,OBC-NCL,Gender-Neutral,7814,11759
"National Institute of Technology, Rourkela","Electrical Engineering (4 Years, Bachelor of Technology)",HS,OBC-NCL,Female-only (including Supernumerary),11770,14143
"National Institute of Technology, Rourkela","Electrical Engineering (4 Years, Bachelor of Technology)",HS,OBC-NCL (PwD),Gender-Neutral,457,457
"National Institute of Technology, Rourkela","Electrical Engineering (4 Years, Bachelor of Technology)",HS,OBC-NCL (PwD),Female-only (including Supernumerary),515,515
"National Institute of Technology, Rourkela","Electrical Engineering (4 Years, Bachelor of Technology)",HS,SC,Gender-Neutral,3297,5584
"National Institute of Technology, Rourkela","Electrical Engineering (4 Years, Bachelor of Technology)",HS,SC,Female-only (including Supernumerary),10101,10101
"National Institute of Technology, Rourkela","Electrical Engineering (4 Years, Bachelor of Technology)",HS,ST,Gender-Neutral,1491,2299
"National Institute of Technology, Rourkela","Electrical Engineering (4 Years, Bachelor of Technology)",HS,ST,Female-only (including Supernumerary),3925,3925
"National Institute of Technology, Rourkela","Electrical Engineering (4 Years, Bachelor of Technology)",OS,OPEN,Gender-Neutral,6573,8940
"National Institute of Technology, Rourkela","Electrical Engineering (4 Years, Bachelor of Technology)",OS,OPEN,Female-only (including Supernumerary),11102,15459
"National Institute of Technology, Rourkela","Electrical Engineering (4 Years, Bachelor of Technology)",OS,OPEN (PwD),Gender-Neutral,402,402
"National Institute of Technology, Rourkela","Electrical Engineering (4 Years, Bachelor of Technology)",OS,OPEN (PwD),Female-only (including Supernumerary),993,993
"National Institute of Technology, Rourkela","Electrical Engineering (4 Years, Bachelor of Technology)",OS,EWS,Gender-Neutral,1329,1566
"National Institute of Technology, Rourkela","Electrical Engineering (4 Years, Bachelor of Technology)",OS,EWS,Female-only (including Supernumerary),2396,2396
"National Institute of Technology, Rourkela","Electrical Engineering (4 Years, Bachelor of Technology)",OS,EWS (PwD),Gender-Neutral,104,104
"National Institute of Technology, Rourkela","Electrical Engineering (4 Years, Bachelor of Technology)",OS,OBC-NCL,Gender-Neutral,2805,3807
"National Institute of Technology, Rourkela","Electrical Engineering (4 Years, Bachelor of Technology)",OS,OBC-NCL,Female-only (including Supernumerary),4531,4635
"National Institute of Technology, Rourkela","Electrical Engineering (4 Years, Bachelor of Technology)",OS,OBC-NCL (PwD),Gender-Neutral,173,173
"National Institute of Technology, Rourkela","Electrical Engineering (4 Years, Bachelor of Technology)",OS,OBC-NCL (PwD),Female-only (including Supernumerary),718,718
"National Institute of Technology, Rourkela","Electrical Engineering (4 Years, Bachelor of Technology)",OS,SC,Gender-Neutral,1229,2112
"National Institute of Technology, Rourkela","Electrical Engineering (4 Years, Bachelor of Technology)",OS,SC,Female-only (including Supernumerary),2511,2511
"National Institute of Technology, Rourkela","Electrical Engineering (4 Years, Bachelor of Technology)",OS,SC (PwD),Gender-Neutral,245,245
"National Institute of Technology, Rourkela","Electrical Engineering (4 Years, Bachelor of Technology)",OS,ST,Gender-Neutral,402,414
"National Institute of Technology, Rourkela","Electrical Engineering (4 Years, Bachelor of Technology)",OS,ST,Female-only (including Supernumerary),1399,1399
"National Institute of Technology, Rourkela","Electronics and Communication Engineering (4 Years, Bachelor of Technology)",HS,OPEN,Gender-Neutral,8119,13084
"National Institute of Technology, Rourkela","Electronics and Communication Engineering (4 Years, Bachelor of Technology)",HS,OPEN,Female-only (including Supernumerary),18168,19473
"National Institute of Technology, Rourkela","Electronics and Communication Engineering (4 Years, Bachelor of Technology)",HS,OPEN (PwD),Gender-Neutral,125,125
"National Institute of Technology, Rourkela","Electronics and Communication Engineering (4 Years, Bachelor of Technology)",HS,EWS,Gender-Neutral,3800,5169
"National Institute of Technology, Rourkela","Electronics and Communication Engineering (4 Years, Bachelor of Technology)",HS,EWS,Female-only (including Supernumerary),5815,5815
"National Institute of Technology, Rourkela","Electronics and Communication Engineering (4 Years, Bachelor of Technology)",HS,OBC-NCL,Gender-Neutral,4592,6723
"National Institute of Technology, Rourkela","Electronics and Communication Engineering (4 Years, Bachelor of Technology)",HS,OBC-NCL,Female-only (including Supernumerary),9665,9665
"National Institute of Technology, Rourkela","Electronics and Communication Engineering (4 Years, Bachelor of Technology)",HS,SC,Gender-Neutral,1491,3055
"National Institute of Technology, Rourkela","Electronics and Communication Engineering (4 Years, Bachelor of Technology)",HS,SC,Female-only (including Supernumerary),7369,7369
"National Institute of Technology, Rourkela","Electronics and Communication Engineering (4 Years, Bachelor of Technology)",HS,ST,Gender-Neutral,1412,1462
"National Institute of Technology, Rourkela","Electronics and Communication Engineering (4 Years, Bachelor of Technology)",HS,ST,Female-only (including Supernumerary),4352,4352
"National Institute of Technology, Rourkela","Electronics and Communication Engineering (4 Years, Bachelor of Technology)",OS,OPEN,Gender-Neutral,3958,5245
"National Institute of Technology, Rourkela","Electronics and Communication Engineering (4 Years, Bachelor of Technology)",OS,OPEN,Female-only (including Supernumerary),8260,9308
"National Institute of Technology, Rourkela","Electronics and Communication Engineering (4 Years, Bachelor of Technology)",OS,OPEN (PwD),Gender-Neutral,136,136
"National Institute of Technology, Rourkela","Electronics and Communication Engineering (4 Years, Bachelor of Technology)",OS,EWS,Gender-Neutral,725,751
"National Institute of Technology, Rourkela","Electronics and Communication Engineering (4 Years, Bachelor of Technology)",OS,EWS,Female-only (including Supernumerary),1395,1395
"National Institute of Technology, Rourkela","Electronics and Communication Engineering (4 Years, Bachelor of Technology)",OS,OBC-NCL,Gender-Neutral,1653,1774
"National Institute of Technology, Rourkela","Electronics and Communication Engineering (4 Years, Bachelor of Technology)",OS,OBC-NCL,Female-only (including Supernumerary),3143,3143
"National Institute of Technology, Rourkela","Electronics and Communication Engineering (4 Years, Bachelor of Technology)",OS,SC,Gender-Neutral,239,706
"National Institute of Technology, Rourkela","Electronics and Communication Engineering (4 Years, Bachelor of Technology)",OS,SC,Female-only (including Supernumerary),1713,1713
"National Institute of Technology, Rourkela","Electronics and Communication Engineering (4 Years, Bachelor of Technology)",OS,ST,Gender-Neutral,343,356
"National Institute of Technology, Rourkela","Electronics and Communication Engineering (4 Years, Bachelor of Technology)",OS,ST,Female-only (including Supernumerary),928,928
"National Institute of Technology, Rourkela","Electronics and Instrumentation Engineering (4 Years, Bachelor of Technology)",HS,OPEN,Gender-Neutral,13280,15934
"National Institute of Technology, Rourkela","Electronics and Instrumentation Engineering (4 Years, Bachelor of Technology)",HS,OPEN,Female-only (including Supernumerary),19966,20728
"National Institute of Technology, Rourkela","Electronics and Instrumentation Engineering (4 Years, Bachelor of Technology)",HS,OPEN (PwD),Gender-Neutral,335,335
"National Institute of Technology, Rourkela","Electronics and Instrumentation Engineering (4 Years, Bachelor of Technology)",HS,EWS,Gender-Neutral,5102,5242
"National Institute of Technology, Rourkela","Electronics and Instrumentation Engineering (4 Years, Bachelor of Technology)",HS,EWS,Female-only (including Supernumerary),7388,7388
"National Institute of Technology, Rourkela","Electronics and Instrumentation Engineering (4 Years, Bachelor of Technology)",HS,OBC-NCL,Gender-Neutral,8078,10265
"National Institute of Technology, Rourkela","Electronics and Instrumentation Engineering (4 Years, Bachelor of Technology)",HS,OBC-NCL,Female-only (including Supernumerary),11525,11525
"National Institute of Technology, Rourkela","Electronics and Instrumentation Engineering (4 Years, Bachelor of Technology)",HS,SC,Gender-Neutral,3400,5232
"National Institute of Technology, Rourkela","Electronics and Instrumentation Engineering (4 Years, Bachelor of Technology)",HS,SC,Female-only (including Supernumerary),8088,8088
"National Institute of Technology, Rourkela","Electronics and Instrumentation Engineering (4 Years, Bachelor of Technology)",HS,ST,Gender-Neutral,1582,1582
"National Institute of Technology, Rourkela","Electronics and Instrumentation Engineering (4 Years, Bachelor of Technology)",HS,ST,Female-only (including Supernumerary),5517,5517
"National Institute of Technology, Rourkela","Electronics and Instrumentation Engineering (4 Years, Bachelor of Technology)",OS,OPEN,Gender-Neutral,7450,9315
"National Institute of Technology, Rourkela","Electronics and Instrumentation Engineering (4 Years, Bachelor of Technology)",OS,OPEN,Female-only (including Supernumerary),16629,17092
"National Institute of Technology, Rourkela","Electronics and Instrumentation Engineering (4 Years, Bachelor of Technology)",OS,EWS,Gender-Neutral,1472,1659
"National Institute of Technology, Rourkela","Electronics and Instrumentation Engineering (4 Years, Bachelor of Technology)",OS,EWS,Female-only (including Supernumerary),3127,3127
"National Institute of Technology, Rourkela","Electronics and Instrumentation Engineering (4 Years, Bachelor of Technology)",OS,OBC-NCL,Gender-Neutral,2890,4328
"National Institute of Technology, Rourkela","Electronics and Instrumentation Engineering (4 Years, Bachelor of Technology)",OS,OBC-NCL,Female-only (including Supernumerary),5758,5967
"National Institute of Technology, Rourkela","Electronics and Instrumentation Engineering (4 Years, Bachelor of Technology)",OS,SC,Gender-Neutral,631,2055
"National Institute of Technology, Rourkela","Electronics and Instrumentation Engineering (4 Years, Bachelor of Technology)",OS,ST,Gender-Neutral,566,735
"National Institute of Technology, Rourkela","Food Process Engineering (4 Years, Bachelor of Technology)",HS,OPEN,Gender-Neutral,45352,50981
"National Institute of Technology, Rourkela","Food Process Engineering (4 Years, Bachelor of Technology)",HS,OPEN,Female-only (including Supernumerary),70560,70560
"National Institute of Technology, Rourkela","Food Process Engineering (4 Years, Bachelor of Technology)",HS,EWS,Gender-Neutral,11767,12657
"National Institute of Technology, Rourkela","Food Process Engineering (4 Years, Bachelor of Technology)",HS,OBC-NCL,Gender-Neutral,23462,23683
"National Institute of Technology, Rourkela","Food Process Engineering (4 Years, Bachelor of Technology)",HS,OBC-NCL,Female-only (including Supernumerary),28898,28898
"National Institute of Technology, Rourkela","Food Process Engineering (4 Years, Bachelor of Technology)",HS,SC,Gender-Neutral,12506,12506
"National Institute of Technology, Rourkela","Food Process Engineering (4 Years, Bachelor of Technology)",HS,SC,Female-only (including Supernumerary),12930,12930
"National Institute of Technology, Rourkela","Food Process Engineering (4 Years, Bachelor of Technology)",HS,ST,Gender-Neutral,5108,5108
"National Institute of Technology, Rourkela","Food Process Engineering (4 Years, Bachelor of Technology)",OS,OPEN,Gender-Neutral,34557,39483
"National Institute of Technology, Rourkela","Food Process Engineering (4 Years, Bachelor of Technology)",OS,OPEN,Female-only (including Supernumerary),29089,29089
"National Institute of Technology, Rourkela","Food Process Engineering (4 Years, Bachelor of Technology)",OS,EWS,Gender-Neutral,6505,6874
"National Institute of Technology, Rourkela","Food Process Engineering (4 Years, Bachelor of Technology)",OS,OBC-NCL,Gender-Neutral,12921,13501
"National Institute of Technology, Rourkela","Food Process Engineering (4 Years, Bachelor of Technology)",OS,OBC-NCL,Female-only (including Supernumerary),16573,16573
"National Institute of Technology, Rourkela","Food Process Engineering (4 Years, Bachelor of Technology)",OS,SC,Gender-Neutral,6331,6331
"National Institute of Technology, Rourkela","Food Process Engineering (4 Years, Bachelor of Technology)",OS,SC,Female-only (including Supernumerary),9774,9774
"National Institute of Technology, Rourkela","Food Process Engineering (4 Years, Bachelor of Technology)",OS,ST,Gender-Neutral,2123,2123
"National Institute of Technology, Rourkela","Industrial Design (4 Years, Bachelor of Technology)",HS,OPEN,Gender-Neutral,26976,31444
"National Institute of Technology, Rourkela","Industrial Design (4 Years, Bachelor of Technology)",HS,OPEN,Female-only (including Supernumerary),43549,47985
"National Institute of Technology, Rourkela","Industrial Design (4 Years, Bachelor of Technology)",HS,EWS,Gender-Neutral,9165,9165
"National Institute of Technology, Rourkela","Industrial Design (4 Years, Bachelor of Technology)",HS,OBC-NCL,Gender-Neutral,13346,19627
"National Institute of Technology, Rourkela","Industrial Design (4 Years, Bachelor of Technology)",HS,OBC-NCL,Female-only (including Supernumerary),21530,21530
"National Institute of Technology, Rourkela","Industrial Design (4 Years, Bachelor of Technology)",HS,SC,Gender-Neutral,6485,10169
"National Institute of Technology, Rourkela","Industrial Design (4 Years, Bachelor of Technology)",HS,ST,Gender-Neutral,3948,3948
"National Institute of Technology, Rourkela","Industrial Design (4 Years, Bachelor of Technology)",OS,OPEN,Gender-Neutral,27601,29447
"National Institute of Technology, Rourkela","Industrial Design (4 Years, Bachelor of Technology)",OS,OPEN,Female-only (including Supernumerary),24803,34264
"National Institute of Technology, Rourkela","Industrial Design (4 Years, Bachelor of Technology)",OS,EWS,Gender-Neutral,4981,4981
"National Institute of Technology, Rourkela","Industrial Design (4 Years, Bachelor of Technology)",OS,OBC-NCL,Gender-Neutral,8034,10482
"National Institute of Technology, Rourkela","Industrial Design (4 Years, Bachelor of Technology)",OS,OBC-NCL,Female-only (including Supernumerary),11685,11685
"National Institute of Technology, Rourkela","Industrial Design (4 Years, Bachelor of Technology)",OS,SC,Gender-Neutral,5186,5357
"National Institute of Technology, Rourkela","Industrial Design (4 Years, Bachelor of Technology)",OS,ST,Gender-Neutral,2397,2397
"National Institute of Technology, Rourkela","Life Science (5 Years, Integrated Master of Science)",HS,OPEN,Gender-Neutral,66885,70164
"National Institute of Technology, Rourkela","Life Science (5 Years, Integrated Master of Science)",HS,OPEN,Female-only (including Supernumerary),73791,73791
"National Institute of Technology, Rourkela","Life Science (5 Years, Integrated Master of Science)",HS,EWS,Gender-Neutral,15993,15993
"National Institute of Technology, Rourkela","Life Science (5 Years, Integrated Master of Science)",HS,OBC-NCL,Gender-Neutral,32973,33196
"National Institute of Technology, Rourkela","Life Science (5 Years, Integrated Master of Science)",HS,OBC-NCL,Female-only (including Supernumerary),37056,37056
"National Institute of Technology, Rourkela","Life Science (5 Years, Integrated Master of Science)",HS,SC,Gender-Neutral,16827,16827
"National Institute of Technology, Rourkela","Life Science (5 Years, Integrated Master of Science)",HS,ST,Gender-Neutral,7682,7682
"National Institute of Technology, Rourkela","Life Science (5 Years, Integrated Master of Science)",OS,OPEN,Gender-Neutral,38622,43373
"National Institute of Technology, Rourkela","Life Science (5 Years, Integrated Master of Science)",OS,OPEN,Female-only (including Supernumerary),59030,59030
"National Institute of Technology, Rourkela","Life Science (5 Years, Integrated Master of Science)",OS,EWS,Gender-Neutral,7534,7534
"National Institute of Technology, Rourkela","Life Science (5 Years, Integrated Master of Science)",OS,OBC-NCL,Gender-Neutral,13448,15138
"National Institute of Technology, Rourkela","Life Science (5 Years, Integrated Master of Science)",OS,OBC-NCL,Female-only (including Supernumerary),18597,18597
"National Institute of Technology, Rourkela","Life Science (5 Years, Integrated Master of Science)",OS,SC,Gender-Neutral,6210,6210
"National Institute of Technology, Rourkela","Life Science (5 Years, Integrated Master of Science)",OS,ST,Gender-Neutral,2820,2820
"National Institute of Technology, Rourkela","Mathematics (5 Years, Integrated Master of Science)",HS,OPEN,Gender-Neutral,23934,54658
"National Institute of Technology, Rourkela","Mathematics (5 Years, Integrated Master of Science)",HS,OPEN,Female-only (including Supernumerary),58403,58403
"National Institute of Technology, Rourkela","Mathematics (5 Years, Integrated Master of Science)",HS,EWS,Gender-Neutral,13756,13756
"National Institute of Technology, Rourkela","Mathematics (5 Years, Integrated Master of Science)",HS,OBC-NCL,Gender-Neutral,25070,29231
"National Institute of Technology, Rourkela","Mathematics (5 Years, Integrated Master of Science)",HS,SC,Gender-Neutral,12218,14237
"National Institute of Technology, Rourkela","Mathematics (5 Years, Integrated Master of Science)",HS,ST,Gender-Neutral,5925,5925
"National Institute of Technology, Rourkela","Mathematics (5 Years, Integrated Master of Science)",OS,OPEN,Gender-Neutral,21341,25359
"National Institute of Technology, Rourkela","Mathematics (5 Years, Integrated Master of Science)",OS,OPEN,Female-only (including Supernumerary),36666,36666
"National Institute of Technology, Rourkela","Mathematics (5 Years, Integrated Master of Science)",OS,EWS,Gender-Neutral,5486,5486
"National Institute of Technology, Rourkela","Mathematics (5 Years, Integrated Master of Science)",OS,OBC-NCL,Gender-Neutral,10650,13096
"National Institute of Technology, Rourkela","Mathematics (5 Years, Integrated Master of Science)",OS,SC,Gender-Neutral,2135,6775
"National Institute of Technology, Rourkela","Mathematics (5 Years, Integrated Master of Science)",OS,ST,Gender-Neutral,2717,2717
"National Institute of Technology, Rourkela","Mechanical Engineering (4 Years, Bachelor of Technology)",HS,OPEN,Gender-Neutral,9600,23164
"National Institute of Technology, Rourkela","Mechanical Engineering (4 Years, Bachelor of Technology)",HS,OPEN,Female-only (including Supernumerary),23912,29689
"National Institute of Technology, Rourkela","Mechanical Engineering (4 Years, Bachelor of Technology)",HS,OPEN (PwD),Gender-Neutral,647,647
"National Institute of Technology, Rourkela","Mechanical Engineering (4 Years, Bachelor of Technology)",HS,EWS,Gender-Neutral,6553,8394
"National Institute of Technology, Rourkela","Mechanical Engineering (4 Years, Bachelor of Technology)",HS,EWS,Female-only (including Supernumerary),10313,10313
"National Institute of Technology, Rourkela","Mechanical Engineering (4 Years, Bachelor of Technology)",HS,OBC-NCL,Gender-Neutral,8027,12979
"National Institute of Technology, Rourkela","Mechanical Engineering (4 Years, Bachelor of Technology)",HS,OBC-NCL,Female-only (including Supernumerary),14120,16389
"National Institute of Technology, Rourkela","Mechanical Engineering (4 Years, Bachelor of Technology)",HS,OBC-NCL (PwD),Gender-Neutral,526,526
"National Institute of Technology, Rourkela","Mechanical Engineering (4 Years, Bachelor of Technology)",HS,SC,Gender-Neutral,4666,6616
"National Institute of Technology, Rourkela","Mechanical Engineering (4 Years, Bachelor of Technology)",HS,SC,Female-only (including Supernumerary),5994,9825
"National Institute of Technology, Rourkela","Mechanical Engineering (4 Years, Bachelor of Technology)",HS,ST,Gender-Neutral,2037,2516
"National Institute of Technology, Rourkela","Mechanical Engineering (4 Years, Bachelor of Technology)",HS,ST,Female-only (including Supernumerary),5889,5889
"National Institute of Technology, Rourkela","Mechanical Engineering (4 Years, Bachelor of Technology)",OS,OPEN,Gender-Neutral,12405,14207
"National Institute of Technology, Rourkela","Mechanical Engineering (4 Years, Bachelor of Technology)",OS,OPEN,Female-only (including Supernumerary),19501,24512
"National Institute of Technology, Rourkela","Mechanical Engineering (4 Years, Bachelor of Technology)",OS,OPEN (PwD),Gender-Neutral,636,636
"National Institute of Technology, Rourkela","Mechanical Engineering (4 Years, Bachelor of Technology)",OS,EWS,Gender-Neutral,2122,2323
"National Institute of Technology, Rourkela","Mechanical Engineering (4 Years, Bachelor of Technology)",OS,EWS,Female-only (including Supernumerary),4458,4458
"National Institute of Technology, Rourkela","Mechanical Engineering (4 Years, Bachelor of Technology)",OS,OBC-NCL,Gender-Neutral,4649,5534
"National Institute of Technology, Rourkela","Mechanical Engineering (4 Years, Bachelor of Technology)",OS,OBC-NCL,Female-only (including Supernumerary),9774,10077
"National Institute of Technology, Rourkela","Mechanical Engineering (4 Years, Bachelor of Technology)",OS,OBC-NCL (PwD),Gender-Neutral,489,489
"National Institute of Technology, Rourkela","Mechanical Engineering (4 Years, Bachelor of Technology)",OS,OBC-NCL (PwD),Female-only (including Supernumerary),1154,1154
"National Institute of Technology, Rourkela","Mechanical Engineering (4 Years, Bachelor of Technology)",OS,SC,Gender-Neutral,2450,3355
"National Institute of Technology, Rourkela","Mechanical Engineering (4 Years, Bachelor of Technology)",OS,SC,Female-only (including Supernumerary),4951,5221
"National Institute of Technology, Rourkela","Mechanical Engineering (4 Years, Bachelor of Technology)",OS,ST,Gender-Neutral,933,1314
"National Institute of Technology, Rourkela","Mechanical Engineering (4 Years, Bachelor of Technology)",OS,ST,Female-only (including Supernumerary),1830,1830
"National Institute of Technology, Rourkela","Mechanical Engineering (4 Years, Bachelor of Technology)",OS,ST (PwD),Gender-Neutral,34,34
"National Institute of Technology, Rourkela","Metallurgical and Materials Engineering (4 Years, Bachelor of Technology)",HS,OPEN,Gender-Neutral,23197,36112
"National Institute of Technology, Rourkela","Metallurgical and Materials Engineering (4 Years, Bachelor of Technology)",HS,OPEN,Female-only (including Supernumerary),35681,56122
"National Institute of Technology, Rourkela","Metallurgical and Materials Engineering (4 Years, Bachelor of Technology)",HS,OPEN (PwD),Gender-Neutral,1830,1830
"National Institute of Technology, Rourkela","Metallurgical and Materials Engineering (4 Years, Bachelor of Technology)",HS,EWS,Gender-Neutral,9222,9871
"National Institute of Technology, Rourkela","Metallurgical and Materials Engineering (4 Years, Bachelor of Technology)",HS,OBC-NCL,Gender-Neutral,13552,17210
"National Institute of Technology, Rourkela","Metallurgical and Materials Engineering (4 Years, Bachelor of Technology)",HS,OBC-NCL,Female-only (including Supernumerary),21868,26622
"National Institute of Technology, Rourkela","Metallurgical and Materials Engineering (4 Years, Bachelor of Technology)",HS,OBC-NCL (PwD),Gender-Neutral,1084,1084
"National Institute of Technology, Rourkela","Metallurgical and Materials Engineering (4 Years, Bachelor of Technology)",HS,SC,Gender-Neutral,7512,9908
"National Institute of Technology, Rourkela","Metallurgical and Materials Engineering (4 Years, Bachelor of Technology)",HS,SC,Female-only (including Supernumerary),10695,10695
"National Institute of Technology, Rourkela","Metallurgical and Materials Engineering (4 Years, Bachelor of Technology)",HS,ST,Gender-Neutral,4621,4780
"National Institute of Technology, Rourkela","Metallurgical and Materials Engineering (4 Years, Bachelor of Technology)",OS,OPEN,Gender-Neutral,22829,27562
"National Institute of Technology, Rourkela","Metallurgical and Materials Engineering (4 Years, Bachelor of Technology)",OS,OPEN,Female-only (including Supernumerary),36782,38826
"National Institute of Technology, Rourkela","Metallurgical and Materials Engineering (4 Years, Bachelor of Technology)",OS,OPEN (PwD),Gender-Neutral,2254,2254
"National Institute of Technology, Rourkela","Metallurgical and Materials Engineering (4 Years, Bachelor of Technology)",OS,EWS,Gender-Neutral,4549,5202
"National Institute of Technology, Rourkela","Metallurgical and Materials Engineering (4 Years, Bachelor of Technology)",OS,OBC-NCL,Gender-Neutral,8840,9730
"National Institute of Technology, Rourkela","Metallurgical and Materials Engineering (4 Years, Bachelor of Technology)",OS,OBC-NCL,Female-only (including Supernumerary),14612,15017
"National Institute of Technology, Rourkela","Metallurgical and Materials Engineering (4 Years, Bachelor of Technology)",OS,OBC-NCL (PwD),Gender-Neutral,1030,1030
"National Institute of Technology, Rourkela","Metallurgical and Materials Engineering (4 Years, Bachelor of Technology)",OS,SC,Gender-Neutral,6001,6249
"National Institute of Technology, Rourkela","Metallurgical and Materials Engineering (4 Years, Bachelor of Technology)",OS,SC,Female-only (including Supernumerary),6683,6683
"National Institute of Technology, Rourkela","Metallurgical and Materials Engineering (4 Years, Bachelor of Technology)",OS,ST,Gender-Neutral,1972,2275
"National Institute of Technology, Rourkela","Metallurgical and Materials Engineering (4 Years, Bachelor of Technology)",OS,ST,Female-only (including Supernumerary),2054,2054
"National Institute of Technology, Rourkela","Metallurgical and Materials Engineering (5 Years, Bachelor and Master of Technology (Dual Degree))",HS,OPEN,Gender-Neutral,41527,46142
"National Institute of Technology, Rourkela","Metallurgical and Materials Engineering (5 Years, Bachelor and Master of Technology (Dual Degree))",HS,OBC-NCL,Gender-Neutral,21857,21857
"National Institute of Technology, Rourkela","Metallurgical and Materials Engineering (5 Years, Bachelor and Master of Technology (Dual Degree))",HS,OBC-NCL,Female-only (including Supernumerary),35598,35598
"National Institute of Technology, Rourkela","Metallurgical and Materials Engineering (5 Years, Bachelor and Master of Technology (Dual Degree))",HS,SC,Gender-Neutral,9307,9307
"National Institute of Technology, Rourkela","Metallurgical and Materials Engineering (5 Years, Bachelor and Master of Technology (Dual Degree))",OS,OPEN,Gender-Neutral,25209,33993
"National Institute of Technology, Rourkela","Metallurgical and Materials Engineering (5 Years, Bachelor and Master of Technology (Dual Degree))",OS,OPEN,Female-only (including Supernumerary),48201,48201
"National Institute of Technology, Rourkela","Metallurgical and Materials Engineering (5 Years, Bachelor and Master of Technology (Dual Degree))",OS,OBC-NCL,Gender-Neutral,11795,12323
"National Institute of Technology, Rourkela","Metallurgical and Materials Engineering (5 Years, Bachelor and Master of Technology (Dual Degree))",OS,SC,Gender-Neutral,6294,6294
"National Institute of Technology, Rourkela","Mining Engineering (4 Years, Bachelor of Technology)",HS,OPEN,Gender-Neutral,24429,40234
"National Institute of Technology, Rourkela","Mining Engineering (4 Years, Bachelor of Technology)",HS,OPEN,Female-only (including Supernumerary),52364,57296
"National Institute of Technology, Rourkela","Mining Engineering (4 Years, Bachelor of Technology)",HS,EWS,Gender-Neutral,11140,11288
"National Institute of Technology, Rourkela","Mining Engineering (4 Years, Bachelor of Technology)",HS,EWS,Female-only (including Supernumerary),23397,23397
"National Institute of Technology, Rourkela","Mining Engineering (4 Years, Bachelor of Technology)",HS,OBC-NCL,Gender-Neutral,15631,18750
"National Institute of Technology, Rourkela","Mining Engineering (4 Years, Bachelor of Technology)",HS,OBC-NCL,Female-only (including Supernumerary),24766,24766
"National Institute of Technology, Rourkela","Mining Engineering (4 Years, Bachelor of Technology)",HS,SC,Gender-Neutral,8579,9204
"National Institute of Technology, Rourkela","Mining Engineering (4 Years, Bachelor of Technology)",HS,SC,Female-only (including Supernumerary),11717,11717
"National Institute of Technology, Rourkela","Mining Engineering (4 Years, Bachelor of Technology)",HS,ST,Gender-Neutral,3701,3701
"National Institute of Technology, Rourkela","Mining Engineering (4 Years, Bachelor of Technology)",HS,ST,Female-only (including Supernumerary),8501,8501
"National Institute of Technology, Rourkela","Mining Engineering (4 Years, Bachelor of Technology)",OS,OPEN,Gender-Neutral,29168,31826
"National Institute of Technology, Rourkela","Mining Engineering (4 Years, Bachelor of Technology)",OS,OPEN,Female-only (including Supernumerary),43897,48048
"National Institute of Technology, Rourkela","Mining Engineering (4 Years, Bachelor of Technology)",OS,EWS,Gender-Neutral,5425,5515
"National Institute of Technology, Rourkela","Mining Engineering (4 Years, Bachelor of Technology)",OS,EWS,Female-only (including Supernumerary),8006,8006
"National Institute of Technology, Rourkela","Mining Engineering (4 Years, Bachelor of Technology)",OS,OBC-NCL,Gender-Neutral,10611,12773
"National Institute of Technology, Rourkela","Mining Engineering (4 Years, Bachelor of Technology)",OS,OBC-NCL,Female-only (including Supernumerary),15165,15932
"National Institute of Technology, Rourkela","Mining Engineering (4 Years, Bachelor of Technology)",OS,SC,Gender-Neutral,5935,5969
"National Institute of Technology, Rourkela","Mining Engineering (4 Years, Bachelor of Technology)",OS,SC,Female-only (including Supernumerary),7101,7101
"National Institute of Technology, Rourkela","Mining Engineering (4 Years, Bachelor of Technology)",OS,ST,Gender-Neutral,2076,2076
"National Institute of Technology, Rourkela","Mining Engineering (5 Years, Bachelor and Master of Technology (Dual Degree))",HS,OPEN,Gender-Neutral,39054,43397
"National Institute of Technology, Rourkela","Mining Engineering (5 Years, Bachelor and Master of Technology (Dual Degree))",HS,OBC-NCL,Gender-Neutral,19581,19581
"National Institute of Technology, Rourkela","Mining Engineering (5 Years, Bachelor and Master of Technology (Dual Degree))",HS,OBC-NCL,Female-only (including Supernumerary),35880,35880
"National Institute of Technology, Rourkela","Mining Engineering (5 Years, Bachelor and Master of Technology (Dual Degree))",HS,SC,Gender-Neutral,10423,10423
"National Institute of Technology, Rourkela","Mining Engineering (5 Years, Bachelor and Master of Technology (Dual Degree))",HS,ST,Gender-Neutral,4409,4409
"National Institute of Technology, Rourkela","Mining Engineering (5 Years, Bachelor and Master of Technology (Dual Degree))",OS,OPEN,Gender-Neutral,30720,32461
"National Institute of Technology, Rourkela","Mining Engineering (5 Years, Bachelor and Master of Technology (Dual Degree))",OS,EWS,Gender-Neutral,6521,6521
"National Institute of Technology, Rourkela","Mining Engineering (5 Years, Bachelor and Master of Technology (Dual Degree))",OS,OBC-NCL,Female-only (including Supernumerary),19779,19779
"National Institute of Technology, Rourkela","Mining Engineering (5 Years, Bachelor and Master of Technology (Dual Degree))",OS,SC,Gender-Neutral,5775,5775
"National Institute of Technology, Rourkela","Mining Engineering (5 Years, Bachelor and Master of Technology (Dual Degree))",OS,ST,Gender-Neutral,2462,2462
"National Institute of Technology, Rourkela","Physics (5 Years, Integrated Master of Science)",HS,OPEN,Gender-Neutral,57931,67795
"National Institute of Technology, Rourkela","Physics (5 Years, Integrated Master of Science)",HS,OPEN,Female-only (including Supernumerary),73868,73868
"National Institute of Technology, Rourkela","Physics (5 Years, Integrated Master of Science)",HS,EWS,Gender-Neutral,18898,18898
"National Institute of Technology, Rourkela","Physics (5 Years, Integrated Master of Science)",HS,OBC-NCL,Gender-Neutral,22073,23236
"National Institute of Technology, Rourkela","Physics (5 Years, Integrated Master of Science)",HS,OBC-NCL,Female-only (including Supernumerary),36120,36120
"National Institute of Technology, Rourkela","Physics (5 Years, Integrated Master of Science)",HS,SC,Gender-Neutral,12055,15681
"National Institute of Technology, Rourkela","Physics (5 Years, Integrated Master of Science)",HS,ST,Gender-Neutral,4052,4052
"National Institute of Technology, Rourkela","Physics (5 Years, Integrated Master of Science)",OS,OPEN,Gender-Neutral,17440,22008
"National Institute of Technology, Rourkela","Physics (5 Years, Integrated Master of Science)",OS,OPEN,Female-only (including Supernumerary),33147,33147
"National Institute of Technology, Rourkela","Physics (5 Years, Integrated Master of Science)",OS,EWS,Gender-Neutral,5838,5838
"National Institute of Technology, Rourkela","Physics (5 Years, Integrated Master of Science)",OS,OBC-NCL,Gender-Neutral,6880,9176
"National Institute of Technology, Rourkela","Physics (5 Years, Integrated Master of Science)",OS,SC,Gender-Neutral,1277,1771
"National Institute of Technology, Rourkela","Physics (5 Years, Integrated Master of Science)",OS,ST,Gender-Neutral,1869,1869
"National Institute of Technology, Silchar","Civil Engineering (4 Years, Bachelor of Technology)",HS,OPEN,Gender-Neutral,25665,83711
"National Institute of Technology, Silchar","Civil Engineering (4 Years, Bachelor of Technology)",HS,OPEN,Female-only (including Supernumerary),37500,102786
"National Institute of Technology, Silchar","Civil Engineering (4 Years, Bachelor of Technology)",HS,OPEN (PwD),Gender-Neutral,685,685
"National Institute of Technology, Silchar","Civil Engineering (4 Years, Bachelor of Technology)",HS,EWS,Gender-Neutral,14840,17521
"National Institute of Technology, Silchar","Civil Engineering (4 Years, Bachelor of Technology)",HS,EWS,Female-only (including Supernumerary),17686,17686
"National Institute of Technology, Silchar","Civil Engineering (4 Years, Bachelor of Technology)",HS,OBC-NCL,Gender-Neutral,28731,49818
"National Institute of Technology, Silchar","Civil Engineering (4 Years, Bachelor of Technology)",HS,OBC-NCL,Female-only (including Supernumerary),50295,74407
"National Institute of Technology, Silchar","Civil Engineering (4 Years, Bachelor of Technology)",HS,OBC-NCL (PwD),Gender-Neutral,735,735
"National Institute of Technology, Silchar","Civil Engineering (4 Years, Bachelor of Technology)",HS,SC,Gender-Neutral,6721,13614
"National Institute of Technology, Silchar","Civil Engineering (4 Years, Bachelor of Technology)",HS,SC,Female-only (including Supernumerary),11003,14254
"National Institute of Technology, Silchar","Civil Engineering (4 Years, Bachelor of Technology)",HS,ST,Gender-Neutral,2011,3012
"National Institute of Technology, Silchar","Civil Engineering (4 Years, Bachelor of Technology)",HS,ST,Female-only (including Supernumerary),3024,3024
"National Institute of Technology, Silchar","Civil Engineering (4 Years, Bachelor of Technology)",OS,OPEN,Gender-Neutral,33067,42862
"National Institute of Technology, Silchar","Civil Engineering (4 Years, Bachelor of Technology)",OS,OPEN,Female-only (including Supernumerary),47132,52986
"National Institute of Technology, Silchar","Civil Engineering (4 Years, Bachelor of Technology)",OS,OPEN (PwD),Gender-Neutral,3048,3048
"National Institute of Technology, Silchar","Civil Engineering (4 Years, Bachelor of Technology)",OS,EWS,Gender-Neutral,6908,7150
"National Institute of Technology, Silchar","Civil Engineering (4 Years, Bachelor of Technology)",OS,EWS,Female-only (including Supernumerary),9318,9433
"National Institute of Technology, Silchar","Civil Engineering (4 Years, Bachelor of Technology)",OS,OBC-NCL,Gender-Neutral,12578,14305
"National Institute of Technology, Silchar","Civil Engineering (4 Years, Bachelor of Technology)",OS,OBC-NCL,Female-only (including Supernumerary),19861,20397
"National Institute of Technology, Silchar","Civil Engineering (4 Years, Bachelor of Technology)",OS,SC,Gender-Neutral,5999,7130
"National Institute of Technology, Silchar","Civil Engineering (4 Years, Bachelor of Technology)",OS,SC,Female-only (including Supernumerary),9770,10133
"National Institute of Technology, Silchar","Civil Engineering (4 Years, Bachelor of Technology)",OS,ST,Gender-Neutral,1750,2038
"National Institute of Technology, Silchar","Civil Engineering (4 Years, Bachelor of Technology)",OS,ST,Female-only (including Supernumerary),2222,2222
"National Institute of Technology, Silchar","Computer Science and Engineering (4 Years, Bachelor of Technology)",HS,OPEN,Gender-Neutral,6492,26246
"National Institute of Technology, Silchar","Computer Science and Engineering (4 Years, Bachelor of Technology)",HS,OPEN,Female-only (including Supernumerary),30006,39836
"National Institute of Technology, Silchar","Computer Science and Engineering (4 Years, Bachelor of Technology)",HS,OPEN (PwD),Gender-Neutral,325,325
"National Institute of Technology, Silchar","Computer Science and Engineering (4 Years, Bachelor of Technology)",HS,EWS,Gender-Neutral,4937,7075
"National Institute of Technology, Silchar","Computer Science and Engineering (4 Years, Bachelor of Technology)",HS,EWS,Female-only (including Supernumerary),6435,12329
"National Institute of Technology, Silchar","Computer Science and Engineering (4 Years, Bachelor of Technology)",HS,OBC-NCL,Gender-Neutral,8089,15380
"National Institute of Technology, Silchar","Computer Science and Engineering (4 Years, Bachelor of Technology)",HS,OBC-NCL,Female-only (including Supernumerary),21277,41348
"National Institute of Technology, Silchar","Computer Science and Engineering (4 Years, Bachelor of Technology)",HS,OBC-NCL (PwD),Gender-Neutral,521,676
"National Institute of Technology, Silchar","Computer Science and Engineering (4 Years, Bachelor of Technology)",HS,SC,Gender-Neutral,1197,3094
"National Institute of Technology, Silchar","Computer Science and Engineering (4 Years, Bachelor of Technology)",HS,SC,Female-only (including Supernumerary),7828,10088
"National Institute of Technology, Silchar","Computer Science and Engineering (4 Years, Bachelor of Technology)",HS,SC (PwD),Gender-Neutral,139,139
"National Institute of Technology, Silchar","Computer Science and Engineering (4 Years, Bachelor of Technology)",HS,ST,Gender-Neutral,373,1331
"National Institute of Technology, Silchar","Computer Science and Engineering (4 Years, Bachelor of Technology)",HS,ST,Female-only (including Supernumerary),2460,2460
"National Institute of Technology, Silchar","Computer Science and Engineering (4 Years, Bachelor of Technology)",OS,OPEN,Gender-Neutral,5736,11104
"National Institute of Technology, Silchar","Computer Science and Engineering (4 Years, Bachelor of Technology)",OS,OPEN,Female-only (including Supernumerary),11300,17856
"National Institute of Technology, Silchar","Computer Science and Engineering (4 Years, Bachelor of Technology)",OS,OPEN (PwD),Gender-Neutral,390,390
"National Institute of Technology, Silchar","Computer Science and Engineering (4 Years, Bachelor of Technology)",OS,EWS,Gender-Neutral,1626,1709
"National Institute of Technology, Silchar","Computer Science and Engineering (4 Years, Bachelor of Technology)",OS,EWS,Female-only (including Supernumerary),3195,3203
"National Institute of Technology, Silchar","Computer Science and Engineering (4 Years, Bachelor of Technology)",OS,EWS (PwD),Gender-Neutral,97,97
"National Institute of Technology, Silchar","Computer Science and Engineering (4 Years, Bachelor of Technology)",OS,OBC-NCL,Gender-Neutral,2704,3782
"National Institute of Technology, Silchar","Computer Science and Engineering (4 Years, Bachelor of Technology)",OS,OBC-NCL,Female-only (including Supernumerary),6788,8489
"National Institute of Technology, Silchar","Computer Science and Engineering (4 Years, Bachelor of Technology)",OS,OBC-NCL (PwD),Gender-Neutral,229,229
"National Institute of Technology, Silchar","Computer Science and Engineering (4 Years, Bachelor of Technology)",OS,SC,Gender-Neutral,1444,2425
"National Institute of Technology, Silchar","Computer Science and Engineering (4 Years, Bachelor of Technology)",OS,SC,Female-only (including Supernumerary),3840,3862
"National Institute of Technology, Silchar","Computer Science and Engineering (4 Years, Bachelor of Technology)",OS,SC (PwD),Female-only (including Supernumerary),276,276
"National Institute of Technology, Silchar","Computer Science and Engineering (4 Years, Bachelor of Technology)",OS,ST,Gender-Neutral,318,806
"National Institute of Technology, Silchar","Computer Science and Engineering (4 Years, Bachelor of Technology)",OS,ST,Female-only (including Supernumerary),1186,1186
"National Institute of Technology, Silchar","Electrical Engineering (4 Years, Bachelor of Technology)",HS,OPEN,Gender-Neutral,33991,60326
"National Institute of Technology, Silchar","Electrical Engineering (4 Years, Bachelor of Technology)",HS,OPEN,Female-only (including Supernumerary),60072,76071
"National Institute of Technology, Silchar","Electrical Engineering (4 Years, Bachelor of Technology)",HS,OPEN (PwD),Gender-Neutral,2566,2980
"National Institute of Technology, Silchar","Electrical Engineering (4 Years, Bachelor of Technology)",HS,EWS,Gender-Neutral,10414,11594
"National Institute of Technology, Silchar","Electrical Engineering (4 Years, Bachelor of Technology)",HS,EWS,Female-only (including Supernumerary),19039,19384
"National Institute of Technology, Silchar","Electrical Engineering (4 Years, Bachelor of Technology)",HS,OBC-NCL,Gender-Neutral,22680,37149
"National Institute of Technology, Silchar","Electrical Engineering (4 Years, Bachelor of Technology)",HS,OBC-NCL,Female-only (including Supernumerary),41851,60194
"National Institute of Technology, Silchar","Electrical Engineering (4 Years, Bachelor of Technology)",HS,SC,Gender-Neutral,3350,9836
"National Institute of Technology, Silchar","Electrical Engineering (4 Years, Bachelor of Technology)",HS,SC,Female-only (including Supernumerary),12622,12958
"National Institute of Technology, Silchar","Electrical Engineering (4 Years, Bachelor of Technology)",HS,ST,Gender-Neutral,1427,2197
"National Institute of Technology, Silchar","Electrical Engineering (4 Years, Bachelor of Technology)",HS,ST,Female-only (including Supernumerary),3429,3429
"National Institute of Technology, Silchar","Electrical Engineering (4 Years, Bachelor of Technology)",OS,OPEN,Gender-Neutral,19075,22590
"National Institute of Technology, Silchar","Electrical Engineering (4 Years, Bachelor of Technology)",OS,OPEN,Female-only (including Supernumerary),30561,35637
"National Institute of Technology, Silchar","Electrical Engineering (4 Years, Bachelor of Technology)",OS,OPEN (PwD),Gender-Neutral,1733,1733
"National Institute of Technology, Silchar","Electrical Engineering (4 Years, Bachelor of Technology)",OS,OPEN (PwD),Female-only (including Supernumerary),2542,2542
"National Institute of Technology, Silchar","Electrical Engineering (4 Years, Bachelor of Technology)",OS,EWS,Gender-Neutral,3508,3668
"National Institute of Technology, Silchar","Electrical Engineering (4 Years, Bachelor of Technology)",OS,EWS,Female-only (including Supernumerary),5840,6069
"National Institute of Technology, Silchar","Electrical Engineering (4 Years, Bachelor of Technology)",OS,OBC-NCL,Gender-Neutral,6169,8133
"National Institute of Technology, Silchar","Electrical Engineering (4 Years, Bachelor of Technology)",OS,OBC-NCL,Female-only (including Supernumerary),13966,14835
"National Institute of Technology, Silchar","Electrical Engineering (4 Years, Bachelor of Technology)",OS,OBC-NCL (PwD),Gender-Neutral,943,943
"National Institute of Technology, Silchar","Electrical Engineering (4 Years, Bachelor of Technology)",OS,SC,Gender-Neutral,3981,5298
"National Institute of Technology, Silchar","Electrical Engineering (4 Years, Bachelor of Technology)",OS,SC,Female-only (including Supernumerary),6263,6542
"National Institute of Technology, Silchar","Electrical Engineering (4 Years, Bachelor of Technology)",OS,ST,Gender-Neutral,1473,1805
"National Institute of Technology, Silchar","Electrical Engineering (4 Years, Bachelor of Technology)",OS,ST,Female-only (including Supernumerary),2364,2364
"National Institute of Technology, Silchar","Electronics and Communication Engineering (4 Years, Bachelor of Technology)",HS,OPEN,Gender-Neutral,26540,41297
"National Institute of Technology, Silchar","Electronics and Communication Engineering (4 Years, Bachelor of Technology)",HS,OPEN,Female-only (including Supernumerary),41560,57804
"National Institute of Technology, Silchar","Electronics and Communication Engineering (4 Years, Bachelor of Technology)",HS,EWS,Gender-Neutral,7131,7991
"National Institute of Technology, Silchar","Electronics and Communication Engineering (4 Years, Bachelor of Technology)",HS,EWS,Female-only (including Supernumerary),14039,17866
"National Institute of Technology, Silchar","Electronics and Communication Engineering (4 Years, Bachelor of Technology)",HS,OBC-NCL,Gender-Neutral,15953,22375
"National Institute of Technology, Silchar","Electronics and Communication Engineering (4 Years, Bachelor of Technology)",HS,OBC-NCL,Female-only (including Supernumerary),32424,46520
"National Institute of Technology, Silchar","Electronics and Communication Engineering (4 Years, Bachelor of Technology)",HS,SC,Gender-Neutral,3406,6107
"National Institute of Technology, Silchar","Electronics and Communication Engineering (4 Years, Bachelor of Technology)",HS,SC,Female-only (including Supernumerary),10440,12406
"National Institute of Technology, Silchar","Electronics and Communication Engineering (4 Years, Bachelor of Technology)",HS,ST,Gender-Neutral,1095,1371
"National Institute of Technology, Silchar","Electronics and Communication Engineering (4 Years, Bachelor of Technology)",HS,ST,Female-only (including Supernumerary),2208,2208
"National Institute of Technology, Silchar","Electronics and Communication Engineering (4 Years, Bachelor of Technology)",OS,OPEN,Gender-Neutral,12183,16051
"National Institute of Technology, Silchar","Electronics and Communication Engineering (4 Years, Bachelor of Technology)",OS,OPEN,Female-only (including Supernumerary),19580,25741
"National Institute of Technology, Silchar","Electronics and Communication Engineering (4 Years, Bachelor of Technology)",OS,OPEN (PwD),Gender-Neutral,493,493
"National Institute of Technology, Silchar","Electronics and Communication Engineering (4 Years, Bachelor of Technology)",OS,OPEN (PwD),Female-only (including Supernumerary),1208,1208
"National Institute of Technology, Silchar","Electronics and Communication Engineering (4 Years, Bachelor of Technology)",OS,EWS,Gender-Neutral,2414,2510
"National Institute of Technology, Silchar","Electronics and Communication Engineering (4 Years, Bachelor of Technology)",OS,EWS,Female-only (including Supernumerary),4139,4775
"National Institute of Technology, Silchar","Electronics and Communication Engineering (4 Years, Bachelor of Technology)",OS,EWS (PwD),Gender-Neutral,148,234
"National Institute of Technology, Silchar","Electronics and Communication Engineering (4 Years, Bachelor of Technology)",OS,OBC-NCL,Gender-Neutral,4306,5920
"National Institute of Technology, Silchar","Electronics and Communication Engineering (4 Years, Bachelor of Technology)",OS,OBC-NCL,Female-only (including Supernumerary),9250,10135
"National Institute of Technology, Silchar","Electronics and Communication Engineering (4 Years, Bachelor of Technology)",OS,OBC-NCL (PwD),Gender-Neutral,406,406
"National Institute of Technology, Silchar","Electronics and Communication Engineering (4 Years, Bachelor of Technology)",OS,SC,Gender-Neutral,3027,3931
"National Institute of Technology, Silchar","Electronics and Communication Engineering (4 Years, Bachelor of Technology)",OS,SC,Female-only (including Supernumerary),3786,6174
"National Institute of Technology, Silchar","Electronics and Communication Engineering (4 Years, Bachelor of Technology)",OS,ST,Gender-Neutral,808,1404
"National Institute of Technology, Silchar","Electronics and Communication Engineering (4 Years, Bachelor of Technology)",OS,ST,Female-only (including Supernumerary),1557,1557
"National Institute of Technology, Silchar","Electronics and Communication Engineering (4 Years, Bachelor of Technology)",OS,ST (PwD),Gender-Neutral,33,33
"National Institute of Technology, Silchar","Electronics and Instrumentation Engineering (4 Years, Bachelor of Technology)",HS,OPEN,Gender-Neutral,34588,50828
"National Institute of Technology, Silchar","Electronics and Instrumentation Engineering (4 Years, Bachelor of Technology)",HS,OPEN,Female-only (including Supernumerary),59443,71031
"National Institute of Technology, Silchar","Electronics and Instrumentation Engineering (4 Years, Bachelor of Technology)",HS,EWS,Gender-Neutral,8358,10133
"National Institute of Technology, Silchar","Electronics and Instrumentation Engineering (4 Years, Bachelor of Technology)",HS,EWS,Female-only (including Supernumerary),18602,18602
"National Institute of Technology, Silchar","Electronics and Instrumentation Engineering (4 Years, Bachelor of Technology)",HS,OBC-NCL,Gender-Neutral,22567,33187
"National Institute of Technology, Silchar","Electronics and Instrumentation Engineering (4 Years, Bachelor of Technology)",HS,OBC-NCL,Female-only (including Supernumerary),33975,55215
"National Institute of Technology, Silchar","Electronics and Instrumentation Engineering (4 Years, Bachelor of Technology)",HS,SC,Gender-Neutral,5517,6580
"National Institute of Technology, Silchar","Electronics and Instrumentation Engineering (4 Years, Bachelor of Technology)",HS,SC,Female-only (including Supernumerary),12300,12300
"National Institute of Technology, Silchar","Electronics and Instrumentation Engineering (4 Years, Bachelor of Technology)",HS,ST,Gender-Neutral,1768,2204
"National Institute of Technology, Silchar","Electronics and Instrumentation Engineering (4 Years, Bachelor of Technology)",HS,ST,Female-only (including Supernumerary),3887,3887
"National Institute of Technology, Silchar","Electronics and Instrumentation Engineering (4 Years, Bachelor of Technology)",OS,OPEN,Gender-Neutral,12753,21019
"National Institute of Technology, Silchar","Electronics and Instrumentation Engineering (4 Years, Bachelor of Technology)",OS,OPEN,Female-only (including Supernumerary),27237,32404
"National Institute of Technology, Silchar","Electronics and Instrumentation Engineering (4 Years, Bachelor of Technology)",OS,EWS,Gender-Neutral,3314,3386
"National Institute of Technology, Silchar","Electronics and Instrumentation Engineering (4 Years, Bachelor of Technology)",OS,EWS,Female-only (including Supernumerary),6201,6201
"National Institute of Technology, Silchar","Electronics and Instrumentation Engineering (4 Years, Bachelor of Technology)",OS,OBC-NCL,Gender-Neutral,6079,7744
"National Institute of Technology, Silchar","Electronics and Instrumentation Engineering (4 Years, Bachelor of Technology)",OS,OBC-NCL,Female-only (including Supernumerary),11750,14278
"National Institute of Technology, Silchar","Electronics and Instrumentation Engineering (4 Years, Bachelor of Technology)",OS,SC,Gender-Neutral,4415,4635
"National Institute of Technology, Silchar","Electronics and Instrumentation Engineering (4 Years, Bachelor of Technology)",OS,SC,Female-only (including Supernumerary),6219,6219
"National Institute of Technology, Silchar","Electronics and Instrumentation Engineering (4 Years, Bachelor of Technology)",OS,ST,Gender-Neutral,1786,2118
"National Institute of Technology, Silchar","Electronics and Instrumentation Engineering (4 Years, Bachelor of Technology)",OS,ST,Female-only (including Supernumerary),2300,2300
"National Institute of Technology, Silchar","Mechanical Engineering (4 Years, Bachelor of Technology)",HS,OPEN,Gender-Neutral,49948,71033
"National Institute of Technology, Silchar","Mechanical Engineering (4 Years, Bachelor of Technology)",HS,OPEN,Female-only (including Supernumerary),54213,91301
"National Institute of Technology, Silchar","Mechanical Engineering (4 Years, Bachelor of Technology)",HS,EWS,Gender-Neutral,11750,13399
"National Institute of Technology, Silchar","Mechanical Engineering (4 Years, Bachelor of Technology)",HS,EWS,Female-only (including Supernumerary),18752,19656
"National Institute of Technology, Silchar","Mechanical Engineering (4 Years, Bachelor of Technology)",HS,OBC-NCL,Gender-Neutral,23829,48118
"National Institute of Technology, Silchar","Mechanical Engineering (4 Years, Bachelor of Technology)",HS,OBC-NCL,Female-only (including Supernumerary),30905,77859
"National Institute of Technology, Silchar","Mechanical Engineering (4 Years, Bachelor of Technology)",HS,SC,Gender-Neutral,2711,12259
"National Institute of Technology, Silchar","Mechanical Engineering (4 Years, Bachelor of Technology)",HS,SC,Female-only (including Supernumerary),13290,13810
"National Institute of Technology, Silchar","Mechanical Engineering (4 Years, Bachelor of Technology)",HS,ST,Gender-Neutral,2522,3258
"National Institute of Technology, Silchar","Mechanical Engineering (4 Years, Bachelor of Technology)",HS,ST,Female-only (including Supernumerary),4274,4274
"National Institute of Technology, Silchar","Mechanical Engineering (4 Years, Bachelor of Technology)",OS,OPEN,Gender-Neutral,22243,29898
"National Institute of Technology, Silchar","Mechanical Engineering (4 Years, Bachelor of Technology)",OS,OPEN,Female-only (including Supernumerary),40969,46592
"National Institute of Technology, Silchar","Mechanical Engineering (4 Years, Bachelor of Technology)",OS,OPEN (PwD),Gender-Neutral,1779,1779
"National Institute of Technology, Silchar","Mechanical Engineering (4 Years, Bachelor of Technology)",OS,OPEN (PwD),Female-only (including Supernumerary),3276,3276
"National Institute of Technology, Silchar","Mechanical Engineering (4 Years, Bachelor of Technology)",OS,EWS,Gender-Neutral,4799,5457
"National Institute of Technology, Silchar","Mechanical Engineering (4 Years, Bachelor of Technology)",OS,EWS,Female-only (including Supernumerary),7874,7912
"National Institute of Technology, Silchar","Mechanical Engineering (4 Years, Bachelor of Technology)",OS,OBC-NCL,Gender-Neutral,8177,10540
"National Institute of Technology, Silchar","Mechanical Engineering (4 Years, Bachelor of Technology)",OS,OBC-NCL,Female-only (including Supernumerary),17509,19533
"National Institute of Technology, Silchar","Mechanical Engineering (4 Years, Bachelor of Technology)",OS,OBC-NCL (PwD),Gender-Neutral,920,1393
"National Institute of Technology, Silchar","Mechanical Engineering (4 Years, Bachelor of Technology)",OS,SC,Gender-Neutral,4881,5993
"National Institute of Technology, Silchar","Mechanical Engineering (4 Years, Bachelor of Technology)",OS,SC,Female-only (including Supernumerary),7457,9342
"National Institute of Technology, Silchar","Mechanical Engineering (4 Years, Bachelor of Technology)",OS,ST,Gender-Neutral,1991,2232
"National Institute of Technology, Silchar","Mechanical Engineering (4 Years, Bachelor of Technology)",OS,ST,Female-only (including Supernumerary),3192,3192
"National Institute of Technology, Srinagar","Chemical Engineering (4 Years, Bachelor of Technology)",JK,OPEN,Gender-Neutral,75874,113160
"National Institute of Technology, Srinagar","Chemical Engineering (4 Years, Bachelor of Technology)",JK,OPEN,Female-only (including Supernumerary),100839,137443
"National Institute of Technology, Srinagar","Chemical Engineering (4 Years, Bachelor of Technology)",JK,SC,Gender-Neutral,14867,29182
"National Institute of Technology, Srinagar","Chemical Engineering (4 Years, Bachelor of Technology)",JK,SC,Female-only (including Supernumerary),58707,76887
"National Institute of Technology, Srinagar","Chemical Engineering (4 Years, Bachelor of Technology)",JK,ST,Gender-Neutral,4527,7873
"National Institute of Technology, Srinagar","Chemical Engineering (4 Years, Bachelor of Technology)",LA,OPEN,Gender-Neutral,349784,349784
"National Institute of Technology, Srinagar","Chemical Engineering (4 Years, Bachelor of Technology)",OS,OPEN,Gender-Neutral,41898,50334
"National Institute of Technology, Srinagar","Chemical Engineering (4 Years, Bachelor of Technology)",OS,OPEN,Female-only (including Supernumerary),47392,58691
"National Institute of Technology, Srinagar","Chemical Engineering (4 Years, Bachelor of Technology)",OS,OPEN (PwD),Gender-Neutral,3694,3694
"National Institute of Technology, Srinagar","Chemical Engineering (4 Years, Bachelor of Technology)",OS,EWS,Gender-Neutral,8264,8429
"National Institute of Technology, Srinagar","Chemical Engineering (4 Years, Bachelor of Technology)",OS,EWS,Female-only (including Supernumerary),9633,9633
"National Institute of Technology, Srinagar","Chemical Engineering (4 Years, Bachelor of Technology)",OS,OBC-NCL,Gender-Neutral,14884,17144
"National Institute of Technology, Srinagar","Chemical Engineering (4 Years, Bachelor of Technology)",OS,OBC-NCL,Female-only (including Supernumerary),21213,22281
"National Institute of Technology, Srinagar","Chemical Engineering (4 Years, Bachelor of Technology)",OS,SC,Gender-Neutral,2995,8253
"National Institute of Technology, Srinagar","Chemical Engineering (4 Years, Bachelor of Technology)",OS,SC,Female-only (including Supernumerary),10611,10635
"National Institute of Technology, Srinagar","Chemical Engineering (4 Years, Bachelor of Technology)",OS,ST,Gender-Neutral,3007,3088
"National Institute of Technology, Srinagar","Chemical Engineering (4 Years, Bachelor of Technology)",OS,ST,Female-only (including Supernumerary),4497,4497
"National Institute of Technology, Srinagar","Civil Engineering (4 Years, Bachelor of Technology)",JK,OPEN,Gender-Neutral,31827,94832
"National Institute of Technology, Srinagar","Civil Engineering (4 Years, Bachelor of Technology)",JK,OPEN,Female-only (including Supernumerary),80405,125416
"National Institute of Technology, Srinagar","Civil Engineering (4 Years, Bachelor of Technology)",JK,OPEN (PwD),Gender-Neutral,2421,3224
"National Institute of Technology, Srinagar","Civil Engineering (4 Years, Bachelor of Technology)",JK,EWS,Gender-Neutral,36118,86607
"National Institute of Technology, Srinagar","Civil Engineering (4 Years, Bachelor of Technology)",JK,EWS,Female-only (including Supernumerary),38798,38798
"National Institute of Technology, Srinagar","Civil Engineering (4 Years, Bachelor of Technology)",JK,OBC-NCL,Gender-Neutral,58549,295468
"National Institute of Technology, Srinagar","Civil Engineering (4 Years, Bachelor of Technology)",JK,SC,Gender-Neutral,6131,26278
"National Institute of Technology, Srinagar","Civil Engineering (4 Years, Bachelor of Technology)",JK,SC,Female-only (including Supernumerary),26694,32911
"National Institute of Technology, Srinagar","Civil Engineering (4 Years, Bachelor of Technology)",JK,ST,Gender-Neutral,1647,4023
"National Institute of Technology, Srinagar","Civil Engineering (4 Years, Bachelor of Technology)",JK,ST,Female-only (including Supernumerary),14206,14206
"National Institute of Technology, Srinagar","Civil Engineering (4 Years, Bachelor of Technology)",LA,OPEN,Gender-Neutral,252507,252507
"National Institute of Technology, Srinagar","Civil Engineering (4 Years, Bachelor of Technology)",LA,OPEN,Female-only (including Supernumerary),266792,266792
"National Institute of Technology, Srinagar","Civil Engineering (4 Years, Bachelor of Technology)",OS,OPEN,Gender-Neutral,43628,53262
"National Institute of Technology, Srinagar","Civil Engineering (4 Years, Bachelor of Technology)",OS,OPEN,Female-only (including Supernumerary),61452,66518
"National Institute of Technology, Srinagar","Civil Engineering (4 Years, Bachelor of Technology)",OS,OPEN (PwD),Gender-Neutral,4326,4326
"National Institute of Technology, Srinagar","Civil Engineering (4 Years, Bachelor of Technology)",OS,EWS,Gender-Neutral,8642,8777
"National Institute of Technology, Srinagar","Civil Engineering (4 Years, Bachelor of Technology)",OS,EWS,Female-only (including Supernumerary),10876,10939
"National Institute of Technology, Srinagar","Civil Engineering (4 Years, Bachelor of Technology)",OS,OBC-NCL,Gender-Neutral,16128,17818
"National Institute of Technology, Srinagar","Civil Engineering (4 Years, Bachelor of Technology)",OS,OBC-NCL,Female-only (including Supernumerary),21240,23523
"National Institute of Technology, Srinagar","Civil Engineering (4 Years, Bachelor of Technology)",OS,SC,Gender-Neutral,6347,8100
"National Institute of Technology, Srinagar","Civil Engineering (4 Years, Bachelor of Technology)",OS,SC,Female-only (including Supernumerary),10852,11777
"National Institute of Technology, Srinagar","Civil Engineering (4 Years, Bachelor of Technology)",OS,ST,Gender-Neutral,1567,2648
"National Institute of Technology, Srinagar","Civil Engineering (4 Years, Bachelor of Technology)",OS,ST,Female-only (including Supernumerary),3963,3963
"National Institute of Technology, Srinagar","Computer Science and Engineering (4 Years, Bachelor of Technology)",JK,OPEN,Gender-Neutral,9106,30248
"National Institute of Technology, Srinagar","Computer Science and Engineering (4 Years, Bachelor of Technology)",JK,OPEN,Female-only (including Supernumerary),17975,34451
"National Institute of Technology, Srinagar","Computer Science and Engineering (4 Years, Bachelor of Technology)",JK,OPEN (PwD),Gender-Neutral,549,549
"National Institute of Technology, Srinagar","Computer Science and Engineering (4 Years, Bachelor of Technology)",JK,EWS,Gender-Neutral,6666,12613
"National Institute of Technology, Srinagar","Computer Science and Engineering (4 Years, Bachelor of Technology)",JK,EWS,Female-only (including Supernumerary),15337,15337
"National Institute of Technology, Srinagar","Computer Science and Engineering (4 Years, Bachelor of Technology)",JK,OBC-NCL,Gender-Neutral,13609,42105
"National Institute of Technology, Srinagar","Computer Science and Engineering (4 Years, Bachelor of Technology)",JK,OBC-NCL,Female-only (including Supernumerary),73424,136454
"National Institute of Technology, Srinagar","Computer Science and Engineering (4 Years, Bachelor of Technology)",JK,SC,Gender-Neutral,6048,9094
"National Institute of Technology, Srinagar","Computer Science and Engineering (4 Years, Bachelor of Technology)",JK,SC,Female-only (including Supernumerary),8015,8015
"National Institute of Technology, Srinagar","Computer Science and Engineering (4 Years, Bachelor of Technology)",JK,ST,Gender-Neutral,1934,3240
"National Institute of Technology, Srinagar","Computer Science and Engineering (4 Years, Bachelor of Technology)",JK,ST,Female-only (including Supernumerary),6857,6857
"National Institute of Technology, Srinagar","Computer Science and Engineering (4 Years, Bachelor of Technology)",LA,OPEN,Gender-Neutral,162986,162986
"National Institute of Technology, Srinagar","Computer Science and Engineering (4 Years, Bachelor of Technology)",OS,OPEN,Gender-Neutral,12751,21355
"National Institute of Technology, Srinagar","Computer Science and Engineering (4 Years, Bachelor of Technology)",OS,OPEN,Female-only (including Supernumerary),24950,34478
"National Institute of Technology, Srinagar","Computer Science and Engineering (4 Years, Bachelor of Technology)",OS,OPEN (PwD),Gender-Neutral,543,543
"National Institute of Technology, Srinagar","Computer Science and Engineering (4 Years, Bachelor of Technology)",OS,EWS,Gender-Neutral,3481,3485
"National Institute of Technology, Srinagar","Computer Science and Engineering (4 Years, Bachelor of Technology)",OS,EWS,Female-only (including Supernumerary),5546,5546
"National Institute of Technology, Srinagar","Computer Science and Engineering (4 Years, Bachelor of Technology)",OS,OBC-NCL,Gender-Neutral,6588,7130
"National Institute of Technology, Srinagar","Computer Science and Engineering (4 Years, Bachelor of Technology)",OS,OBC-NCL,Female-only (including Supernumerary),12251,12735
"National Institute of Technology, Srinagar","Computer Science and Engineering (4 Years, Bachelor of Technology)",OS,OBC-NCL (PwD),Gender-Neutral,415,415
"National Institute of Technology, Srinagar","Computer Science and Engineering (4 Years, Bachelor of Technology)",OS,SC,Gender-Neutral,3164,3702
"National Institute of Technology, Srinagar","Computer Science and Engineering (4 Years, Bachelor of Technology)",OS,SC,Female-only (including Supernumerary),5762,5782
"National Institute of Technology, Srinagar","Computer Science and Engineering (4 Years, Bachelor of Technology)",OS,ST,Gender-Neutral,1083,1630
"National Institute of Technology, Srinagar","Electrical Engineering (4 Years, Bachelor of Technology)",JK,OPEN,Gender-Neutral,39919,68150
"National Institute of Technology, Srinagar","Electrical Engineering (4 Years, Bachelor of Technology)",JK,OPEN,Female-only (including Supernumerary),82369,114629
"National Institute of Technology, Srinagar","Electrical Engineering (4 Years, Bachelor of Technology)",JK,OPEN (PwD),Gender-Neutral,3145,3145
"National Institute of Technology, Srinagar","Electrical Engineering (4 Years, Bachelor of Technology)",JK,EWS,Gender-Neutral,78238,79879
"National Institute of Technology, Srinagar","Electrical Engineering (4 Years, Bachelor of Technology)",JK,SC,Gender-Neutral,17441,22882
"National Institute of Technology, Srinagar","Electrical Engineering (4 Years, Bachelor of Technology)",JK,SC,Female-only (including Supernumerary),18558,24398
"National Institute of Technology, Srinagar","Electrical Engineering (4 Years, Bachelor of Technology)",JK,ST,Gender-Neutral,5178,6383
"National Institute of Technology, Srinagar","Electrical Engineering (4 Years, Bachelor of Technology)",JK,ST,Female-only (including Supernumerary),3265,3265
"National Institute of Technology, Srinagar","Electrical Engineering (4 Years, Bachelor of Technology)",LA,OPEN,Gender-Neutral,248474,248474
"National Institute of Technology, Srinagar","Electrical Engineering (4 Years, Bachelor of Technology)",LA,OPEN,Female-only (including Supernumerary),377420,377420
"National Institute of Technology, Srinagar","Electrical Engineering (4 Years, Bachelor of Technology)",OS,OPEN,Gender-Neutral,25605,39615
"National Institute of Technology, Srinagar","Electrical Engineering (4 Years, Bachelor of Technology)",OS,OPEN,Female-only (including Supernumerary),37159,48828
"National Institute of Technology, Srinagar","Electrical Engineering (4 Years, Bachelor of Technology)",OS,OPEN (PwD),Gender-Neutral,2384,2811
"National Institute of Technology, Srinagar","Electrical Engineering (4 Years, Bachelor of Technology)",OS,EWS,Gender-Neutral,6346,6576
"National Institute of Technology, Srinagar","Electrical Engineering (4 Years, Bachelor of Technology)",OS,EWS,Female-only (including Supernumerary),8965,8965
"National Institute of Technology, Srinagar","Electrical Engineering (4 Years, Bachelor of Technology)",OS,OBC-NCL,Gender-Neutral,12148,13414
"National Institute of Technology, Srinagar","Electrical Engineering (4 Years, Bachelor of Technology)",OS,OBC-NCL,Female-only (including Supernumerary),17933,18270
"National Institute of Technology, Srinagar","Electrical Engineering (4 Years, Bachelor of Technology)",OS,OBC-NCL (PwD),Gender-Neutral,1454,1454
"National Institute of Technology, Srinagar","Electrical Engineering (4 Years, Bachelor of Technology)",OS,SC,Gender-Neutral,5181,6221
"National Institute of Technology, Srinagar","Electrical Engineering (4 Years, Bachelor of Technology)",OS,SC,Female-only (including Supernumerary),8660,9203
"National Institute of Technology, Srinagar","Electrical Engineering (4 Years, Bachelor of Technology)",OS,ST,Gender-Neutral,2468,2473
"National Institute of Technology, Srinagar","Electrical Engineering (4 Years, Bachelor of Technology)",OS,ST,Female-only (including Supernumerary),4144,4144
"National Institute of Technology, Srinagar","Electronics and Communication Engineering (4 Years, Bachelor of Technology)",JK,OPEN,Gender-Neutral,39879,52524
"National Institute of Technology, Srinagar","Electronics and Communication Engineering (4 Years, Bachelor of Technology)",JK,OPEN,Female-only (including Supernumerary),58543,77972
"National Institute of Technology, Srinagar","Electronics and Communication Engineering (4 Years, Bachelor of Technology)",JK,OPEN (PwD),Gender-Neutral,2860,2860
"National Institute of Technology, Srinagar","Electronics and Communication Engineering (4 Years, Bachelor of Technology)",JK,EWS,Gender-Neutral,36904,62342
"National Institute of Technology, Srinagar","Electronics and Communication Engineering (4 Years, Bachelor of Technology)",JK,OBC-NCL,Gender-Neutral,38885,437563
"National Institute of Technology, Srinagar","Electronics and Communication Engineering (4 Years, Bachelor of Technology)",JK,OBC-NCL,Female-only (including Supernumerary),332267,332267
"National Institute of Technology, Srinagar","Electronics and Communication Engineering (4 Years, Bachelor of Technology)",JK,SC,Gender-Neutral,13712,16732
"National Institute of Technology, Srinagar","Electronics and Communication Engineering (4 Years, Bachelor of Technology)",JK,SC,Female-only (including Supernumerary),23581,30121
"National Institute of Technology, Srinagar","Electronics and Communication Engineering (4 Years, Bachelor of Technology)",JK,ST,Gender-Neutral,5087,6277
"National Institute of Technology, Srinagar","Electronics and Communication Engineering (4 Years, Bachelor of Technology)",JK,ST,Female-only (including Supernumerary),20780,20780
"National Institute of Technology, Srinagar","Electronics and Communication Engineering (4 Years, Bachelor of Technology)",LA,OPEN,Gender-Neutral,328365,328365
"National Institute of Technology, Srinagar","Electronics and Communication Engineering (4 Years, Bachelor of Technology)",LA,OPEN,Female-only (including Supernumerary),383654,383654
"National Institute of Technology, Srinagar","Electronics and Communication Engineering (4 Years, Bachelor of Technology)",OS,OPEN,Gender-Neutral,19249,31981
"National Institute of Technology, Srinagar","Electronics and Communication Engineering (4 Years, Bachelor of Technology)",OS,OPEN,Female-only (including Supernumerary),41464,42614
"National Institute of Technology, Srinagar","Electronics and Communication Engineering (4 Years, Bachelor of Technology)",OS,OPEN (PwD),Gender-Neutral,2145,2145
"National Institute of Technology, Srinagar","Electronics and Communication Engineering (4 Years, Bachelor of Technology)",OS,EWS,Gender-Neutral,5180,5355
"National Institute of Technology, Srinagar","Electronics and Communication Engineering (4 Years, Bachelor of Technology)",OS,EWS,Female-only (including Supernumerary),7026,7026
"National Institute of Technology, Srinagar","Electronics and Communication Engineering (4 Years, Bachelor of Technology)",OS,OBC-NCL,Gender-Neutral,9925,11331
"National Institute of Technology, Srinagar","Electronics and Communication Engineering (4 Years, Bachelor of Technology)",OS,OBC-NCL,Female-only (including Supernumerary),16141,17677
"National Institute of Technology, Srinagar","Electronics and Communication Engineering (4 Years, Bachelor of Technology)",OS,OBC-NCL (PwD),Gender-Neutral,1321,1321
"National Institute of Technology, Srinagar","Electronics and Communication Engineering (4 Years, Bachelor of Technology)",OS,SC,Gender-Neutral,4936,5436
"National Institute of Technology, Srinagar","Electronics and Communication Engineering (4 Years, Bachelor of Technology)",OS,SC,Female-only (including Supernumerary),8065,8219
"National Institute of Technology, Srinagar","Electronics and Communication Engineering (4 Years, Bachelor of Technology)",OS,ST,Gender-Neutral,1923,2322
"National Institute of Technology, Srinagar","Electronics and Communication Engineering (4 Years, Bachelor of Technology)",OS,ST,Female-only (including Supernumerary),3205,3205
"National Institute of Technology, Srinagar","Information Technology (4 Years, Bachelor of Technology)",JK,OPEN,Gender-Neutral,32428,39688
"National Institute of Technology, Srinagar","Information Technology (4 Years, Bachelor of Technology)",JK,OPEN,Female-only (including Supernumerary),49390,71557
"National Institute of Technology, Srinagar","Information Technology (4 Years, Bachelor of Technology)",JK,OPEN (PwD),Gender-Neutral,1809,1809
"National Institute of Technology, Srinagar","Information Technology (4 Years, Bachelor of Technology)",JK,EWS,Gender-Neutral,19715,41203
"National Institute of Technology, Srinagar","Information Technology (4 Years, Bachelor of Technology)",JK,OBC-NCL,Gender-Neutral,43934,220082
"National Institute of Technology, Srinagar","Information Technology (4 Years, Bachelor of Technology)",JK,OBC-NCL,Female-only (including Supernumerary),112797,322491
"National Institute of Technology, Srinagar","Information Technology (4 Years, Bachelor of Technology)",JK,SC,Gender-Neutral,9408,13526
"National Institute of Technology, Srinagar","Information Technology (4 Years, Bachelor of Technology)",JK,SC,Female-only (including Supernumerary),11932,11932
"National Institute of Technology, Srinagar","Information Technology (4 Years, Bachelor of Technology)",JK,ST,Gender-Neutral,4275,4528
"National Institute of Technology, Srinagar","Information Technology (4 Years, Bachelor of Technology)",JK,ST,Female-only (including Supernumerary),9005,9005
"National Institute of Technology, Srinagar","Information Technology (4 Years, Bachelor of Technology)",LA,OPEN,Gender-Neutral,210829,210829
"National Institute of Technology, Srinagar","Information Technology (4 Years, Bachelor of Technology)",OS,OPEN,Gender-Neutral,22938,25684
"National Institute of Technology, Srinagar","Information Technology (4 Years, Bachelor of Technology)",OS,OPEN,Female-only (including Supernumerary),37177,37844
"National Institute of Technology, Srinagar","Information Technology (4 Years, Bachelor of Technology)",OS,OPEN (PwD),Gender-Neutral,865,865
"National Institute of Technology, Srinagar","Information Technology (4 Years, Bachelor of Technology)",OS,EWS,Gender-Neutral,4162,4222
"National Institute of Technology, Srinagar","Information Technology (4 Years, Bachelor of Technology)",OS,EWS,Female-only (including Supernumerary),6789,6789
"National Institute of Technology, Srinagar","Information Technology (4 Years, Bachelor of Technology)",OS,OBC-NCL,Gender-Neutral,7156,9167
"National Institute of Technology, Srinagar","Information Technology (4 Years, Bachelor of Technology)",OS,OBC-NCL,Female-only (including Supernumerary),10691,13694
"National Institute of Technology, Srinagar","Information Technology (4 Years, Bachelor of Technology)",OS,SC,Gender-Neutral,4004,4843
"National Institute of Technology, Srinagar","Information Technology (4 Years, Bachelor of Technology)",OS,SC,Female-only (including Supernumerary),6540,6905
"National Institute of Technology, Srinagar","Information Technology (4 Years, Bachelor of Technology)",OS,ST,Gender-Neutral,1745,2261
"National Institute of Technology, Srinagar","Information Technology (4 Years, Bachelor of Technology)",OS,ST,Female-only (including Supernumerary),2486,2486
"National Institute of Technology, Srinagar","Mechanical Engineering (4 Years, Bachelor of Technology)",JK,OPEN,Gender-Neutral,56935,83513
"National Institute of Technology, Srinagar","Mechanical Engineering (4 Years, Bachelor of Technology)",JK,OPEN,Female-only (including Supernumerary),116427,122218
"National Institute of Technology, Srinagar","Mechanical Engineering (4 Years, Bachelor of Technology)",JK,OPEN (PwD),Gender-Neutral,1808,1808
"National Institute of Technology, Srinagar","Mechanical Engineering (4 Years, Bachelor of Technology)",JK,EWS,Gender-Neutral,69126,100279
"National Institute of Technology, Srinagar","Mechanical Engineering (4 Years, Bachelor of Technology)",JK,OBC-NCL,Gender-Neutral,49600,249274
"National Institute of Technology, Srinagar","Mechanical Engineering (4 Years, Bachelor of Technology)",JK,SC,Gender-Neutral,17498,27315
"National Institute of Technology, Srinagar","Mechanical Engineering (4 Years, Bachelor of Technology)",JK,SC,Female-only (including Supernumerary),40216,75014
"National Institute of Technology, Srinagar","Mechanical Engineering (4 Years, Bachelor of Technology)",JK,ST,Gender-Neutral,5650,6550
"National Institute of Technology, Srinagar","Mechanical Engineering (4 Years, Bachelor of Technology)",LA,OPEN,Gender-Neutral,304164,304164
"National Institute of Technology, Srinagar","Mechanical Engineering (4 Years, Bachelor of Technology)",LA,OPEN,Female-only (including Supernumerary),388057,388057
"National Institute of Technology, Srinagar","Mechanical Engineering (4 Years, Bachelor of Technology)",OS,OPEN,Gender-Neutral,39994,45149
"National Institute of Technology, Srinagar","Mechanical Engineering (4 Years, Bachelor of Technology)",OS,OPEN,Female-only (including Supernumerary),54765,57854
"National Institute of Technology, Srinagar","Mechanical Engineering (4 Years, Bachelor of Technology)",OS,OPEN (PwD),Gender-Neutral,3181,3181
"National Institute of Technology, Srinagar","Mechanical Engineering (4 Years, Bachelor of Technology)",OS,EWS,Gender-Neutral,7277,7821
"National Institute of Technology, Srinagar","Mechanical Engineering (4 Years, Bachelor of Technology)",OS,EWS,Female-only (including Supernumerary),9560,9560
"National Institute of Technology, Srinagar","Mechanical Engineering (4 Years, Bachelor of Technology)",OS,OBC-NCL,Gender-Neutral,13196,15162
"National Institute of Technology, Srinagar","Mechanical Engineering (4 Years, Bachelor of Technology)",OS,OBC-NCL,Female-only (including Supernumerary),19406,20641
"National Institute of Technology, Srinagar","Mechanical Engineering (4 Years, Bachelor of Technology)",OS,SC,Gender-Neutral,6677,7579
"National Institute of Technology, Srinagar","Mechanical Engineering (4 Years, Bachelor of Technology)",OS,SC,Female-only (including Supernumerary),10737,11334
"National Institute of Technology, Srinagar","Mechanical Engineering (4 Years, Bachelor of Technology)",OS,ST,Gender-Neutral,2686,2707
"National Institute of Technology, Srinagar","Mechanical Engineering (4 Years, Bachelor of Technology)",OS,ST,Female-only (including Supernumerary),4491,4491
"National Institute of Technology, Srinagar","Metallurgical and Materials Engineering (4 Years, Bachelor of Technology)",JK,OPEN,Gender-Neutral,102741,127633
"National Institute of Technology, Srinagar","Metallurgical and Materials Engineering (4 Years, Bachelor of Technology)",JK,OPEN,Female-only (including Supernumerary),142540,158691
"National Institute of Technology, Srinagar","Metallurgical and Materials Engineering (4 Years, Bachelor of Technology)",JK,SC,Gender-Neutral,29203,34703
"National Institute of Technology, Srinagar","Metallurgical and Materials Engineering (4 Years, Bachelor of Technology)",JK,SC,Female-only (including Supernumerary),128053,128053
"National Institute of Technology, Srinagar","Metallurgical and Materials Engineering (4 Years, Bachelor of Technology)",JK,ST,Gender-Neutral,7916,8631
"National Institute of Technology, Srinagar","Metallurgical and Materials Engineering (4 Years, Bachelor of Technology)",LA,OPEN,Gender-Neutral,367592,367592
"National Institute of Technology, Srinagar","Metallurgical and Materials Engineering (4 Years, Bachelor of Technology)",OS,OPEN,Gender-Neutral,44051,54425
"National Institute of Technology, Srinagar","Metallurgical and Materials Engineering (4 Years, Bachelor of Technology)",OS,OPEN,Female-only (including Supernumerary),62417,66468
"National Institute of Technology, Srinagar","Metallurgical and Materials Engineering (4 Years, Bachelor of Technology)",OS,OPEN (PwD),Gender-Neutral,2928,2928
"National Institute of Technology, Srinagar","Metallurgical and Materials Engineering (4 Years, Bachelor of Technology)",OS,EWS,Gender-Neutral,8847,9105
"National Institute of Technology, Srinagar","Metallurgical and Materials Engineering (4 Years, Bachelor of Technology)",OS,EWS,Female-only (including Supernumerary),10880,10880
"National Institute of Technology, Srinagar","Metallurgical and Materials Engineering (4 Years, Bachelor of Technology)",OS,OBC-NCL,Gender-Neutral,16916,18138
"National Institute of Technology, Srinagar","Metallurgical and Materials Engineering (4 Years, Bachelor of Technology)",OS,OBC-NCL,Female-only (including Supernumerary),24089,24564
"National Institute of Technology, Srinagar","Metallurgical and Materials Engineering (4 Years, Bachelor of Technology)",OS,OBC-NCL (PwD),Gender-Neutral,1581,1581
"National Institute of Technology, Srinagar","Metallurgical and Materials Engineering (4 Years, Bachelor of Technology)",OS,SC,Gender-Neutral,8715,9124
"National Institute of Technology, Srinagar","Metallurgical and Materials Engineering (4 Years, Bachelor of Technology)",OS,SC,Female-only (including Supernumerary),11990,12021
"National Institute of Technology, Srinagar","Metallurgical and Materials Engineering (4 Years, Bachelor of Technology)",OS,ST,Gender-Neutral,2961,3556
"National Institute of Technology, Srinagar","Metallurgical and Materials Engineering (4 Years, Bachelor of Technology)",OS,ST,Female-only (including Supernumerary),4136,4136
"National Institute of Technology, Tiruchirappalli","Architecture (5 Years, Bachelor of Architecture)",HS,OPEN,Gender-Neutral,2,486
"National Institute of Technology, Tiruchirappalli","Architecture (5 Years, Bachelor of Architecture)",HS,OPEN,Female-only (including Supernumerary),49,50
"National Institute of Technology, Tiruchirappalli","Architecture (5 Years, Bachelor of Architecture)",HS,OPEN (PwD),Gender-Neutral,115,115
"National Institute of Technology, Tiruchirappalli","Architecture (5 Years, Bachelor of Architecture)",HS,EWS,Gender-Neutral,1767,1802
"National Institute of Technology, Tiruchirappalli","Architecture (5 Years, Bachelor of Architecture)",HS,EWS,Female-only (including Supernumerary),1113,1113
"National Institute of Technology, Tiruchirappalli","Architecture (5 Years, Bachelor of Architecture)",HS,OBC-NCL,Gender-Neutral,144,311
"National Institute of Technology, Tiruchirappalli","Architecture (5 Years, Bachelor of Architecture)",HS,OBC-NCL,Female-only (including Supernumerary),169,300
"National Institute of Technology, Tiruchirappalli","Architecture (5 Years, Bachelor of Architecture)",HS,SC,Gender-Neutral,186,299
"National Institute of Technology, Tiruchirappalli","Architecture (5 Years, Bachelor of Architecture)",HS,SC,Female-only (including Supernumerary),17,17
"National Institute of Technology, Tiruchirappalli","Architecture (5 Years, Bachelor of Architecture)",HS,ST,Gender-Neutral,302,492
"National Institute of Technology, Tiruchirappalli","Architecture (5 Years, Bachelor of Architecture)",OS,OPEN,Gender-Neutral,29,404
"National Institute of Technology, Tiruchirappalli","Architecture (5 Years, Bachelor of Architecture)",OS,OPEN,Female-only (including Supernumerary),240,240
"National Institute of Technology, Tiruchirappalli","Architecture (5 Years, Bachelor of Architecture)",OS,OPEN (PwD),Female-only (including Supernumerary),23,23
"National Institute of Technology, Tiruchirappalli","Architecture (5 Years, Bachelor of Architecture)",OS,EWS,Gender-Neutral,59,102
"National Institute of Technology, Tiruchirappalli","Architecture (5 Years, Bachelor of Architecture)",OS,OBC-NCL,Gender-Neutral,156,168
"National Institute of Technology, Tiruchirappalli","Architecture (5 Years, Bachelor of Architecture)",OS,OBC-NCL,Female-only (including Supernumerary),152,152
"National Institute of Technology, Tiruchirappalli","Architecture (5 Years, Bachelor of Architecture)",OS,SC,Gender-Neutral,16,50
"National Institute of Technology, Tiruchirappalli","Architecture (5 Years, Bachelor of Architecture)",OS,SC,Female-only (including Supernumerary),84,84
"National Institute of Technology, Tiruchirappalli","Architecture (5 Years, Bachelor of Architecture)",OS,ST,Gender-Neutral,41,41
"National Institute of Technology, Tiruchirappalli","Architecture (5 Years, Bachelor of Architecture)",OS,ST,Female-only (including Supernumerary),39,39
"National Institute of Technology, Tiruchirappalli","Chemical Engineering (4 Years, Bachelor of Technology)",HS,OPEN,Gender-Neutral,12770,20540
"National Institute of Technology, Tiruchirappalli","Chemical Engineering (4 Years, Bachelor of Technology)",HS,OPEN,Female-only (including Supernumerary),9835,25656
"National Institute of Technology, Tiruchirappalli","Chemical Engineering (4 Years, Bachelor of Technology)",HS,EWS,Gender-Neutral,11147,15371
"National Institute of Technology, Tiruchirappalli","Chemical Engineering (4 Years, Bachelor of Technology)",HS,EWS,Female-only (including Supernumerary),14569,14569
"National Institute of Technology, Tiruchirappalli","Chemical Engineering (4 Years, Bachelor of Technology)",HS,OBC-NCL,Gender-Neutral,5335,6325
"National Institute of Technology, Tiruchirappalli","Chemical Engineering (4 Years, Bachelor of Technology)",HS,OBC-NCL,Female-only (including Supernumerary),6830,8169
"National Institute of Technology, Tiruchirappalli","Chemical Engineering (4 Years, Bachelor of Technology)",HS,OBC-NCL (PwD),Gender-Neutral,451,451
"National Institute of Technology, Tiruchirappalli","Chemical Engineering (4 Years, Bachelor of Technology)",HS,SC,Gender-Neutral,3158,4376
"National Institute of Technology, Tiruchirappalli","Chemical Engineering (4 Years, Bachelor of Technology)",HS,SC,Female-only (including Supernumerary),3808,3808
"National Institute of Technology, Tiruchirappalli","Chemical Engineering (4 Years, Bachelor of Technology)",HS,ST,Gender-Neutral,2903,6910
"National Institute of Technology, Tiruchirappalli","Chemical Engineering (4 Years, Bachelor of Technology)",HS,ST,Female-only (including Supernumerary),5802,5802
"National Institute of Technology, Tiruchirappalli","Chemical Engineering (4 Years, Bachelor of Technology)",OS,OPEN,Gender-Neutral,7175,12844
"National Institute of Technology, Tiruchirappalli","Chemical Engineering (4 Years, Bachelor of Technology)",OS,OPEN,Female-only (including Supernumerary),13588,15180
"National Institute of Technology, Tiruchirappalli","Chemical Engineering (4 Years, Bachelor of Technology)",OS,OPEN (PwD),Gender-Neutral,689,689
"National Institute of Technology, Tiruchirappalli","Chemical Engineering (4 Years, Bachelor of Technology)",OS,EWS,Gender-Neutral,2259,2493
"National Institute of Technology, Tiruchirappalli","Chemical Engineering (4 Years, Bachelor of Technology)",OS,EWS,Female-only (including Supernumerary),3625,3625
"National Institute of Technology, Tiruchirappalli","Chemical Engineering (4 Years, Bachelor of Technology)",OS,OBC-NCL,Gender-Neutral,4892,5446
"National Institute of Technology, Tiruchirappalli","Chemical Engineering (4 Years, Bachelor of Technology)",OS,OBC-NCL,Female-only (including Supernumerary),6386,6386
"National Institute of Technology, Tiruchirappalli","Chemical Engineering (4 Years, Bachelor of Technology)",OS,OBC-NCL (PwD),Female-only (including Supernumerary),576,576
"National Institute of Technology, Tiruchirappalli","Chemical Engineering (4 Years, Bachelor of Technology)",OS,SC,Gender-Neutral,2686,3666
"National Institute of Technology, Tiruchirappalli","Chemical Engineering (4 Years, Bachelor of Technology)",OS,SC,Female-only (including Supernumerary),3485,3485
"National Institute of Technology, Tiruchirappalli","Chemical Engineering (4 Years, Bachelor of Technology)",OS,ST,Gender-Neutral,815,1001
"National Institute of Technology, Tiruchirappalli","Chemical Engineering (4 Years, Bachelor of Technology)",OS,ST (PwD),Gender-Neutral,87,87
"National Institute of Technology, Tiruchirappalli","Civil Engineering (4 Years, Bachelor of Technology)",HS,OPEN,Gender-Neutral,19131,34944
"National Institute of Technology, Tiruchirappalli","Civil Engineering (4 Years, Bachelor of Technology)",HS,OPEN,Female-only (including Supernumerary),26597,42628
"National Institute of Technology, Tiruchirappalli","Civil Engineering (4 Years, Bachelor of Technology)",HS,EWS,Gender-Neutral,15751,31894
"National Institute of Technology, Tiruchirappalli","Civil Engineering (4 Years, Bachelor of Technology)",HS,EWS,Female-only (including Supernumerary),26143,26143
"National Institute of Technology, Tiruchirappalli","Civil Engineering (4 Years, Bachelor of Technology)",HS,OBC-NCL,Gender-Neutral,10090,11519
"National Institute of Technology, Tiruchirappalli","Civil Engineering (4 Years, Bachelor of Technology)",HS,OBC-NCL,Female-only (including Supernumerary),12379,12876
"National Institute of Technology, Tiruchirappalli","Civil Engineering (4 Years, Bachelor of Technology)",HS,OBC-NCL (PwD),Gender-Neutral,486,486
"National Institute of Technology, Tiruchirappalli","Civil Engineering (4 Years, Bachelor of Technology)",HS,OBC-NCL (PwD),Female-only (including Supernumerary),685,685
"National Institute of Technology, Tiruchirappalli","Civil Engineering (4 Years, Bachelor of Technology)",HS,SC,Gender-Neutral,3622,4957
"National Institute of Technology, Tiruchirappalli","Civil Engineering (4 Years, Bachelor of Technology)",HS,SC,Female-only (including Supernumerary),3234,4154
"National Institute of Technology, Tiruchirappalli","Civil Engineering (4 Years, Bachelor of Technology)",HS,SC (PwD),Gender-Neutral,353,353
"National Institute of Technology, Tiruchirappalli","Civil Engineering (4 Years, Bachelor of Technology)",HS,ST,Gender-Neutral,6880,8901
"National Institute of Technology, Tiruchirappalli","Civil Engineering (4 Years, Bachelor of Technology)",HS,ST,Female-only (including Supernumerary),1851,1851
"National Institute of Technology, Tiruchirappalli","Civil Engineering (4 Years, Bachelor of Technology)",OS,OPEN,Gender-Neutral,6660,16190
"National Institute of Technology, Tiruchirappalli","Civil Engineering (4 Years, Bachelor of Technology)",OS,OPEN,Female-only (including Supernumerary),20469,27405
"National Institute of Technology, Tiruchirappalli","Civil Engineering (4 Years, Bachelor of Technology)",OS,OPEN (PwD),Gender-Neutral,118,118
"National Institute of Technology, Tiruchirappalli","Civil Engineering (4 Years, Bachelor of Technology)",OS,EWS,Gender-Neutral,2552,3096
"National Institute of Technology, Tiruchirappalli","Civil Engineering (4 Years, Bachelor of Technology)",OS,EWS,Female-only (including Supernumerary),4696,4696
"National Institute of Technology, Tiruchirappalli","Civil Engineering (4 Years, Bachelor of Technology)",OS,EWS (PwD),Gender-Neutral,342,342
"National Institute of Technology, Tiruchirappalli","Civil Engineering (4 Years, Bachelor of Technology)",OS,OBC-NCL,Gender-Neutral,5137,6620
"National Institute of Technology, Tiruchirappalli","Civil Engineering (4 Years, Bachelor of Technology)",OS,OBC-NCL,Female-only (including Supernumerary),10303,11034
"National Institute of Technology, Tiruchirappalli","Civil Engineering (4 Years, Bachelor of Technology)",OS,OBC-NCL (PwD),Gender-Neutral,436,436
"National Institute of Technology, Tiruchirappalli","Civil Engineering (4 Years, Bachelor of Technology)",OS,SC,Gender-Neutral,810,2819
"National Institute of Technology, Tiruchirappalli","Civil Engineering (4 Years, Bachelor of Technology)",OS,SC,Female-only (including Supernumerary),1393,3524
"National Institute of Technology, Tiruchirappalli","Civil Engineering (4 Years, Bachelor of Technology)",OS,ST,Gender-Neutral,339,712
"National Institute of Technology, Tiruchirappalli","Civil Engineering (4 Years, Bachelor of Technology)",OS,ST,Female-only (including Supernumerary),1432,1432
"National Institute of Technology, Tiruchirappalli","Computer Science and Engineering (4 Years, Bachelor of Technology)",HS,OPEN,Gender-Neutral,1196,5066
"National Institute of Technology, Tiruchirappalli","Computer Science and Engineering (4 Years, Bachelor of Technology)",HS,OPEN,Female-only (including Supernumerary),3258,9721
"National Institute of Technology, Tiruchirappalli","Computer Science and Engineering (4 Years, Bachelor of Technology)",HS,OPEN (PwD),Gender-Neutral,331,331
"National Institute of Technology, Tiruchirappalli","Computer Science and Engineering (4 Years, Bachelor of Technology)",HS,OPEN (PwD),Female-only (including Supernumerary),366,366
"National Institute of Technology, Tiruchirappalli","Computer Science and Engineering (4 Years, Bachelor of Technology)",HS,EWS,Gender-Neutral,1094,4239
"National Institute of Technology, Tiruchirappalli","Computer Science and Engineering (4 Years, Bachelor of Technology)",HS,EWS,Female-only (including Supernumerary),4052,4052
"National Institute of Technology, Tiruchirappalli","Computer Science and Engineering (4 Years, Bachelor of Technology)",HS,EWS (PwD),Gender-Neutral,231,231
"National Institute of Technology, Tiruchirappalli","Computer Science and Engineering (4 Years, Bachelor of Technology)",HS,OBC-NCL,Gender-Neutral,1157,1633
"National Institute of Technology, Tiruchirappalli","Computer Science and Engineering (4 Years, Bachelor of Technology)",HS,OBC-NCL,Female-only (including Supernumerary),2267,2814
"National Institute of Technology, Tiruchirappalli","Computer Science and Engineering (4 Years, Bachelor of Technology)",HS,SC,Gender-Neutral,490,1284
"National Institute of Technology, Tiruchirappalli","Computer Science and Engineering (4 Years, Bachelor of Technology)",HS,SC,Female-only (including Supernumerary),493,804
"National Institute of Technology, Tiruchirappalli","Computer Science and Engineering (4 Years, Bachelor of Technology)",HS,SC (PwD),Gender-Neutral,167,167
"National Institute of Technology, Tiruchirappalli","Computer Science and Engineering (4 Years, Bachelor of Technology)",HS,ST,Gender-Neutral,350,2538
"National Institute of Technology, Tiruchirappalli","Computer Science and Engineering (4 Years, Bachelor of Technology)",HS,ST,Female-only (including Supernumerary),1657,1657
"National Institute of Technology, Tiruchirappalli","Computer Science and Engineering (4 Years, Bachelor of Technology)",OS,OPEN,Gender-Neutral,299,1190
"National Institute of Technology, Tiruchirappalli","Computer Science and Engineering (4 Years, Bachelor of Technology)",OS,OPEN,Female-only (including Supernumerary),1426,2172
"National Institute of Technology, Tiruchirappalli","Computer Science and Engineering (4 Years, Bachelor of Technology)",OS,OPEN (PwD),Gender-Neutral,60,60
"National Institute of Technology, Tiruchirappalli","Computer Science and Engineering (4 Years, Bachelor of Technology)",OS,EWS,Gender-Neutral,144,190
"National Institute of Technology, Tiruchirappalli","Computer Science and Engineering (4 Years, Bachelor of Technology)",OS,EWS,Female-only (including Supernumerary),323,323
"National Institute of Technology, Tiruchirappalli","Computer Science and Engineering (4 Years, Bachelor of Technology)",OS,OBC-NCL,Gender-Neutral,215,369
"National Institute of Technology, Tiruchirappalli","Computer Science and Engineering (4 Years, Bachelor of Technology)",OS,OBC-NCL,Female-only (including Supernumerary),426,939
"National Institute of Technology, Tiruchirappalli","Computer Science and Engineering (4 Years, Bachelor of Technology)",OS,OBC-NCL (PwD),Gender-Neutral,26,26
"National Institute of Technology, Tiruchirappalli","Computer Science and Engineering (4 Years, Bachelor of Technology)",OS,SC,Gender-Neutral,100,204
"National Institute of Technology, Tiruchirappalli","Computer Science and Engineering (4 Years, Bachelor of Technology)",OS,SC,Female-only (including Supernumerary),160,467
"National Institute of Technology, Tiruchirappalli","Computer Science and Engineering (4 Years, Bachelor of Technology)",OS,ST,Gender-Neutral,45,123
"National Institute of Technology, Tiruchirappalli","Computer Science and Engineering (4 Years, Bachelor of Technology)",OS,ST,Female-only (including Supernumerary),115,115
"National Institute of Technology, Tiruchirappalli","Electrical and Electronics Engineering (4 Years, Bachelor of Technology)",HS,OPEN,Gender-Neutral,6688,9448
"National Institute of Technology, Tiruchirappalli","Electrical and Electronics Engineering (4 Years, Bachelor of Technology)",HS,OPEN,Female-only (including Supernumerary),16092,18393
"National Institute of Technology, Tiruchirappalli","Electrical and Electronics Engineering (4 Years, Bachelor of Technology)",HS,OPEN (PwD),Gender-Neutral,359,359
"National Institute of Technology, Tiruchirappalli","Electrical and Electronics Engineering (4 Years, Bachelor of Technology)",HS,EWS,Gender-Neutral,8013,10773
"National Institute of Technology, Tiruchirappalli","Electrical and Electronics Engineering (4 Years, Bachelor of Technology)",HS,EWS,Female-only (including Supernumerary),8917,8917
"National Institute of Technology, Tiruchirappalli","Electrical and Electronics Engineering (4 Years, Bachelor of Technology)",HS,OBC-NCL,Gender-Neutral,2440,2905
"National Institute of Technology, Tiruchirappalli","Electrical and Electronics Engineering (4 Years, Bachelor of Technology)",HS,OBC-NCL,Female-only (including Supernumerary),4677,5746
"National Institute of Technology, Tiruchirappalli","Electrical and Electronics Engineering (4 Years, Bachelor of Technology)",HS,SC,Gender-Neutral,1780,2230
"National Institute of Technology, Tiruchirappalli","Electrical and Electronics Engineering (4 Years, Bachelor of Technology)",HS,SC,Female-only (including Supernumerary),1736,2318
"National Institute of Technology, Tiruchirappalli","Electrical and Electronics Engineering (4 Years, Bachelor of Technology)",HS,SC (PwD),Gender-Neutral,169,169
"National Institute of Technology, Tiruchirappalli","Electrical and Electronics Engineering (4 Years, Bachelor of Technology)",HS,ST,Gender-Neutral,1740,3253
"National Institute of Technology, Tiruchirappalli","Electrical and Electronics Engineering (4 Years, Bachelor of Technology)",HS,ST,Female-only (including Supernumerary),3464,3464
"National Institute of Technology, Tiruchirappalli","Electrical and Electronics Engineering (4 Years, Bachelor of Technology)",OS,OPEN,Gender-Neutral,3029,5285
"National Institute of Technology, Tiruchirappalli","Electrical and Electronics Engineering (4 Years, Bachelor of Technology)",OS,OPEN,Female-only (including Supernumerary),9351,10054
"National Institute of Technology, Tiruchirappalli","Electrical and Electronics Engineering (4 Years, Bachelor of Technology)",OS,OPEN (PwD),Gender-Neutral,333,333
"National Institute of Technology, Tiruchirappalli","Electrical and Electronics Engineering (4 Years, Bachelor of Technology)",OS,EWS,Gender-Neutral,721,1071
"National Institute of Technology, Tiruchirappalli","Electrical and Electronics Engineering (4 Years, Bachelor of Technology)",OS,EWS,Female-only (including Supernumerary),1604,1604
"National Institute of Technology, Tiruchirappalli","Electrical and Electronics Engineering (4 Years, Bachelor of Technology)",OS,OBC-NCL,Gender-Neutral,1300,2013
"National Institute of Technology, Tiruchirappalli","Electrical and Electronics Engineering (4 Years, Bachelor of Technology)",OS,OBC-NCL,Female-only (including Supernumerary),3194,3377
"National Institute of Technology, Tiruchirappalli","Electrical and Electronics Engineering (4 Years, Bachelor of Technology)",OS,OBC-NCL (PwD),Female-only (including Supernumerary),283,283
"National Institute of Technology, Tiruchirappalli","Electrical and Electronics Engineering (4 Years, Bachelor of Technology)",OS,SC,Gender-Neutral,999,1242
"National Institute of Technology, Tiruchirappalli","Electrical and Electronics Engineering (4 Years, Bachelor of Technology)",OS,SC,Female-only (including Supernumerary),1322,2209
"National Institute of Technology, Tiruchirappalli","Electrical and Electronics Engineering (4 Years, Bachelor of Technology)",OS,SC (PwD),Gender-Neutral,118,123
"National Institute of Technology, Tiruchirappalli","Electrical and Electronics Engineering (4 Years, Bachelor of Technology)",OS,ST,Gender-Neutral,127,329
"National Institute of Technology, Tiruchirappalli","Electrical and Electronics Engineering (4 Years, Bachelor of Technology)",OS,ST,Female-only (including Supernumerary),517,517
"National Institute of Technology, Tiruchirappalli","Electronics and Communication Engineering (4 Years, Bachelor of Technology)",HS,OPEN,Gender-Neutral,2712,7036
"National Institute of Technology, Tiruchirappalli","Electronics and Communication Engineering (4 Years, Bachelor of Technology)",HS,OPEN,Female-only (including Supernumerary),11473,15587
"National Institute of Technology, Tiruchirappalli","Electronics and Communication Engineering (4 Years, Bachelor of Technology)",HS,OPEN (PwD),Gender-Neutral,256,256
"National Institute of Technology, Tiruchirappalli","Electronics and Communication Engineering (4 Years, Bachelor of Technology)",HS,EWS,Gender-Neutral,4778,8222
"National Institute of Technology, Tiruchirappalli","Electronics and Communication Engineering (4 Years, Bachelor of Technology)",HS,OBC-NCL,Gender-Neutral,1654,2294
"National Institute of Technology, Tiruchirappalli","Electronics and Communication Engineering (4 Years, Bachelor of Technology)",HS,OBC-NCL,Female-only (including Supernumerary),3900,4264
"National Institute of Technology, Tiruchirappalli","Electronics and Communication Engineering (4 Years, Bachelor of Technology)",HS,SC,Gender-Neutral,1255,1688
"National Institute of Technology, Tiruchirappalli","Electronics and Communication Engineering (4 Years, Bachelor of Technology)",HS,SC,Female-only (including Supernumerary),1460,1513
"National Institute of Technology, Tiruchirappalli","Electronics and Communication Engineering (4 Years, Bachelor of Technology)",HS,SC (PwD),Gender-Neutral,158,158
"National Institute of Technology, Tiruchirappalli","Electronics and Communication Engineering (4 Years, Bachelor of Technology)",HS,ST,Gender-Neutral,1747,2873
"National Institute of Technology, Tiruchirappalli","Electronics and Communication Engineering (4 Years, Bachelor of Technology)",HS,ST,Female-only (including Supernumerary),3686,3686
"National Institute of Technology, Tiruchirappalli","Electronics and Communication Engineering (4 Years, Bachelor of Technology)",OS,OPEN,Gender-Neutral,917,3280
"National Institute of Technology, Tiruchirappalli","Electronics and Communication Engineering (4 Years, Bachelor of Technology)",OS,OPEN,Female-only (including Supernumerary),3874,5481
"National Institute of Technology, Tiruchirappalli","Electronics and Communication Engineering (4 Years, Bachelor of Technology)",OS,OPEN (PwD),Gender-Neutral,72,72
"National Institute of Technology, Tiruchirappalli","Electronics and Communication Engineering (4 Years, Bachelor of Technology)",OS,EWS,Gender-Neutral,430,471
"National Institute of Technology, Tiruchirappalli","Electronics and Communication Engineering (4 Years, Bachelor of Technology)",OS,EWS,Female-only (including Supernumerary),849,849
"National Institute of Technology, Tiruchirappalli","Electronics and Communication Engineering (4 Years, Bachelor of Technology)",OS,OBC-NCL,Gender-Neutral,775,1294
"National Institute of Technology, Tiruchirappalli","Electronics and Communication Engineering (4 Years, Bachelor of Technology)",OS,OBC-NCL,Female-only (including Supernumerary),1641,2035
"National Institute of Technology, Tiruchirappalli","Electronics and Communication Engineering (4 Years, Bachelor of Technology)",OS,OBC-NCL (PwD),Gender-Neutral,54,54
"National Institute of Technology, Tiruchirappalli","Electronics and Communication Engineering (4 Years, Bachelor of Technology)",OS,SC,Gender-Neutral,394,633
"National Institute of Technology, Tiruchirappalli","Electronics and Communication Engineering (4 Years, Bachelor of Technology)",OS,SC,Female-only (including Supernumerary),268,1563
"National Institute of Technology, Tiruchirappalli","Electronics and Communication Engineering (4 Years, Bachelor of Technology)",OS,SC (PwD),Gender-Neutral,35,35
"National Institute of Technology, Tiruchirappalli","Electronics and Communication Engineering (4 Years, Bachelor of Technology)",OS,ST,Gender-Neutral,171,223
"National Institute of Technology, Tiruchirappalli","Electronics and Communication Engineering (4 Years, Bachelor of Technology)",OS,ST,Female-only (including Supernumerary),222,222
"National Institute of Technology, Tiruchirappalli","Instrumentation and Control Engineering (4 Years, Bachelor of Technology)",HS,OPEN,Gender-Neutral,9828,14657
"National Institute of Technology, Tiruchirappalli","Instrumentation and Control Engineering (4 Years, Bachelor of Technology)",HS,OPEN,Female-only (including Supernumerary),18611,23662
"National Institute of Technology, Tiruchirappalli","Instrumentation and Control Engineering (4 Years, Bachelor of Technology)",HS,OPEN (PwD),Gender-Neutral,662,662
"National Institute of Technology, Tiruchirappalli","Instrumentation and Control Engineering (4 Years, Bachelor of Technology)",HS,EWS,Gender-Neutral,10690,11696
"National Institute of Technology, Tiruchirappalli","Instrumentation and Control Engineering (4 Years, Bachelor of Technology)",HS,OBC-NCL,Gender-Neutral,3690,4303
"National Institute of Technology, Tiruchirappalli","Instrumentation and Control Engineering (4 Years, Bachelor of Technology)",HS,OBC-NCL,Female-only (including Supernumerary),7162,8327
"National Institute of Technology, Tiruchirappalli","Instrumentation and Control Engineering (4 Years, Bachelor of Technology)",HS,SC,Gender-Neutral,2155,3464
"National Institute of Technology, Tiruchirappalli","Instrumentation and Control Engineering (4 Years, Bachelor of Technology)",HS,SC,Female-only (including Supernumerary),3033,3424
"National Institute of Technology, Tiruchirappalli","Instrumentation and Control Engineering (4 Years, Bachelor of Technology)",HS,SC (PwD),Gender-Neutral,231,231
"National Institute of Technology, Tiruchirappalli","Instrumentation and Control Engineering (4 Years, Bachelor of Technology)",HS,ST,Gender-Neutral,4494,5524
"National Institute of Technology, Tiruchirappalli","Instrumentation and Control Engineering (4 Years, Bachelor of Technology)",HS,ST,Female-only (including Supernumerary),5317,5317
"National Institute of Technology, Tiruchirappalli","Instrumentation and Control Engineering (4 Years, Bachelor of Technology)",OS,OPEN,Gender-Neutral,7435,10864
"National Institute of Technology, Tiruchirappalli","Instrumentation and Control Engineering (4 Years, Bachelor of Technology)",OS,OPEN,Female-only (including Supernumerary),11048,15619
"National Institute of Technology, Tiruchirappalli","Instrumentation and Control Engineering (4 Years, Bachelor of Technology)",OS,OPEN (PwD),Gender-Neutral,797,797
"National Institute of Technology, Tiruchirappalli","Instrumentation and Control Engineering (4 Years, Bachelor of Technology)",OS,EWS,Gender-Neutral,1591,1851
"National Institute of Technology, Tiruchirappalli","Instrumentation and Control Engineering (4 Years, Bachelor of Technology)",OS,EWS,Female-only (including Supernumerary),2818,2818
"National Institute of Technology, Tiruchirappalli","Instrumentation and Control Engineering (4 Years, Bachelor of Technology)",OS,OBC-NCL,Gender-Neutral,3399,4275
"National Institute of Technology, Tiruchirappalli","Instrumentation and Control Engineering (4 Years, Bachelor of Technology)",OS,OBC-NCL,Female-only (including Supernumerary),4382,7952
"National Institute of Technology, Tiruchirappalli","Instrumentation and Control Engineering (4 Years, Bachelor of Technology)",OS,OBC-NCL (PwD),Gender-Neutral,438,438
"National Institute of Technology, Tiruchirappalli","Instrumentation and Control Engineering (4 Years, Bachelor of Technology)",OS,SC,Gender-Neutral,2159,2646
"National Institute of Technology, Tiruchirappalli","Instrumentation and Control Engineering (4 Years, Bachelor of Technology)",OS,SC,Female-only (including Supernumerary),4620,4786
"National Institute of Technology, Tiruchirappalli","Instrumentation and Control Engineering (4 Years, Bachelor of Technology)",OS,SC (PwD),Gender-Neutral,269,269
"National Institute of Technology, Tiruchirappalli","Instrumentation and Control Engineering (4 Years, Bachelor of Technology)",OS,ST,Gender-Neutral,1081,1166
"National Institute of Technology, Tiruchirappalli","Instrumentation and Control Engineering (4 Years, Bachelor of Technology)",OS,ST,Female-only (including Supernumerary),1890,1890
"National Institute of Technology, Tiruchirappalli","Mechanical Engineering (4 Years, Bachelor of Technology)",HS,OPEN,Gender-Neutral,9999,15450
"National Institute of Technology, Tiruchirappalli","Mechanical Engineering (4 Years, Bachelor of Technology)",HS,OPEN,Female-only (including Supernumerary),21318,27827
"National Institute of Technology, Tiruchirappalli","Mechanical Engineering (4 Years, Bachelor of Technology)",HS,EWS,Gender-Neutral,6326,13658
"National Institute of Technology, Tiruchirappalli","Mechanical Engineering (4 Years, Bachelor of Technology)",HS,EWS,Female-only (including Supernumerary),11154,11154
"National Institute of Technology, Tiruchirappalli","Mechanical Engineering (4 Years, Bachelor of Technology)",HS,OBC-NCL,Gender-Neutral,3928,4835
"National Institute of Technology, Tiruchirappalli","Mechanical Engineering (4 Years, Bachelor of Technology)",HS,OBC-NCL,Female-only (including Supernumerary),8269,8805
"National Institute of Technology, Tiruchirappalli","Mechanical Engineering (4 Years, Bachelor of Technology)",HS,OBC-NCL (PwD),Gender-Neutral,334,334
"National Institute of Technology, Tiruchirappalli","Mechanical Engineering (4 Years, Bachelor of Technology)",HS,OBC-NCL (PwD),Female-only (including Supernumerary),682,682
"National Institute of Technology, Tiruchirappalli","Mechanical Engineering (4 Years, Bachelor of Technology)",HS,SC,Gender-Neutral,2645,2969
"National Institute of Technology, Tiruchirappalli","Mechanical Engineering (4 Years, Bachelor of Technology)",HS,SC,Female-only (including Supernumerary),2283,3664
"National Institute of Technology, Tiruchirappalli","Mechanical Engineering (4 Years, Bachelor of Technology)",HS,SC (PwD),Gender-Neutral,301,301
"National Institute of Technology, Tiruchirappalli","Mechanical Engineering (4 Years, Bachelor of Technology)",HS,ST,Gender-Neutral,3444,5423
"National Institute of Technology, Tiruchirappalli","Mechanical Engineering (4 Years, Bachelor of Technology)",HS,ST,Female-only (including Supernumerary),6741,6741
"National Institute of Technology, Tiruchirappalli","Mechanical Engineering (4 Years, Bachelor of Technology)",OS,OPEN,Gender-Neutral,4877,8625
"National Institute of Technology, Tiruchirappalli","Mechanical Engineering (4 Years, Bachelor of Technology)",OS,OPEN,Female-only (including Supernumerary),11003,14948
"National Institute of Technology, Tiruchirappalli","Mechanical Engineering (4 Years, Bachelor of Technology)",OS,OPEN (PwD),Gender-Neutral,391,391
"National Institute of Technology, Tiruchirappalli","Mechanical Engineering (4 Years, Bachelor of Technology)",OS,EWS,Gender-Neutral,1417,1726
"National Institute of Technology, Tiruchirappalli","Mechanical Engineering (4 Years, Bachelor of Technology)",OS,EWS,Female-only (including Supernumerary),3036,3036
"National Institute of Technology, Tiruchirappalli","Mechanical Engineering (4 Years, Bachelor of Technology)",OS,EWS (PwD),Gender-Neutral,109,109
"National Institute of Technology, Tiruchirappalli","Mechanical Engineering (4 Years, Bachelor of Technology)",OS,OBC-NCL,Gender-Neutral,2114,3737
"National Institute of Technology, Tiruchirappalli","Mechanical Engineering (4 Years, Bachelor of Technology)",OS,OBC-NCL,Female-only (including Supernumerary),5267,6831
"National Institute of Technology, Tiruchirappalli","Mechanical Engineering (4 Years, Bachelor of Technology)",OS,OBC-NCL (PwD),Gender-Neutral,224,224
"National Institute of Technology, Tiruchirappalli","Mechanical Engineering (4 Years, Bachelor of Technology)",OS,SC,Gender-Neutral,1029,2390
"National Institute of Technology, Tiruchirappalli","Mechanical Engineering (4 Years, Bachelor of Technology)",OS,SC,Female-only (including Supernumerary),2534,4749
"National Institute of Technology, Tiruchirappalli","Mechanical Engineering (4 Years, Bachelor of Technology)",OS,ST,Gender-Neutral,556,818
"National Institute of Technology, Tiruchirappalli","Mechanical Engineering (4 Years, Bachelor of Technology)",OS,ST,Female-only (including Supernumerary),1488,1488
"National Institute of Technology, Tiruchirappalli","Metallurgical and Materials Engineering (4 Years, Bachelor of Technology)",HS,OPEN,Gender-Neutral,18454,30093
"National Institute of Technology, Tiruchirappalli","Metallurgical and Materials Engineering (4 Years, Bachelor of Technology)",HS,OPEN,Female-only (including Supernumerary),29482,43127
"National Institute of Technology, Tiruchirappalli","Metallurgical and Materials Engineering (4 Years, Bachelor of Technology)",HS,EWS,Gender-Neutral,16300,29781
"National Institute of Technology, Tiruchirappalli","Metallurgical and Materials Engineering (4 Years, Bachelor of Technology)",HS,EWS,Female-only (including Supernumerary),15905,15905
"National Institute of Technology, Tiruchirappalli","Metallurgical and Materials Engineering (4 Years, Bachelor of Technology)",HS,OBC-NCL,Gender-Neutral,8332,10279
"National Institute of Technology, Tiruchirappalli","Metallurgical and Materials Engineering (4 Years, Bachelor of Technology)",HS,OBC-NCL,Female-only (including Supernumerary),12679,13119
"National Institute of Technology, Tiruchirappalli","Metallurgical and Materials Engineering (4 Years, Bachelor of Technology)",HS,OBC-NCL (PwD),Gender-Neutral,314,314
"National Institute of Technology, Tiruchirappalli","Metallurgical and Materials Engineering (4 Years, Bachelor of Technology)",HS,SC,Gender-Neutral,5130,5275
"National Institute of Technology, Tiruchirappalli","Metallurgical and Materials Engineering (4 Years, Bachelor of Technology)",HS,SC,Female-only (including Supernumerary),4484,4484
"National Institute of Technology, Tiruchirappalli","Metallurgical and Materials Engineering (4 Years, Bachelor of Technology)",HS,ST,Gender-Neutral,7232,8185
"National Institute of Technology, Tiruchirappalli","Metallurgical and Materials Engineering (4 Years, Bachelor of Technology)",HS,ST,Female-only (including Supernumerary),8128,8128
"National Institute of Technology, Tiruchirappalli","Metallurgical and Materials Engineering (4 Years, Bachelor of Technology)",OS,OPEN,Gender-Neutral,12858,20754
"National Institute of Technology, Tiruchirappalli","Metallurgical and Materials Engineering (4 Years, Bachelor of Technology)",OS,OPEN,Female-only (including Supernumerary),24127,28329
"National Institute of Technology, Tiruchirappalli","Metallurgical and Materials Engineering (4 Years, Bachelor of Technology)",OS,OPEN (PwD),Gender-Neutral,898,898
"National Institute of Technology, Tiruchirappalli","Metallurgical and Materials Engineering (4 Years, Bachelor of Technology)",OS,EWS,Gender-Neutral,3497,3645
"National Institute of Technology, Tiruchirappalli","Metallurgical and Materials Engineering (4 Years, Bachelor of Technology)",OS,EWS,Female-only (including Supernumerary),6254,6254
"National Institute of Technology, Tiruchirappalli","Metallurgical and Materials Engineering (4 Years, Bachelor of Technology)",OS,OBC-NCL,Gender-Neutral,6712,8529
"National Institute of Technology, Tiruchirappalli","Metallurgical and Materials Engineering (4 Years, Bachelor of Technology)",OS,OBC-NCL,Female-only (including Supernumerary),12688,12688
"National Institute of Technology, Tiruchirappalli","Metallurgical and Materials Engineering (4 Years, Bachelor of Technology)",OS,OBC-NCL (PwD),Female-only (including Supernumerary),1540,1696
"National Institute of Technology, Tiruchirappalli","Metallurgical and Materials Engineering (4 Years, Bachelor of Technology)",OS,SC,Gender-Neutral,4003,4931
"National Institute of Technology, Tiruchirappalli","Metallurgical and Materials Engineering (4 Years, Bachelor of Technology)",OS,SC,Female-only (including Supernumerary),4673,4673
"National Institute of Technology, Tiruchirappalli","Metallurgical and Materials Engineering (4 Years, Bachelor of Technology)",OS,ST,Gender-Neutral,1100,1607
"National Institute of Technology, Tiruchirappalli","Production Engineering (4 Years, Bachelor of Technology)",HS,OPEN,Gender-Neutral,17979,24285
"National Institute of Technology, Tiruchirappalli","Production Engineering (4 Years, Bachelor of Technology)",HS,OPEN,Female-only (including Supernumerary),32476,35594
"National Institute of Technology, Tiruchirappalli","Production Engineering (4 Years, Bachelor of Technology)",HS,EWS,Gender-Neutral,15910,21395
"National Institute of Technology, Tiruchirappalli","Production Engineering (4 Years, Bachelor of Technology)",HS,EWS,Female-only (including Supernumerary),31256,31256
"National Institute of Technology, Tiruchirappalli","Production Engineering (4 Years, Bachelor of Technology)",HS,OBC-NCL,Gender-Neutral,7025,8074
"National Institute of Technology, Tiruchirappalli","Production Engineering (4 Years, Bachelor of Technology)",HS,OBC-NCL,Female-only (including Supernumerary),11207,12315
"National Institute of Technology, Tiruchirappalli","Production Engineering (4 Years, Bachelor of Technology)",HS,OBC-NCL (PwD),Gender-Neutral,449,449
"National Institute of Technology, Tiruchirappalli","Production Engineering (4 Years, Bachelor of Technology)",HS,OBC-NCL (PwD),Female-only (including Supernumerary),629,629
"National Institute of Technology, Tiruchirappalli","Production Engineering (4 Years, Bachelor of Technology)",HS,SC,Gender-Neutral,3467,4426
"National Institute of Technology, Tiruchirappalli","Production Engineering (4 Years, Bachelor of Technology)",HS,SC,Female-only (including Supernumerary),4265,4794
"National Institute of Technology, Tiruchirappalli","Production Engineering (4 Years, Bachelor of Technology)",HS,SC (PwD),Gender-Neutral,370,370
"National Institute of Technology, Tiruchirappalli","Production Engineering (4 Years, Bachelor of Technology)",HS,ST,Gender-Neutral,7363,8872
"National Institute of Technology, Tiruchirappalli","Production Engineering (4 Years, Bachelor of Technology)",HS,ST,Female-only (including Supernumerary),7106,7106
"National Institute of Technology, Tiruchirappalli","Production Engineering (4 Years, Bachelor of Technology)",OS,OPEN,Gender-Neutral,10046,21431
"National Institute of Technology, Tiruchirappalli","Production Engineering (4 Years, Bachelor of Technology)",OS,OPEN,Female-only (including Supernumerary),19386,33952
"National Institute of Technology, Tiruchirappalli","Production Engineering (4 Years, Bachelor of Technology)",OS,OPEN (PwD),Gender-Neutral,1552,1552
"National Institute of Technology, Tiruchirappalli","Production Engineering (4 Years, Bachelor of Technology)",OS,EWS,Gender-Neutral,3487,4154
"National Institute of Technology, Tiruchirappalli","Production Engineering (4 Years, Bachelor of Technology)",OS,EWS,Female-only (including Supernumerary),6560,6560
"National Institute of Technology, Tiruchirappalli","Production Engineering (4 Years, Bachelor of Technology)",OS,EWS (PwD),Gender-Neutral,264,264
"National Institute of Technology, Tiruchirappalli","Production Engineering (4 Years, Bachelor of Technology)",OS,OBC-NCL,Gender-Neutral,7307,8902
"National Institute of Technology, Tiruchirappalli","Production Engineering (4 Years, Bachelor of Technology)",OS,OBC-NCL,Female-only (including Supernumerary),14595,15736
"National Institute of Technology, Tiruchirappalli","Production Engineering (4 Years, Bachelor of Technology)",OS,OBC-NCL (PwD),Gender-Neutral,1115,1115
"National Institute of Technology, Tiruchirappalli","Production Engineering (4 Years, Bachelor of Technology)",OS,SC,Gender-Neutral,3904,5179
"National Institute of Technology, Tiruchirappalli","Production Engineering (4 Years, Bachelor of Technology)",OS,SC,Female-only (including Supernumerary),6159,6291
"National Institute of Technology, Tiruchirappalli","Production Engineering (4 Years, Bachelor of Technology)",OS,ST,Gender-Neutral,1475,1681
"National Institute of Technology, Tiruchirappalli","Production Engineering (4 Years, Bachelor of Technology)",OS,ST,Female-only (including Supernumerary),1723,1723
"National Institute of Technology, Uttarakhand","Civil Engineering (4 Years, Bachelor of Technology)",HS,OPEN,Gender-Neutral,48084,59365
"National Institute of Technology, Uttarakhand","Civil Engineering (4 Years, Bachelor of Technology)",HS,OPEN,Female-only (including Supernumerary),60895,60895
"National Institute of Technology, Uttarakhand","Civil Engineering (4 Years, Bachelor of Technology)",HS,EWS,Gender-Neutral,10251,10251
"National Institute of Technology, Uttarakhand","Civil Engineering (4 Years, Bachelor of Technology)",HS,EWS,Female-only (including Supernumerary),19005,19005
"National Institute of Technology, Uttarakhand","Civil Engineering (4 Years, Bachelor of Technology)",HS,OBC-NCL,Gender-Neutral,27867,32031
"National Institute of Technology, Uttarakhand","Civil Engineering (4 Years, Bachelor of Technology)",HS,OBC-NCL,Female-only (including Supernumerary),24684,41426
"National Institute of Technology, Uttarakhand","Civil Engineering (4 Years, Bachelor of Technology)",HS,SC,Gender-Neutral,8395,8424
"National Institute of Technology, Uttarakhand","Civil Engineering (4 Years, Bachelor of Technology)",HS,ST,Gender-Neutral,4812,4812
"National Institute of Technology, Uttarakhand","Civil Engineering (4 Years, Bachelor of Technology)",OS,OPEN,Gender-Neutral,37276,45643
"National Institute of Technology, Uttarakhand","Civil Engineering (4 Years, Bachelor of Technology)",OS,OPEN,Female-only (including Supernumerary),47116,47116
"National Institute of Technology, Uttarakhand","Civil Engineering (4 Years, Bachelor of Technology)",OS,EWS,Gender-Neutral,7428,7429
"National Institute of Technology, Uttarakhand","Civil Engineering (4 Years, Bachelor of Technology)",OS,EWS,Female-only (including Supernumerary),9013,9013
"National Institute of Technology, Uttarakhand","Civil Engineering (4 Years, Bachelor of Technology)",OS,OBC-NCL,Gender-Neutral,15294,15750
"National Institute of Technology, Uttarakhand","Civil Engineering (4 Years, Bachelor of Technology)",OS,SC,Gender-Neutral,7294,7295
"National Institute of Technology, Uttarakhand","Civil Engineering (4 Years, Bachelor of Technology)",OS,SC,Female-only (including Supernumerary),8778,8778
"National Institute of Technology, Uttarakhand","Civil Engineering (4 Years, Bachelor of Technology)",OS,ST,Gender-Neutral,2029,2029
"National Institute of Technology, Uttarakhand","Civil Engineering (4 Years, Bachelor of Technology)",OS,ST,Female-only (including Supernumerary),4021,4021
"National Institute of Technology, Uttarakhand","Computer Science and Engineering (4 Years, Bachelor of Technology)",HS,OPEN,Gender-Neutral,18865,31244
"National Institute of Technology, Uttarakhand","Computer Science and Engineering (4 Years, Bachelor of Technology)",HS,OPEN,Female-only (including Supernumerary),39753,41844
"National Institute of Technology, Uttarakhand","Computer Science and Engineering (4 Years, Bachelor of Technology)",HS,OPEN (PwD),Gender-Neutral,213,213
"National Institute of Technology, Uttarakhand","Computer Science and Engineering (4 Years, Bachelor of Technology)",HS,EWS,Gender-Neutral,4973,6379
"National Institute of Technology, Uttarakhand","Computer Science and Engineering (4 Years, Bachelor of Technology)",HS,EWS,Female-only (including Supernumerary),7399,7399
"National Institute of Technology, Uttarakhand","Computer Science and Engineering (4 Years, Bachelor of Technology)",HS,OBC-NCL,Gender-Neutral,13151,18467
"National Institute of Technology, Uttarakhand","Computer Science and Engineering (4 Years, Bachelor of Technology)",HS,SC,Gender-Neutral,5854,7260
"National Institute of Technology, Uttarakhand","Computer Science and Engineering (4 Years, Bachelor of Technology)",HS,SC,Female-only (including Supernumerary),8036,8036
"National Institute of Technology, Uttarakhand","Computer Science and Engineering (4 Years, Bachelor of Technology)",HS,ST,Gender-Neutral,3460,5729
"National Institute of Technology, Uttarakhand","Computer Science and Engineering (4 Years, Bachelor of Technology)",OS,OPEN,Gender-Neutral,14423,16840
"National Institute of Technology, Uttarakhand","Computer Science and Engineering (4 Years, Bachelor of Technology)",OS,OPEN,Female-only (including Supernumerary),22891,24979
"National Institute of Technology, Uttarakhand","Computer Science and Engineering (4 Years, Bachelor of Technology)",OS,OPEN (PwD),Gender-Neutral,726,726
"National Institute of Technology, Uttarakhand","Computer Science and Engineering (4 Years, Bachelor of Technology)",OS,EWS,Gender-Neutral,2606,2606
"National Institute of Technology, Uttarakhand","Computer Science and Engineering (4 Years, Bachelor of Technology)",OS,EWS,Female-only (including Supernumerary),4587,4587
"National Institute of Technology, Uttarakhand","Computer Science and Engineering (4 Years, Bachelor of Technology)",OS,EWS (PwD),Gender-Neutral,120,120
"National Institute of Technology, Uttarakhand","Computer Science and Engineering (4 Years, Bachelor of Technology)",OS,OBC-NCL,Gender-Neutral,4747,6517
"National Institute of Technology, Uttarakhand","Computer Science and Engineering (4 Years, Bachelor of Technology)",OS,OBC-NCL,Female-only (including Supernumerary),7982,10525
"National Institute of Technology, Uttarakhand","Computer Science and Engineering (4 Years, Bachelor of Technology)",OS,SC,Gender-Neutral,2971,3720
"National Institute of Technology, Uttarakhand","Computer Science and Engineering (4 Years, Bachelor of Technology)",OS,ST,Gender-Neutral,1516,1516
"National Institute of Technology, Uttarakhand","Electrical and Electronics Engineering (4 Years, Bachelor of Technology)",HS,OPEN,Gender-Neutral,45575,48629
"National Institute of Technology, Uttarakhand","Electrical and Electronics Engineering (4 Years, Bachelor of Technology)",HS,OPEN,Female-only (including Supernumerary),50662,50662
"National Institute of Technology, Uttarakhand","Electrical and Electronics Engineering (4 Years, Bachelor of Technology)",HS,EWS,Gender-Neutral,8254,8254
"National Institute of Technology, Uttarakhand","Electrical and Electronics Engineering (4 Years, Bachelor of Technology)",HS,OBC-NCL,Gender-Neutral,24682,26776
"National Institute of Technology, Uttarakhand","Electrical and Electronics Engineering (4 Years, Bachelor of Technology)",HS,OBC-NCL,Female-only (including Supernumerary),32277,32277
"National Institute of Technology, Uttarakhand","Electrical and Electronics Engineering (4 Years, Bachelor of Technology)",HS,SC,Gender-Neutral,8557,9809
"National Institute of Technology, Uttarakhand","Electrical and Electronics Engineering (4 Years, Bachelor of Technology)",HS,SC,Female-only (including Supernumerary),14979,14979
"National Institute of Technology, Uttarakhand","Electrical and Electronics Engineering (4 Years, Bachelor of Technology)",HS,ST,Gender-Neutral,5795,6368
"National Institute of Technology, Uttarakhand","Electrical and Electronics Engineering (4 Years, Bachelor of Technology)",OS,OPEN,Gender-Neutral,21868,30995
"National Institute of Technology, Uttarakhand","Electrical and Electronics Engineering (4 Years, Bachelor of Technology)",OS,OPEN,Female-only (including Supernumerary),33741,33741
"National Institute of Technology, Uttarakhand","Electrical and Electronics Engineering (4 Years, Bachelor of Technology)",OS,EWS,Gender-Neutral,5154,5154
"National Institute of Technology, Uttarakhand","Electrical and Electronics Engineering (4 Years, Bachelor of Technology)",OS,OBC-NCL,Gender-Neutral,9256,10001
"National Institute of Technology, Uttarakhand","Electrical and Electronics Engineering (4 Years, Bachelor of Technology)",OS,OBC-NCL,Female-only (including Supernumerary),15597,16265
"National Institute of Technology, Uttarakhand","Electrical and Electronics Engineering (4 Years, Bachelor of Technology)",OS,SC,Gender-Neutral,5439,5873
"National Institute of Technology, Uttarakhand","Electrical and Electronics Engineering (4 Years, Bachelor of Technology)",OS,SC,Female-only (including Supernumerary),7399,7399
"National Institute of Technology, Uttarakhand","Electrical and Electronics Engineering (4 Years, Bachelor of Technology)",OS,ST,Gender-Neutral,1857,1857
"National Institute of Technology, Uttarakhand","Electronics and Communication Engineering (4 Years, Bachelor of Technology)",HS,OPEN,Gender-Neutral,38393,45068
"National Institute of Technology, Uttarakhand","Electronics and Communication Engineering (4 Years, Bachelor of Technology)",HS,OPEN,Female-only (including Supernumerary),47032,47032
"National Institute of Technology, Uttarakhand","Electronics and Communication Engineering (4 Years, Bachelor of Technology)",HS,EWS,Gender-Neutral,8053,8053
"National Institute of Technology, Uttarakhand","Electronics and Communication Engineering (4 Years, Bachelor of Technology)",HS,OBC-NCL,Gender-Neutral,15429,24485
"National Institute of Technology, Uttarakhand","Electronics and Communication Engineering (4 Years, Bachelor of Technology)",HS,OBC-NCL,Female-only (including Supernumerary),31540,31540
"National Institute of Technology, Uttarakhand","Electronics and Communication Engineering (4 Years, Bachelor of Technology)",HS,SC,Gender-Neutral,7696,7772
"National Institute of Technology, Uttarakhand","Electronics and Communication Engineering (4 Years, Bachelor of Technology)",HS,SC,Female-only (including Supernumerary),9326,13877
"National Institute of Technology, Uttarakhand","Electronics and Communication Engineering (4 Years, Bachelor of Technology)",HS,ST,Gender-Neutral,4016,4016
"National Institute of Technology, Uttarakhand","Electronics and Communication Engineering (4 Years, Bachelor of Technology)",HS,ST,Female-only (including Supernumerary),7228,7228
"National Institute of Technology, Uttarakhand","Electronics and Communication Engineering (4 Years, Bachelor of Technology)",OS,OPEN,Gender-Neutral,21965,24552
"National Institute of Technology, Uttarakhand","Electronics and Communication Engineering (4 Years, Bachelor of Technology)",OS,OPEN,Female-only (including Supernumerary),28062,30330
"National Institute of Technology, Uttarakhand","Electronics and Communication Engineering (4 Years, Bachelor of Technology)",OS,OPEN (PwD),Gender-Neutral,1932,1932
"National Institute of Technology, Uttarakhand","Electronics and Communication Engineering (4 Years, Bachelor of Technology)",OS,EWS,Gender-Neutral,3900,4006
"National Institute of Technology, Uttarakhand","Electronics and Communication Engineering (4 Years, Bachelor of Technology)",OS,OBC-NCL,Gender-Neutral,7577,8377
"National Institute of Technology, Uttarakhand","Electronics and Communication Engineering (4 Years, Bachelor of Technology)",OS,OBC-NCL,Female-only (including Supernumerary),14145,14145
"National Institute of Technology, Uttarakhand","Electronics and Communication Engineering (4 Years, Bachelor of Technology)",OS,OBC-NCL (PwD),Gender-Neutral,912,912
"National Institute of Technology, Uttarakhand","Electronics and Communication Engineering (4 Years, Bachelor of Technology)",OS,SC,Gender-Neutral,4405,4727
"National Institute of Technology, Uttarakhand","Electronics and Communication Engineering (4 Years, Bachelor of Technology)",OS,ST,Gender-Neutral,1844,1844
"National Institute of Technology, Uttarakhand","Mechanical Engineering (4 Years, Bachelor of Technology)",HS,OPEN,Gender-Neutral,50356,57577
"National Institute of Technology, Uttarakhand","Mechanical Engineering (4 Years, Bachelor of Technology)",HS,OPEN,Female-only (including Supernumerary),55951,55951
"National Institute of Technology, Uttarakhand","Mechanical Engineering (4 Years, Bachelor of Technology)",HS,EWS,Gender-Neutral,9492,9627
"National Institute of Technology, Uttarakhand","Mechanical Engineering (4 Years, Bachelor of Technology)",HS,OBC-NCL,Gender-Neutral,26911,30113
"National Institute of Technology, Uttarakhand","Mechanical Engineering (4 Years, Bachelor of Technology)",HS,OBC-NCL,Female-only (including Supernumerary),41960,41960
"National Institute of Technology, Uttarakhand","Mechanical Engineering (4 Years, Bachelor of Technology)",HS,SC,Gender-Neutral,10097,10489
"National Institute of Technology, Uttarakhand","Mechanical Engineering (4 Years, Bachelor of Technology)",HS,ST,Gender-Neutral,6247,6247
"National Institute of Technology, Uttarakhand","Mechanical Engineering (4 Years, Bachelor of Technology)",OS,OPEN,Gender-Neutral,35495,39010
"National Institute of Technology, Uttarakhand","Mechanical Engineering (4 Years, Bachelor of Technology)",OS,OPEN,Female-only (including Supernumerary),46521,46521
"National Institute of Technology, Uttarakhand","Mechanical Engineering (4 Years, Bachelor of Technology)",OS,EWS,Gender-Neutral,6312,6312
"National Institute of Technology, Uttarakhand","Mechanical Engineering (4 Years, Bachelor of Technology)",OS,OBC-NCL,Gender-Neutral,11885,13176
"National Institute of Technology, Uttarakhand","Mechanical Engineering (4 Years, Bachelor of Technology)",OS,OBC-NCL,Female-only (including Supernumerary),19455,19455
"National Institute of Technology, Uttarakhand","Mechanical Engineering (4 Years, Bachelor of Technology)",OS,SC,Gender-Neutral,5742,6631
"National Institute of Technology, Uttarakhand","Mechanical Engineering (4 Years, Bachelor of Technology)",OS,SC,Female-only (including Supernumerary),9074,9074
"National Institute of Technology, Uttarakhand","Mechanical Engineering (4 Years, Bachelor of Technology)",OS,ST,Gender-Neutral,2297,2297
"National Institute of Technology, Warangal","Bio Technology (4 Years, Bachelor of Technology)",HS,OPEN,Gender-Neutral,26936,38464
"National Institute of Technology, Warangal","Bio Technology (4 Years, Bachelor of Technology)",HS,OPEN,Female-only (including Supernumerary),29664,35190
"National Institute of Technology, Warangal","Bio Technology (4 Years, Bachelor of Technology)",HS,OPEN (PwD),Gender-Neutral,1316,1316
"National Institute of Technology, Warangal","Bio Technology (4 Years, Bachelor of Technology)",HS,EWS,Gender-Neutral,6358,6870
"National Institute of Technology, Warangal","Bio Technology (4 Years, Bachelor of Technology)",HS,EWS,Female-only (including Supernumerary),6430,6430
"National Institute of Technology, Warangal","Bio Technology (4 Years, Bachelor of Technology)",HS,OBC-NCL,Gender-Neutral,10961,12930
"National Institute of Technology, Warangal","Bio Technology (4 Years, Bachelor of Technology)",HS,OBC-NCL,Female-only (including Supernumerary),11613,11613
"National Institute of Technology, Warangal","Bio Technology (4 Years, Bachelor of Technology)",HS,SC,Gender-Neutral,5931,6894
"National Institute of Technology, Warangal","Bio Technology (4 Years, Bachelor of Technology)",HS,SC,Female-only (including Supernumerary),5210,5210
"National Institute of Technology, Warangal","Bio Technology (4 Years, Bachelor of Technology)",HS,ST,Gender-Neutral,1471,1471
"National Institute of Technology, Warangal","Bio Technology (4 Years, Bachelor of Technology)",HS,ST,Female-only (including Supernumerary),2574,2574
"National Institute of Technology, Warangal","Bio Technology (4 Years, Bachelor of Technology)",OS,OPEN,Gender-Neutral,15149,28482
"National Institute of Technology, Warangal","Bio Technology (4 Years, Bachelor of Technology)",OS,OPEN,Female-only (including Supernumerary),15370,22944
"National Institute of Technology, Warangal","Bio Technology (4 Years, Bachelor of Technology)",OS,EWS,Gender-Neutral,4843,5053
"National Institute of Technology, Warangal","Bio Technology (4 Years, Bachelor of Technology)",OS,OBC-NCL,Gender-Neutral,9626,11333
"National Institute of Technology, Warangal","Bio Technology (4 Years, Bachelor of Technology)",OS,OBC-NCL,Female-only (including Supernumerary),9868,12136
"National Institute of Technology, Warangal","Bio Technology (4 Years, Bachelor of Technology)",OS,OBC-NCL (PwD),Gender-Neutral,369,369
"National Institute of Technology, Warangal","Bio Technology (4 Years, Bachelor of Technology)",OS,SC,Gender-Neutral,5989,6168
"National Institute of Technology, Warangal","Bio Technology (4 Years, Bachelor of Technology)",OS,SC,Female-only (including Supernumerary),7126,7126
"National Institute of Technology, Warangal","Bio Technology (4 Years, Bachelor of Technology)",OS,ST,Gender-Neutral,2314,2432
"National Institute of Technology, Warangal","Bio Technology (4 Years, Bachelor of Technology)",OS,ST,Female-only (including Supernumerary),4295,4295
"National Institute of Technology, Warangal","Chemical Engineering (4 Years, Bachelor of Technology)",HS,OPEN,Gender-Neutral,10578,23816
"National Institute of Technology, Warangal","Chemical Engineering (4 Years, Bachelor of Technology)",HS,OPEN,Female-only (including Supernumerary),23428,26391
"National Institute of Technology, Warangal","Chemical Engineering (4 Years, Bachelor of Technology)",HS,OPEN (PwD),Gender-Neutral,1303,1303
"National Institute of Technology, Warangal","Chemical Engineering (4 Years, Bachelor of Technology)",HS,OPEN (PwD),Female-only (including Supernumerary),2116,2116
"National Institute of Technology, Warangal","Chemical Engineering (4 Years, Bachelor of Technology)",HS,EWS,Gender-Neutral,3761,4249
"National Institute of Technology, Warangal","Chemical Engineering (4 Years, Bachelor of Technology)",HS,EWS,Female-only (including Supernumerary),4825,4825
"National Institute of Technology, Warangal","Chemical Engineering (4 Years, Bachelor of Technology)",HS,OBC-NCL,Gender-Neutral,7004,9008
"National Institute of Technology, Warangal","Chemical Engineering (4 Years, Bachelor of Technology)",HS,OBC-NCL,Female-only (including Supernumerary),9620,11061
"National Institute of Technology, Warangal","Chemical Engineering (4 Years, Bachelor of Technology)",HS,SC,Gender-Neutral,4706,5723
"National Institute of Technology, Warangal","Chemical Engineering (4 Years, Bachelor of Technology)",HS,SC,Female-only (including Supernumerary),5286,6200
"National Institute of Technology, Warangal","Chemical Engineering (4 Years, Bachelor of Technology)",HS,ST,Gender-Neutral,1178,1433
"National Institute of Technology, Warangal","Chemical Engineering (4 Years, Bachelor of Technology)",HS,ST,Female-only (including Supernumerary),1973,1973
"National Institute of Technology, Warangal","Chemical Engineering (4 Years, Bachelor of Technology)",OS,OPEN,Gender-Neutral,12953,17797
"National Institute of Technology, Warangal","Chemical Engineering (4 Years, Bachelor of Technology)",OS,OPEN,Female-only (including Supernumerary),20825,22134
"National Institute of Technology, Warangal","Chemical Engineering (4 Years, Bachelor of Technology)",OS,OPEN (PwD),Gender-Neutral,1252,1252
"National Institute of Technology, Warangal","Chemical Engineering (4 Years, Bachelor of Technology)",OS,EWS,Gender-Neutral,2719,3000
"National Institute of Technology, Warangal","Chemical Engineering (4 Years, Bachelor of Technology)",OS,EWS,Female-only (including Supernumerary),4281,4281
"National Institute of Technology, Warangal","Chemical Engineering (4 Years, Bachelor of Technology)",OS,OBC-NCL,Gender-Neutral,5011,6573
"National Institute of Technology, Warangal","Chemical Engineering (4 Years, Bachelor of Technology)",OS,OBC-NCL,Female-only (including Supernumerary),7319,9341
"National Institute of Technology, Warangal","Chemical Engineering (4 Years, Bachelor of Technology)",OS,OBC-NCL (PwD),Gender-Neutral,569,569
"National Institute of Technology, Warangal","Chemical Engineering (4 Years, Bachelor of Technology)",OS,SC,Gender-Neutral,1578,4222
"National Institute of Technology, Warangal","Chemical Engineering (4 Years, Bachelor of Technology)",OS,SC,Female-only (including Supernumerary),3687,4470
"National Institute of Technology, Warangal","Chemical Engineering (4 Years, Bachelor of Technology)",OS,ST,Gender-Neutral,1440,1498
"National Institute of Technology, Warangal","Chemical Engineering (4 Years, Bachelor of Technology)",OS,ST,Female-only (including Supernumerary),1925,1925
"National Institute of Technology, Warangal","Chemistry (5 Years, Integrated Master of Science)",HS,OPEN,Gender-Neutral,44550,45516
"National Institute of Technology, Warangal","Chemistry (5 Years, Integrated Master of Science)",HS,OPEN,Female-only (including Supernumerary),42267,42267
"National Institute of Technology, Warangal","Chemistry (5 Years, Integrated Master of Science)",HS,OPEN (PwD),Gender-Neutral,2645,2645
"National Institute of Technology, Warangal","Chemistry (5 Years, Integrated Master of Science)",HS,EWS,Gender-Neutral,8801,8801
"National Institute of Technology, Warangal","Chemistry (5 Years, Integrated Master of Science)",HS,OBC-NCL,Gender-Neutral,17628,17955
"National Institute of Technology, Warangal","Chemistry (5 Years, Integrated Master of Science)",HS,OBC-NCL,Female-only (including Supernumerary),19635,19635
"National Institute of Technology, Warangal","Chemistry (5 Years, Integrated Master of Science)",HS,SC,Gender-Neutral,9017,9017
"National Institute of Technology, Warangal","Chemistry (5 Years, Integrated Master of Science)",HS,ST,Gender-Neutral,2946,2946
"National Institute of Technology, Warangal","Chemistry (5 Years, Integrated Master of Science)",OS,OPEN,Gender-Neutral,25299,31513
"National Institute of Technology, Warangal","Chemistry (5 Years, Integrated Master of Science)",OS,OPEN,Female-only (including Supernumerary),29135,29135
"National Institute of Technology, Warangal","Chemistry (5 Years, Integrated Master of Science)",OS,EWS,Gender-Neutral,7340,7340
"National Institute of Technology, Warangal","Chemistry (5 Years, Integrated Master of Science)",OS,OBC-NCL,Gender-Neutral,11601,13490
"National Institute of Technology, Warangal","Chemistry (5 Years, Integrated Master of Science)",OS,SC,Gender-Neutral,7127,7127
"National Institute of Technology, Warangal","Chemistry (5 Years, Integrated Master of Science)",OS,SC,Female-only (including Supernumerary),10523,10523
"National Institute of Technology, Warangal","Chemistry (5 Years, Integrated Master of Science)",OS,ST,Gender-Neutral,1862,1862
"National Institute of Technology, Warangal","Civil Engineering (4 Years, Bachelor of Technology)",HS,OPEN,Gender-Neutral,20611,28074
"National Institute of Technology, Warangal","Civil Engineering (4 Years, Bachelor of Technology)",HS,OPEN,Female-only (including Supernumerary),31822,36132
"National Institute of Technology, Warangal","Civil Engineering (4 Years, Bachelor of Technology)",HS,OPEN (PwD),Gender-Neutral,755,755
"National Institute of Technology, Warangal","Civil Engineering (4 Years, Bachelor of Technology)",HS,EWS,Gender-Neutral,4464,5081
"National Institute of Technology, Warangal","Civil Engineering (4 Years, Bachelor of Technology)",HS,EWS,Female-only (including Supernumerary),6071,6071
"National Institute of Technology, Warangal","Civil Engineering (4 Years, Bachelor of Technology)",HS,OBC-NCL,Gender-Neutral,7933,10244
"National Institute of Technology, Warangal","Civil Engineering (4 Years, Bachelor of Technology)",HS,OBC-NCL,Female-only (including Supernumerary),11070,11376
"National Institute of Technology, Warangal","Civil Engineering (4 Years, Bachelor of Technology)",HS,SC,Gender-Neutral,3384,4052
"National Institute of Technology, Warangal","Civil Engineering (4 Years, Bachelor of Technology)",HS,SC,Female-only (including Supernumerary),4168,4565
"National Institute of Technology, Warangal","Civil Engineering (4 Years, Bachelor of Technology)",HS,SC (PwD),Gender-Neutral,143,143
"National Institute of Technology, Warangal","Civil Engineering (4 Years, Bachelor of Technology)",HS,ST,Gender-Neutral,720,1080
"National Institute of Technology, Warangal","Civil Engineering (4 Years, Bachelor of Technology)",HS,ST,Female-only (including Supernumerary),1469,1469
"National Institute of Technology, Warangal","Civil Engineering (4 Years, Bachelor of Technology)",OS,OPEN,Gender-Neutral,18712,23087
"National Institute of Technology, Warangal","Civil Engineering (4 Years, Bachelor of Technology)",OS,OPEN,Female-only (including Supernumerary),17137,33301
"National Institute of Technology, Warangal","Civil Engineering (4 Years, Bachelor of Technology)",OS,OPEN (PwD),Gender-Neutral,634,1112
"National Institute of Technology, Warangal","Civil Engineering (4 Years, Bachelor of Technology)",OS,EWS,Gender-Neutral,3652,3810
"National Institute of Technology, Warangal","Civil Engineering (4 Years, Bachelor of Technology)",OS,EWS,Female-only (including Supernumerary),6347,6347
"National Institute of Technology, Warangal","Civil Engineering (4 Years, Bachelor of Technology)",OS,EWS (PwD),Gender-Neutral,268,268
"National Institute of Technology, Warangal","Civil Engineering (4 Years, Bachelor of Technology)",OS,OBC-NCL,Gender-Neutral,6818,8555
"National Institute of Technology, Warangal","Civil Engineering (4 Years, Bachelor of Technology)",OS,OBC-NCL,Female-only (including Supernumerary),11348,11958
"National Institute of Technology, Warangal","Civil Engineering (4 Years, Bachelor of Technology)",OS,SC,Gender-Neutral,4245,4617
"National Institute of Technology, Warangal","Civil Engineering (4 Years, Bachelor of Technology)",OS,SC,Female-only (including Supernumerary),4650,5422
"National Institute of Technology, Warangal","Civil Engineering (4 Years, Bachelor of Technology)",OS,ST,Gender-Neutral,793,1014
"National Institute of Technology, Warangal","Civil Engineering (4 Years, Bachelor of Technology)",OS,ST,Female-only (including Supernumerary),1299,1299
"National Institute of Technology, Warangal","Computer Science and Engineering ( Artificial Intelligence & Data Science) (4 Years, Bachelor of Technology)",HS,OPEN,Gender-Neutral,787,3387
"National Institute of Technology, Warangal","Computer Science and Engineering ( Artificial Intelligence & Data Science) (4 Years, Bachelor of Technology)",HS,OPEN,Female-only (including Supernumerary),4672,4688
"National Institute of Technology, Warangal","Computer Science and Engineering ( Artificial Intelligence & Data Science) (4 Years, Bachelor of Technology)",HS,OPEN (PwD),Gender-Neutral,202,202
"National Institute of Technology, Warangal","Computer Science and Engineering ( Artificial Intelligence & Data Science) (4 Years, Bachelor of Technology)",HS,EWS,Gender-Neutral,561,592
"National Institute of Technology, Warangal","Computer Science and Engineering ( Artificial Intelligence & Data Science) (4 Years, Bachelor of Technology)",HS,EWS,Female-only (including Supernumerary),634,634
"National Institute of Technology, Warangal","Computer Science and Engineering ( Artificial Intelligence & Data Science) (4 Years, Bachelor of Technology)",HS,OBC-NCL,Gender-Neutral,659,969
"National Institute of Technology, Warangal","Computer Science and Engineering ( Artificial Intelligence & Data Science) (4 Years, Bachelor of Technology)",HS,OBC-NCL,Female-only (including Supernumerary),1612,1612
"National Institute of Technology, Warangal","Computer Science and Engineering ( Artificial Intelligence & Data Science) (4 Years, Bachelor of Technology)",HS,SC,Gender-Neutral,572,715
"National Institute of Technology, Warangal","Computer Science and Engineering ( Artificial Intelligence & Data Science) (4 Years, Bachelor of Technology)",HS,SC,Female-only (including Supernumerary),433,433
"National Institute of Technology, Warangal","Computer Science and Engineering ( Artificial Intelligence & Data Science) (4 Years, Bachelor of Technology)",HS,SC (PwD),Gender-Neutral,45,45
"National Institute of Technology, Warangal","Computer Science and Engineering ( Artificial Intelligence & Data Science) (4 Years, Bachelor of Technology)",HS,ST,Gender-Neutral,71,71
"National Institute of Technology, Warangal","Computer Science and Engineering ( Artificial Intelligence & Data Science) (4 Years, Bachelor of Technology)",HS,ST,Female-only (including Supernumerary),548,548
"National Institute of Technology, Warangal","Computer Science and Engineering ( Artificial Intelligence & Data Science) (4 Years, Bachelor of Technology)",OS,OPEN,Gender-Neutral,1486,2581
"National Institute of Technology, Warangal","Computer Science and Engineering ( Artificial Intelligence & Data Science) (4 Years, Bachelor of Technology)",OS,OPEN,Female-only (including Supernumerary),3262,3621
"National Institute of Technology, Warangal","Computer Science and Engineering ( Artificial Intelligence & Data Science) (4 Years, Bachelor of Technology)",OS,OPEN (PwD),Gender-Neutral,87,87
"National Institute of Technology, Warangal","Computer Science and Engineering ( Artificial Intelligence & Data Science) (4 Years, Bachelor of Technology)",OS,EWS,Gender-Neutral,357,374
"National Institute of Technology, Warangal","Computer Science and Engineering ( Artificial Intelligence & Data Science) (4 Years, Bachelor of Technology)",OS,EWS,Female-only (including Supernumerary),539,539
"National Institute of Technology, Warangal","Computer Science and Engineering ( Artificial Intelligence & Data Science) (4 Years, Bachelor of Technology)",OS,OBC-NCL,Gender-Neutral,778,981
"National Institute of Technology, Warangal","Computer Science and Engineering ( Artificial Intelligence & Data Science) (4 Years, Bachelor of Technology)",OS,OBC-NCL,Female-only (including Supernumerary),1322,1322
"National Institute of Technology, Warangal","Computer Science and Engineering ( Artificial Intelligence & Data Science) (4 Years, Bachelor of Technology)",OS,OBC-NCL (PwD),Gender-Neutral,85,85
"National Institute of Technology, Warangal","Computer Science and Engineering ( Artificial Intelligence & Data Science) (4 Years, Bachelor of Technology)",OS,SC,Gender-Neutral,360,484
"National Institute of Technology, Warangal","Computer Science and Engineering ( Artificial Intelligence & Data Science) (4 Years, Bachelor of Technology)",OS,SC,Female-only (including Supernumerary),743,743
"National Institute of Technology, Warangal","Computer Science and Engineering ( Artificial Intelligence & Data Science) (4 Years, Bachelor of Technology)",OS,ST,Gender-Neutral,176,176
"National Institute of Technology, Warangal","Computer Science and Engineering ( Artificial Intelligence & Data Science) (4 Years, Bachelor of Technology)",OS,ST,Female-only (including Supernumerary),435,435
"National Institute of Technology, Warangal","Computer Science and Engineering (4 Years, Bachelor of Technology)",HS,OPEN,Gender-Neutral,755,2698
"National Institute of Technology, Warangal","Computer Science and Engineering (4 Years, Bachelor of Technology)",HS,OPEN,Female-only (including Supernumerary),1921,4625
"National Institute of Technology, Warangal","Computer Science and Engineering (4 Years, Bachelor of Technology)",HS,OPEN (PwD),Gender-Neutral,85,85
"National Institute of Technology, Warangal","Computer Science and Engineering (4 Years, Bachelor of Technology)",HS,EWS,Gender-Neutral,380,507
"National Institute of Technology, Warangal","Computer Science and Engineering (4 Years, Bachelor of Technology)",HS,EWS,Female-only (including Supernumerary),633,633
"National Institute of Technology, Warangal","Computer Science and Engineering (4 Years, Bachelor of Technology)",HS,OBC-NCL,Gender-Neutral,518,761
"National Institute of Technology, Warangal","Computer Science and Engineering (4 Years, Bachelor of Technology)",HS,OBC-NCL,Female-only (including Supernumerary),1117,1389
"National Institute of Technology, Warangal","Computer Science and Engineering (4 Years, Bachelor of Technology)",HS,OBC-NCL (PwD),Gender-Neutral,66,66
"National Institute of Technology, Warangal","Computer Science and Engineering (4 Years, Bachelor of Technology)",HS,SC,Gender-Neutral,295,625
"National Institute of Technology, Warangal","Computer Science and Engineering (4 Years, Bachelor of Technology)",HS,SC,Female-only (including Supernumerary),411,707
"National Institute of Technology, Warangal","Computer Science and Engineering (4 Years, Bachelor of Technology)",HS,ST,Gender-Neutral,110,159
"National Institute of Technology, Warangal","Computer Science and Engineering (4 Years, Bachelor of Technology)",HS,ST,Female-only (including Supernumerary),504,504
"National Institute of Technology, Warangal","Computer Science and Engineering (4 Years, Bachelor of Technology)",HS,ST (PwD),Gender-Neutral,5,5
"National Institute of Technology, Warangal","Computer Science and Engineering (4 Years, Bachelor of Technology)",OS,OPEN,Gender-Neutral,1043,2030
"National Institute of Technology, Warangal","Computer Science and Engineering (4 Years, Bachelor of Technology)",OS,OPEN,Female-only (including Supernumerary),3296,3527
"National Institute of Technology, Warangal","Computer Science and Engineering (4 Years, Bachelor of Technology)",OS,OPEN (PwD),Gender-Neutral,24,24
"National Institute of Technology, Warangal","Computer Science and Engineering (4 Years, Bachelor of Technology)",OS,EWS,Gender-Neutral,272,321
"National Institute of Technology, Warangal","Computer Science and Engineering (4 Years, Bachelor of Technology)",OS,EWS,Female-only (including Supernumerary),523,523
"National Institute of Technology, Warangal","Computer Science and Engineering (4 Years, Bachelor of Technology)",OS,EWS (PwD),Female-only (including Supernumerary),58,58
"National Institute of Technology, Warangal","Computer Science and Engineering (4 Years, Bachelor of Technology)",OS,OBC-NCL,Gender-Neutral,452,629
"National Institute of Technology, Warangal","Computer Science and Engineering (4 Years, Bachelor of Technology)",OS,OBC-NCL,Female-only (including Supernumerary),975,1257
"National Institute of Technology, Warangal","Computer Science and Engineering (4 Years, Bachelor of Technology)",OS,OBC-NCL (PwD),Gender-Neutral,68,68
"National Institute of Technology, Warangal","Computer Science and Engineering (4 Years, Bachelor of Technology)",OS,SC,Gender-Neutral,255,409
"National Institute of Technology, Warangal","Computer Science and Engineering (4 Years, Bachelor of Technology)",OS,SC,Female-only (including Supernumerary),668,683
"National Institute of Technology, Warangal","Computer Science and Engineering (4 Years, Bachelor of Technology)",OS,ST,Gender-Neutral,17,201
"National Institute of Technology, Warangal","Computer Science and Engineering (4 Years, Bachelor of Technology)",OS,ST,Female-only (including Supernumerary),649,649
"National Institute of Technology, Warangal","Electrical and Electronics Engineering (4 Years, Bachelor of Technology)",HS,OPEN,Gender-Neutral,6469,8257
"National Institute of Technology, Warangal","Electrical and Electronics Engineering (4 Years, Bachelor of Technology)",HS,OPEN,Female-only (including Supernumerary),9310,12542
"National Institute of Technology, Warangal","Electrical and Electronics Engineering (4 Years, Bachelor of Technology)",HS,OPEN (PwD),Gender-Neutral,314,314
"National Institute of Technology, Warangal","Electrical and Electronics Engineering (4 Years, Bachelor of Technology)",HS,EWS,Gender-Neutral,1314,1470
"National Institute of Technology, Warangal","Electrical and Electronics Engineering (4 Years, Bachelor of Technology)",HS,EWS,Female-only (including Supernumerary),1930,1930
"National Institute of Technology, Warangal","Electrical and Electronics Engineering (4 Years, Bachelor of Technology)",HS,OBC-NCL,Gender-Neutral,2156,3635
"National Institute of Technology, Warangal","Electrical and Electronics Engineering (4 Years, Bachelor of Technology)",HS,OBC-NCL,Female-only (including Supernumerary),4235,4573
"National Institute of Technology, Warangal","Electrical and Electronics Engineering (4 Years, Bachelor of Technology)",HS,OBC-NCL (PwD),Gender-Neutral,139,139
"National Institute of Technology, Warangal","Electrical and Electronics Engineering (4 Years, Bachelor of Technology)",HS,SC,Gender-Neutral,870,2348
"National Institute of Technology, Warangal","Electrical and Electronics Engineering (4 Years, Bachelor of Technology)",HS,SC,Female-only (including Supernumerary),2509,2509
"National Institute of Technology, Warangal","Electrical and Electronics Engineering (4 Years, Bachelor of Technology)",HS,SC (PwD),Female-only (including Supernumerary),201,201
"National Institute of Technology, Warangal","Electrical and Electronics Engineering (4 Years, Bachelor of Technology)",HS,ST,Gender-Neutral,420,628
"National Institute of Technology, Warangal","Electrical and Electronics Engineering (4 Years, Bachelor of Technology)",HS,ST,Female-only (including Supernumerary),899,899
"National Institute of Technology, Warangal","Electrical and Electronics Engineering (4 Years, Bachelor of Technology)",OS,OPEN,Gender-Neutral,5331,7396
"National Institute of Technology, Warangal","Electrical and Electronics Engineering (4 Years, Bachelor of Technology)",OS,OPEN,Female-only (including Supernumerary),11501,13338
"National Institute of Technology, Warangal","Electrical and Electronics Engineering (4 Years, Bachelor of Technology)",OS,OPEN (PwD),Gender-Neutral,560,560
"National Institute of Technology, Warangal","Electrical and Electronics Engineering (4 Years, Bachelor of Technology)",OS,EWS,Gender-Neutral,1108,1302
"National Institute of Technology, Warangal","Electrical and Electronics Engineering (4 Years, Bachelor of Technology)",OS,EWS,Female-only (including Supernumerary),1982,1982
"National Institute of Technology, Warangal","Electrical and Electronics Engineering (4 Years, Bachelor of Technology)",OS,OBC-NCL,Gender-Neutral,1926,2763
"National Institute of Technology, Warangal","Electrical and Electronics Engineering (4 Years, Bachelor of Technology)",OS,OBC-NCL,Female-only (including Supernumerary),4364,4494
"National Institute of Technology, Warangal","Electrical and Electronics Engineering (4 Years, Bachelor of Technology)",OS,OBC-NCL (PwD),Gender-Neutral,366,366
"National Institute of Technology, Warangal","Electrical and Electronics Engineering (4 Years, Bachelor of Technology)",OS,SC,Gender-Neutral,1361,1835
"National Institute of Technology, Warangal","Electrical and Electronics Engineering (4 Years, Bachelor of Technology)",OS,SC,Female-only (including Supernumerary),2951,3640
"National Institute of Technology, Warangal","Electrical and Electronics Engineering (4 Years, Bachelor of Technology)",OS,SC (PwD),Gender-Neutral,85,89
"National Institute of Technology, Warangal","Electrical and Electronics Engineering (4 Years, Bachelor of Technology)",OS,ST,Gender-Neutral,501,660
"National Institute of Technology, Warangal","Electrical and Electronics Engineering (4 Years, Bachelor of Technology)",OS,ST,Female-only (including Supernumerary),1690,1690
"National Institute of Technology, Warangal","Electronics and Communication Engineering (4 Years, Bachelor of Technology)",HS,OPEN,Gender-Neutral,3393,5042
"National Institute of Technology, Warangal","Electronics and Communication Engineering (4 Years, Bachelor of Technology)",HS,OPEN,Female-only (including Supernumerary),5719,7145
"National Institute of Technology, Warangal","Electronics and Communication Engineering (4 Years, Bachelor of Technology)",HS,EWS,Gender-Neutral,780,836
"National Institute of Technology, Warangal","Electronics and Communication Engineering (4 Years, Bachelor of Technology)",HS,EWS,Female-only (including Supernumerary),1122,1122
"National Institute of Technology, Warangal","Electronics and Communication Engineering (4 Years, Bachelor of Technology)",HS,EWS (PwD),Gender-Neutral,27,27
"National Institute of Technology, Warangal","Electronics and Communication Engineering (4 Years, Bachelor of Technology)",HS,OBC-NCL,Gender-Neutral,1359,2092
"National Institute of Technology, Warangal","Electronics and Communication Engineering (4 Years, Bachelor of Technology)",HS,OBC-NCL,Female-only (including Supernumerary),2630,2733
"National Institute of Technology, Warangal","Electronics and Communication Engineering (4 Years, Bachelor of Technology)",HS,OBC-NCL (PwD),Gender-Neutral,84,84
"National Institute of Technology, Warangal","Electronics and Communication Engineering (4 Years, Bachelor of Technology)",HS,SC,Gender-Neutral,727,1599
"National Institute of Technology, Warangal","Electronics and Communication Engineering (4 Years, Bachelor of Technology)",HS,SC,Female-only (including Supernumerary),782,1544
"National Institute of Technology, Warangal","Electronics and Communication Engineering (4 Years, Bachelor of Technology)",HS,ST,Gender-Neutral,276,311
"National Institute of Technology, Warangal","Electronics and Communication Engineering (4 Years, Bachelor of Technology)",OS,OPEN,Gender-Neutral,3530,4537
"National Institute of Technology, Warangal","Electronics and Communication Engineering (4 Years, Bachelor of Technology)",OS,OPEN,Female-only (including Supernumerary),6654,8309
"National Institute of Technology, Warangal","Electronics and Communication Engineering (4 Years, Bachelor of Technology)",OS,OPEN (PwD),Gender-Neutral,165,165
"National Institute of Technology, Warangal","Electronics and Communication Engineering (4 Years, Bachelor of Technology)",OS,EWS,Gender-Neutral,631,704
"National Institute of Technology, Warangal","Electronics and Communication Engineering (4 Years, Bachelor of Technology)",OS,EWS,Female-only (including Supernumerary),1391,1391
"National Institute of Technology, Warangal","Electronics and Communication Engineering (4 Years, Bachelor of Technology)",OS,OBC-NCL,Gender-Neutral,1066,1648
"National Institute of Technology, Warangal","Electronics and Communication Engineering (4 Years, Bachelor of Technology)",OS,OBC-NCL,Female-only (including Supernumerary),2334,3708
"National Institute of Technology, Warangal","Electronics and Communication Engineering (4 Years, Bachelor of Technology)",OS,SC,Gender-Neutral,745,1025
"National Institute of Technology, Warangal","Electronics and Communication Engineering (4 Years, Bachelor of Technology)",OS,SC,Female-only (including Supernumerary),2218,2218
"National Institute of Technology, Warangal","Electronics and Communication Engineering (4 Years, Bachelor of Technology)",OS,SC (PwD),Gender-Neutral,60,60
"National Institute of Technology, Warangal","Electronics and Communication Engineering (4 Years, Bachelor of Technology)",OS,ST,Gender-Neutral,233,306
"National Institute of Technology, Warangal","Electronics and Communication Engineering (4 Years, Bachelor of Technology)",OS,ST,Female-only (including Supernumerary),881,881
"National Institute of Technology, Warangal","Electronics and Communication Engineering (4 Years, Bachelor of Technology)",OS,ST (PwD),Gender-Neutral,10,10
"National Institute of Technology, Warangal","Electronics and Communication Engineering (VLSI Design and Technology) (4 Years, Bachelor of Technology)",HS,OPEN,Gender-Neutral,4321,5675
"National Institute of Technology, Warangal","Electronics and Communication Engineering (VLSI Design and Technology) (4 Years, Bachelor of Technology)",HS,OPEN,Female-only (including Supernumerary),7187,7241
"National Institute of Technology, Warangal","Electronics and Communication Engineering (VLSI Design and Technology) (4 Years, Bachelor of Technology)",HS,OPEN (PwD),Gender-Neutral,208,208
"National Institute of Technology, Warangal","Electronics and Communication Engineering (VLSI Design and Technology) (4 Years, Bachelor of Technology)",HS,EWS,Gender-Neutral,803,876
"National Institute of Technology, Warangal","Electronics and Communication Engineering (VLSI Design and Technology) (4 Years, Bachelor of Technology)",HS,OBC-NCL,Gender-Neutral,1789,2134
"National Institute of Technology, Warangal","Electronics and Communication Engineering (VLSI Design and Technology) (4 Years, Bachelor of Technology)",HS,OBC-NCL,Female-only (including Supernumerary),1632,1632
"National Institute of Technology, Warangal","Electronics and Communication Engineering (VLSI Design and Technology) (4 Years, Bachelor of Technology)",HS,SC,Gender-Neutral,1413,1794
"National Institute of Technology, Warangal","Electronics and Communication Engineering (VLSI Design and Technology) (4 Years, Bachelor of Technology)",HS,SC,Female-only (including Supernumerary),2004,2004
"National Institute of Technology, Warangal","Electronics and Communication Engineering (VLSI Design and Technology) (4 Years, Bachelor of Technology)",HS,ST,Gender-Neutral,406,406
"National Institute of Technology, Warangal","Electronics and Communication Engineering (VLSI Design and Technology) (4 Years, Bachelor of Technology)",OS,OPEN,Gender-Neutral,2108,5214
"National Institute of Technology, Warangal","Electronics and Communication Engineering (VLSI Design and Technology) (4 Years, Bachelor of Technology)",OS,OPEN,Female-only (including Supernumerary),8041,8041
"National Institute of Technology, Warangal","Electronics and Communication Engineering (VLSI Design and Technology) (4 Years, Bachelor of Technology)",OS,OPEN (PwD),Gender-Neutral,303,303
"National Institute of Technology, Warangal","Electronics and Communication Engineering (VLSI Design and Technology) (4 Years, Bachelor of Technology)",OS,EWS,Gender-Neutral,727,727
"National Institute of Technology, Warangal","Electronics and Communication Engineering (VLSI Design and Technology) (4 Years, Bachelor of Technology)",OS,EWS,Female-only (including Supernumerary),1434,1434
"National Institute of Technology, Warangal","Electronics and Communication Engineering (VLSI Design and Technology) (4 Years, Bachelor of Technology)",OS,OBC-NCL,Gender-Neutral,1708,1843
"National Institute of Technology, Warangal","Electronics and Communication Engineering (VLSI Design and Technology) (4 Years, Bachelor of Technology)",OS,OBC-NCL,Female-only (including Supernumerary),2479,2479
"National Institute of Technology, Warangal","Electronics and Communication Engineering (VLSI Design and Technology) (4 Years, Bachelor of Technology)",OS,OBC-NCL (PwD),Gender-Neutral,140,140
"National Institute of Technology, Warangal","Electronics and Communication Engineering (VLSI Design and Technology) (4 Years, Bachelor of Technology)",OS,SC,Gender-Neutral,1133,1250
"National Institute of Technology, Warangal","Electronics and Communication Engineering (VLSI Design and Technology) (4 Years, Bachelor of Technology)",OS,ST,Gender-Neutral,486,486
"National Institute of Technology, Warangal","Electronics and Communication Engineering (VLSI Design and Technology) (4 Years, Bachelor of Technology)",OS,ST,Female-only (including Supernumerary),1288,1288
"National Institute of Technology, Warangal","Mathematics (5 Years, Integrated Master of Science)",HS,OPEN,Gender-Neutral,16739,37580
"National Institute of Technology, Warangal","Mathematics (5 Years, Integrated Master of Science)",HS,OPEN,Female-only (including Supernumerary),43889,43889
"National Institute of Technology, Warangal","Mathematics (5 Years, Integrated Master of Science)",HS,EWS,Gender-Neutral,7359,7359
"National Institute of Technology, Warangal","Mathematics (5 Years, Integrated Master of Science)",HS,OBC-NCL,Gender-Neutral,13769,13769
"National Institute of Technology, Warangal","Mathematics (5 Years, Integrated Master of Science)",HS,OBC-NCL (PwD),Gender-Neutral,826,826
"National Institute of Technology, Warangal","Mathematics (5 Years, Integrated Master of Science)",HS,SC,Gender-Neutral,7848,8240
"National Institute of Technology, Warangal","Mathematics (5 Years, Integrated Master of Science)",HS,ST,Female-only (including Supernumerary),4243,4243
"National Institute of Technology, Warangal","Mathematics (5 Years, Integrated Master of Science)",OS,OPEN,Gender-Neutral,19576,21556
"National Institute of Technology, Warangal","Mathematics (5 Years, Integrated Master of Science)",OS,OPEN,Female-only (including Supernumerary),33298,33298
"National Institute of Technology, Warangal","Mathematics (5 Years, Integrated Master of Science)",OS,EWS,Gender-Neutral,4367,4367
"National Institute of Technology, Warangal","Mathematics (5 Years, Integrated Master of Science)",OS,OBC-NCL,Gender-Neutral,6106,7230
"National Institute of Technology, Warangal","Mathematics (5 Years, Integrated Master of Science)",OS,OBC-NCL,Female-only (including Supernumerary),16026,16026
"National Institute of Technology, Warangal","Mathematics (5 Years, Integrated Master of Science)",OS,SC,Gender-Neutral,6132,6132
"National Institute of Technology, Warangal","Mathematics (5 Years, Integrated Master of Science)",OS,ST,Gender-Neutral,2415,2415
"National Institute of Technology, Warangal","Mathematics and Computing (4 Years, Bachelor of Technology)",HS,OPEN,Gender-Neutral,3134,4017
"National Institute of Technology, Warangal","Mathematics and Computing (4 Years, Bachelor of Technology)",HS,OPEN,Female-only (including Supernumerary),6672,6672
"National Institute of Technology, Warangal","Mathematics and Computing (4 Years, Bachelor of Technology)",HS,EWS,Gender-Neutral,599,599
"National Institute of Technology, Warangal","Mathematics and Computing (4 Years, Bachelor of Technology)",HS,EWS,Female-only (including Supernumerary),1089,1089
"National Institute of Technology, Warangal","Mathematics and Computing (4 Years, Bachelor of Technology)",HS,OBC-NCL,Gender-Neutral,935,1223
"National Institute of Technology, Warangal","Mathematics and Computing (4 Years, Bachelor of Technology)",HS,OBC-NCL,Female-only (including Supernumerary),2138,2138
"National Institute of Technology, Warangal","Mathematics and Computing (4 Years, Bachelor of Technology)",HS,OBC-NCL (PwD),Gender-Neutral,225,225
"National Institute of Technology, Warangal","Mathematics and Computing (4 Years, Bachelor of Technology)",HS,SC,Gender-Neutral,1114,1264
"National Institute of Technology, Warangal","Mathematics and Computing (4 Years, Bachelor of Technology)",HS,ST,Gender-Neutral,381,381
"National Institute of Technology, Warangal","Mathematics and Computing (4 Years, Bachelor of Technology)",OS,OPEN,Gender-Neutral,2617,3053
"National Institute of Technology, Warangal","Mathematics and Computing (4 Years, Bachelor of Technology)",OS,OPEN,Female-only (including Supernumerary),4553,4553
"National Institute of Technology, Warangal","Mathematics and Computing (4 Years, Bachelor of Technology)",OS,EWS,Gender-Neutral,427,427
"National Institute of Technology, Warangal","Mathematics and Computing (4 Years, Bachelor of Technology)",OS,OBC-NCL,Gender-Neutral,750,936
"National Institute of Technology, Warangal","Mathematics and Computing (4 Years, Bachelor of Technology)",OS,OBC-NCL,Female-only (including Supernumerary),2286,2286
"National Institute of Technology, Warangal","Mathematics and Computing (4 Years, Bachelor of Technology)",OS,SC,Gender-Neutral,748,862
"National Institute of Technology, Warangal","Mathematics and Computing (4 Years, Bachelor of Technology)",OS,SC,Female-only (including Supernumerary),1427,1427
"National Institute of Technology, Warangal","Mathematics and Computing (4 Years, Bachelor of Technology)",OS,ST,Gender-Neutral,375,375
"National Institute of Technology, Warangal","Mechanical Engineering (4 Years, Bachelor of Technology)",HS,OPEN,Gender-Neutral,10328,15409
"National Institute of Technology, Warangal","Mechanical Engineering (4 Years, Bachelor of Technology)",HS,OPEN,Female-only (including Supernumerary),16605,23288
"National Institute of Technology, Warangal","Mechanical Engineering (4 Years, Bachelor of Technology)",HS,OPEN (PwD),Gender-Neutral,393,393
"National Institute of Technology, Warangal","Mechanical Engineering (4 Years, Bachelor of Technology)",HS,EWS,Gender-Neutral,2631,2962
"National Institute of Technology, Warangal","Mechanical Engineering (4 Years, Bachelor of Technology)",HS,EWS,Female-only (including Supernumerary),3973,3973
"National Institute of Technology, Warangal","Mechanical Engineering (4 Years, Bachelor of Technology)",HS,OBC-NCL,Gender-Neutral,3896,5817
"National Institute of Technology, Warangal","Mechanical Engineering (4 Years, Bachelor of Technology)",HS,OBC-NCL,Female-only (including Supernumerary),7449,9828
"National Institute of Technology, Warangal","Mechanical Engineering (4 Years, Bachelor of Technology)",HS,OBC-NCL (PwD),Gender-Neutral,357,357
"National Institute of Technology, Warangal","Mechanical Engineering (4 Years, Bachelor of Technology)",HS,SC,Gender-Neutral,2192,3806
"National Institute of Technology, Warangal","Mechanical Engineering (4 Years, Bachelor of Technology)",HS,SC,Female-only (including Supernumerary),4336,4589
"National Institute of Technology, Warangal","Mechanical Engineering (4 Years, Bachelor of Technology)",HS,ST,Gender-Neutral,1162,1334
"National Institute of Technology, Warangal","Mechanical Engineering (4 Years, Bachelor of Technology)",HS,ST,Female-only (including Supernumerary),585,585
"National Institute of Technology, Warangal","Mechanical Engineering (4 Years, Bachelor of Technology)",OS,OPEN,Gender-Neutral,10076,12779
"National Institute of Technology, Warangal","Mechanical Engineering (4 Years, Bachelor of Technology)",OS,OPEN,Female-only (including Supernumerary),16658,22715
"National Institute of Technology, Warangal","Mechanical Engineering (4 Years, Bachelor of Technology)",OS,OPEN (PwD),Gender-Neutral,1214,1214
"National Institute of Technology, Warangal","Mechanical Engineering (4 Years, Bachelor of Technology)",OS,EWS,Gender-Neutral,1940,2061
"National Institute of Technology, Warangal","Mechanical Engineering (4 Years, Bachelor of Technology)",OS,EWS,Female-only (including Supernumerary),3915,3915
"National Institute of Technology, Warangal","Mechanical Engineering (4 Years, Bachelor of Technology)",OS,EWS (PwD),Gender-Neutral,213,213
"National Institute of Technology, Warangal","Mechanical Engineering (4 Years, Bachelor of Technology)",OS,OBC-NCL,Gender-Neutral,3057,5087
"National Institute of Technology, Warangal","Mechanical Engineering (4 Years, Bachelor of Technology)",OS,OBC-NCL,Female-only (including Supernumerary),6694,9181
"National Institute of Technology, Warangal","Mechanical Engineering (4 Years, Bachelor of Technology)",OS,OBC-NCL (PwD),Female-only (including Supernumerary),709,709
"National Institute of Technology, Warangal","Mechanical Engineering (4 Years, Bachelor of Technology)",OS,SC,Gender-Neutral,2224,2818
"National Institute of Technology, Warangal","Mechanical Engineering (4 Years, Bachelor of Technology)",OS,SC,Female-only (including Supernumerary),4065,4294
"National Institute of Technology, Warangal","Mechanical Engineering (4 Years, Bachelor of Technology)",OS,ST,Gender-Neutral,1323,1393
"National Institute of Technology, Warangal","Mechanical Engineering (4 Years, Bachelor of Technology)",OS,ST,Female-only (including Supernumerary),2015,2015
"National Institute of Technology, Warangal","Metallurgical and Materials Engineering (4 Years, Bachelor of Technology)",HS,OPEN,Gender-Neutral,27910,37056
"National Institute of Technology, Warangal","Metallurgical and Materials Engineering (4 Years, Bachelor of Technology)",HS,OPEN,Female-only (including Supernumerary),30711,34591
"National Institute of Technology, Warangal","Metallurgical and Materials Engineering (4 Years, Bachelor of Technology)",HS,OPEN (PwD),Gender-Neutral,2011,2011
"National Institute of Technology, Warangal","Metallurgical and Materials Engineering (4 Years, Bachelor of Technology)",HS,OPEN (PwD),Female-only (including Supernumerary),2277,2277
"National Institute of Technology, Warangal","Metallurgical and Materials Engineering (4 Years, Bachelor of Technology)",HS,EWS,Gender-Neutral,6268,6362
"National Institute of Technology, Warangal","Metallurgical and Materials Engineering (4 Years, Bachelor of Technology)",HS,EWS,Female-only (including Supernumerary),7000,7000
"National Institute of Technology, Warangal","Metallurgical and Materials Engineering (4 Years, Bachelor of Technology)",HS,OBC-NCL,Gender-Neutral,11042,13121
"National Institute of Technology, Warangal","Metallurgical and Materials Engineering (4 Years, Bachelor of Technology)",HS,OBC-NCL,Female-only (including Supernumerary),11515,12205
"National Institute of Technology, Warangal","Metallurgical and Materials Engineering (4 Years, Bachelor of Technology)",HS,SC,Gender-Neutral,4102,5879
"National Institute of Technology, Warangal","Metallurgical and Materials Engineering (4 Years, Bachelor of Technology)",HS,SC,Female-only (including Supernumerary),5727,5727
"National Institute of Technology, Warangal","Metallurgical and Materials Engineering (4 Years, Bachelor of Technology)",HS,ST,Gender-Neutral,1817,1843
"National Institute of Technology, Warangal","Metallurgical and Materials Engineering (4 Years, Bachelor of Technology)",OS,OPEN,Gender-Neutral,20856,26475
"National Institute of Technology, Warangal","Metallurgical and Materials Engineering (4 Years, Bachelor of Technology)",OS,OPEN,Female-only (including Supernumerary),29050,33978
"National Institute of Technology, Warangal","Metallurgical and Materials Engineering (4 Years, Bachelor of Technology)",OS,OPEN (PwD),Gender-Neutral,1973,1973
"National Institute of Technology, Warangal","Metallurgical and Materials Engineering (4 Years, Bachelor of Technology)",OS,EWS,Gender-Neutral,4329,4479
"National Institute of Technology, Warangal","Metallurgical and Materials Engineering (4 Years, Bachelor of Technology)",OS,EWS,Female-only (including Supernumerary),6890,6890
"National Institute of Technology, Warangal","Metallurgical and Materials Engineering (4 Years, Bachelor of Technology)",OS,OBC-NCL,Gender-Neutral,9382,10309
"National Institute of Technology, Warangal","Metallurgical and Materials Engineering (4 Years, Bachelor of Technology)",OS,OBC-NCL,Female-only (including Supernumerary),13934,14476
"National Institute of Technology, Warangal","Metallurgical and Materials Engineering (4 Years, Bachelor of Technology)",OS,SC,Gender-Neutral,5081,5736
"National Institute of Technology, Warangal","Metallurgical and Materials Engineering (4 Years, Bachelor of Technology)",OS,SC,Female-only (including Supernumerary),5569,5569
"National Institute of Technology, Warangal","Metallurgical and Materials Engineering (4 Years, Bachelor of Technology)",OS,ST,Gender-Neutral,1791,2157
"National Institute of Technology, Warangal","Metallurgical and Materials Engineering (4 Years, Bachelor of Technology)",OS,ST,Female-only (including Supernumerary),3356,3356
"National Institute of Technology, Warangal","Physics (5 Years, Integrated Master of Science)",HS,OPEN,Gender-Neutral,21884,37087
"National Institute of Technology, Warangal","Physics (5 Years, Integrated Master of Science)",HS,OPEN,Female-only (including Supernumerary),52205,52205
"National Institute of Technology, Warangal","Physics (5 Years, Integrated Master of Science)",HS,EWS,Gender-Neutral,7682,7682
"National Institute of Technology, Warangal","Physics (5 Years, Integrated Master of Science)",HS,OBC-NCL,Gender-Neutral,12137,14403
"National Institute of Technology, Warangal","Physics (5 Years, Integrated Master of Science)",HS,SC,Gender-Neutral,7351,7351
"National Institute of Technology, Warangal","Physics (5 Years, Integrated Master of Science)",HS,ST,Gender-Neutral,1658,1658
"National Institute of Technology, Warangal","Physics (5 Years, Integrated Master of Science)",HS,ST,Female-only (including Supernumerary),4351,4351
"National Institute of Technology, Warangal","Physics (5 Years, Integrated Master of Science)",OS,OPEN,Gender-Neutral,11345,12918
"National Institute of Technology, Warangal","Physics (5 Years, Integrated Master of Science)",OS,OPEN,Female-only (including Supernumerary),24447,24447
"National Institute of Technology, Warangal","Physics (5 Years, Integrated Master of Science)",OS,EWS,Gender-Neutral,5716,5716
"National Institute of Technology, Warangal","Physics (5 Years, Integrated Master of Science)",OS,OBC-NCL,Gender-Neutral,6978,9459
"National Institute of Technology, Warangal","Physics (5 Years, Integrated Master of Science)",OS,OBC-NCL,Female-only (including Supernumerary),16120,16120
"National Institute of Technology, Warangal","Physics (5 Years, Integrated Master of Science)",OS,SC,Gender-Neutral,4609,4609
"Sardar Vallabhbhai National Institute of Technology, Surat","Artificial Intelligence (4 Years, Bachelor of Technology)",HS,OPEN,Gender-Neutral,6205,9584
"Sardar Vallabhbhai National Institute of Technology, Surat","Artificial Intelligence (4 Years, Bachelor of Technology)",HS,OPEN,Female-only (including Supernumerary),10282,14952
"Sardar Vallabhbhai National Institute of Technology, Surat","Artificial Intelligence (4 Years, Bachelor of Technology)",HS,OPEN (PwD),Gender-Neutral,944,944
"Sardar Vallabhbhai National Institute of Technology, Surat","Artificial Intelligence (4 Years, Bachelor of Technology)",HS,EWS,Gender-Neutral,1396,1624
"Sardar Vallabhbhai National Institute of Technology, Surat","Artificial Intelligence (4 Years, Bachelor of Technology)",HS,EWS,Female-only (including Supernumerary),3303,3303
"Sardar Vallabhbhai National Institute of Technology, Surat","Artificial Intelligence (4 Years, Bachelor of Technology)",HS,OBC-NCL,Gender-Neutral,3888,5484
"Sardar Vallabhbhai National Institute of Technology, Surat","Artificial Intelligence (4 Years, Bachelor of Technology)",HS,OBC-NCL,Female-only (including Supernumerary),9952,17542
"Sardar Vallabhbhai National Institute of Technology, Surat","Artificial Intelligence (4 Years, Bachelor of Technology)",HS,OBC-NCL (PwD),Gender-Neutral,1379,1379
"Sardar Vallabhbhai National Institute of Technology, Surat","Artificial Intelligence (4 Years, Bachelor of Technology)",HS,SC,Gender-Neutral,1285,2777
"Sardar Vallabhbhai National Institute of Technology, Surat","Artificial Intelligence (4 Years, Bachelor of Technology)",HS,SC,Female-only (including Supernumerary),2203,2203
"Sardar Vallabhbhai National Institute of Technology, Surat","Artificial Intelligence (4 Years, Bachelor of Technology)",HS,SC (PwD),Female-only (including Supernumerary),152,152
"Sardar Vallabhbhai National Institute of Technology, Surat","Artificial Intelligence (4 Years, Bachelor of Technology)",HS,ST,Gender-Neutral,830,1353
"Sardar Vallabhbhai National Institute of Technology, Surat","Artificial Intelligence (4 Years, Bachelor of Technology)",HS,ST,Female-only (including Supernumerary),1364,1364
"Sardar Vallabhbhai National Institute of Technology, Surat","Artificial Intelligence (4 Years, Bachelor of Technology)",OS,OPEN,Gender-Neutral,5548,8670
"Sardar Vallabhbhai National Institute of Technology, Surat","Artificial Intelligence (4 Years, Bachelor of Technology)",OS,OPEN,Female-only (including Supernumerary),9014,14672
"Sardar Vallabhbhai National Institute of Technology, Surat","Artificial Intelligence (4 Years, Bachelor of Technology)",OS,OPEN (PwD),Gender-Neutral,529,529
"Sardar Vallabhbhai National Institute of Technology, Surat","Artificial Intelligence (4 Years, Bachelor of Technology)",OS,EWS,Gender-Neutral,1272,1500
"Sardar Vallabhbhai National Institute of Technology, Surat","Artificial Intelligence (4 Years, Bachelor of Technology)",OS,EWS,Female-only (including Supernumerary),2366,2366
"Sardar Vallabhbhai National Institute of Technology, Surat","Artificial Intelligence (4 Years, Bachelor of Technology)",OS,OBC-NCL,Gender-Neutral,2451,3723
"Sardar Vallabhbhai National Institute of Technology, Surat","Artificial Intelligence (4 Years, Bachelor of Technology)",OS,OBC-NCL,Female-only (including Supernumerary),7190,7364
"Sardar Vallabhbhai National Institute of Technology, Surat","Artificial Intelligence (4 Years, Bachelor of Technology)",OS,OBC-NCL (PwD),Gender-Neutral,219,219
"Sardar Vallabhbhai National Institute of Technology, Surat","Artificial Intelligence (4 Years, Bachelor of Technology)",OS,SC,Gender-Neutral,2123,2420
"Sardar Vallabhbhai National Institute of Technology, Surat","Artificial Intelligence (4 Years, Bachelor of Technology)",OS,SC,Female-only (including Supernumerary),2533,2617
"Sardar Vallabhbhai National Institute of Technology, Surat","Artificial Intelligence (4 Years, Bachelor of Technology)",OS,SC (PwD),Gender-Neutral,72,72
"Sardar Vallabhbhai National Institute of Technology, Surat","Artificial Intelligence (4 Years, Bachelor of Technology)",OS,ST,Gender-Neutral,431,944
"Sardar Vallabhbhai National Institute of Technology, Surat","Artificial Intelligence (4 Years, Bachelor of Technology)",OS,ST,Female-only (including Supernumerary),1482,1482
"Sardar Vallabhbhai National Institute of Technology, Surat","Artificial Intelligence (5 Years, Integrated B. Tech. and M. Tech.)",HS,OPEN,Gender-Neutral,9634,11475
"Sardar Vallabhbhai National Institute of Technology, Surat","Artificial Intelligence (5 Years, Integrated B. Tech. and M. Tech.)",HS,OPEN,Female-only (including Supernumerary),15428,15428
"Sardar Vallabhbhai National Institute of Technology, Surat","Artificial Intelligence (5 Years, Integrated B. Tech. and M. Tech.)",HS,EWS,Gender-Neutral,2098,2098
"Sardar Vallabhbhai National Institute of Technology, Surat","Artificial Intelligence (5 Years, Integrated B. Tech. and M. Tech.)",HS,OBC-NCL,Gender-Neutral,5521,5898
"Sardar Vallabhbhai National Institute of Technology, Surat","Artificial Intelligence (5 Years, Integrated B. Tech. and M. Tech.)",HS,OBC-NCL,Female-only (including Supernumerary),16271,16271
"Sardar Vallabhbhai National Institute of Technology, Surat","Artificial Intelligence (5 Years, Integrated B. Tech. and M. Tech.)",HS,SC,Gender-Neutral,3380,3633
"Sardar Vallabhbhai National Institute of Technology, Surat","Artificial Intelligence (5 Years, Integrated B. Tech. and M. Tech.)",HS,SC,Female-only (including Supernumerary),3880,3880
"Sardar Vallabhbhai National Institute of Technology, Surat","Artificial Intelligence (5 Years, Integrated B. Tech. and M. Tech.)",HS,ST,Gender-Neutral,1372,1372
"Sardar Vallabhbhai National Institute of Technology, Surat","Artificial Intelligence (5 Years, Integrated B. Tech. and M. Tech.)",OS,OPEN,Gender-Neutral,9046,12156
"Sardar Vallabhbhai National Institute of Technology, Surat","Artificial Intelligence (5 Years, Integrated B. Tech. and M. Tech.)",OS,OPEN,Female-only (including Supernumerary),17518,17518
"Sardar Vallabhbhai National Institute of Technology, Surat","Artificial Intelligence (5 Years, Integrated B. Tech. and M. Tech.)",OS,EWS,Gender-Neutral,1821,1821
"Sardar Vallabhbhai National Institute of Technology, Surat","Artificial Intelligence (5 Years, Integrated B. Tech. and M. Tech.)",OS,OBC-NCL,Gender-Neutral,3729,4411
"Sardar Vallabhbhai National Institute of Technology, Surat","Artificial Intelligence (5 Years, Integrated B. Tech. and M. Tech.)",OS,OBC-NCL,Female-only (including Supernumerary),9158,9158
"Sardar Vallabhbhai National Institute of Technology, Surat","Artificial Intelligence (5 Years, Integrated B. Tech. and M. Tech.)",OS,SC,Gender-Neutral,2520,2758
"Sardar Vallabhbhai National Institute of Technology, Surat","Artificial Intelligence (5 Years, Integrated B. Tech. and M. Tech.)",OS,SC,Female-only (including Supernumerary),5217,5217
"Sardar Vallabhbhai National Institute of Technology, Surat","Artificial Intelligence (5 Years, Integrated B. Tech. and M. Tech.)",OS,ST,Gender-Neutral,1200,1200
"Sardar Vallabhbhai National Institute of Technology, Surat","Chemical Engineering (4 Years, Bachelor of Technology)",HS,OPEN,Gender-Neutral,27439,38403
"Sardar Vallabhbhai National Institute of Technology, Surat","Chemical Engineering (4 Years, Bachelor of Technology)",HS,OPEN,Female-only (including Supernumerary),36745,43741
"Sardar Vallabhbhai National Institute of Technology, Surat","Chemical Engineering (4 Years, Bachelor of Technology)",HS,EWS,Gender-Neutral,6157,6674
"Sardar Vallabhbhai National Institute of Technology, Surat","Chemical Engineering (4 Years, Bachelor of Technology)",HS,EWS,Female-only (including Supernumerary),8188,8188
"Sardar Vallabhbhai National Institute of Technology, Surat","Chemical Engineering (4 Years, Bachelor of Technology)",HS,OBC-NCL,Gender-Neutral,11920,20992
"Sardar Vallabhbhai National Institute of Technology, Surat","Chemical Engineering (4 Years, Bachelor of Technology)",HS,OBC-NCL,Female-only (including Supernumerary),28751,36394
"Sardar Vallabhbhai National Institute of Technology, Surat","Chemical Engineering (4 Years, Bachelor of Technology)",HS,SC,Gender-Neutral,4755,9463
"Sardar Vallabhbhai National Institute of Technology, Surat","Chemical Engineering (4 Years, Bachelor of Technology)",HS,SC,Female-only (including Supernumerary),6613,9402
"Sardar Vallabhbhai National Institute of Technology, Surat","Chemical Engineering (4 Years, Bachelor of Technology)",HS,ST,Gender-Neutral,1305,2743
"Sardar Vallabhbhai National Institute of Technology, Surat","Chemical Engineering (4 Years, Bachelor of Technology)",HS,ST,Female-only (including Supernumerary),1503,1503
"Sardar Vallabhbhai National Institute of Technology, Surat","Chemical Engineering (4 Years, Bachelor of Technology)",OS,OPEN,Gender-Neutral,26451,31864
"Sardar Vallabhbhai National Institute of Technology, Surat","Chemical Engineering (4 Years, Bachelor of Technology)",OS,OPEN,Female-only (including Supernumerary),32907,36881
"Sardar Vallabhbhai National Institute of Technology, Surat","Chemical Engineering (4 Years, Bachelor of Technology)",OS,OPEN (PwD),Gender-Neutral,3063,3063
"Sardar Vallabhbhai National Institute of Technology, Surat","Chemical Engineering (4 Years, Bachelor of Technology)",OS,EWS,Gender-Neutral,5477,5538
"Sardar Vallabhbhai National Institute of Technology, Surat","Chemical Engineering (4 Years, Bachelor of Technology)",OS,EWS,Female-only (including Supernumerary),6349,6349
"Sardar Vallabhbhai National Institute of Technology, Surat","Chemical Engineering (4 Years, Bachelor of Technology)",OS,OBC-NCL,Gender-Neutral,10591,11850
"Sardar Vallabhbhai National Institute of Technology, Surat","Chemical Engineering (4 Years, Bachelor of Technology)",OS,OBC-NCL,Female-only (including Supernumerary),15296,16481
"Sardar Vallabhbhai National Institute of Technology, Surat","Chemical Engineering (4 Years, Bachelor of Technology)",OS,OBC-NCL (PwD),Gender-Neutral,1395,1395
"Sardar Vallabhbhai National Institute of Technology, Surat","Chemical Engineering (4 Years, Bachelor of Technology)",OS,SC,Gender-Neutral,6058,6768
"Sardar Vallabhbhai National Institute of Technology, Surat","Chemical Engineering (4 Years, Bachelor of Technology)",OS,SC,Female-only (including Supernumerary),7516,8295
"Sardar Vallabhbhai National Institute of Technology, Surat","Chemical Engineering (4 Years, Bachelor of Technology)",OS,ST,Gender-Neutral,2236,2416
"Sardar Vallabhbhai National Institute of Technology, Surat","Chemical Engineering (4 Years, Bachelor of Technology)",OS,ST,Female-only (including Supernumerary),2708,2708
"Sardar Vallabhbhai National Institute of Technology, Surat","Chemistry (5 Years, Integrated Master of Science)",HS,OPEN,Gender-Neutral,49977,73130
"Sardar Vallabhbhai National Institute of Technology, Surat","Chemistry (5 Years, Integrated Master of Science)",HS,EWS,Gender-Neutral,13260,13285
"Sardar Vallabhbhai National Institute of Technology, Surat","Chemistry (5 Years, Integrated Master of Science)",HS,OBC-NCL,Gender-Neutral,35895,57740
"Sardar Vallabhbhai National Institute of Technology, Surat","Chemistry (5 Years, Integrated Master of Science)",HS,SC,Gender-Neutral,17885,21060
"Sardar Vallabhbhai National Institute of Technology, Surat","Chemistry (5 Years, Integrated Master of Science)",HS,ST,Gender-Neutral,6831,8045
"Sardar Vallabhbhai National Institute of Technology, Surat","Chemistry (5 Years, Integrated Master of Science)",OS,OPEN,Gender-Neutral,39815,52472
"Sardar Vallabhbhai National Institute of Technology, Surat","Chemistry (5 Years, Integrated Master of Science)",OS,EWS,Gender-Neutral,8653,9078
"Sardar Vallabhbhai National Institute of Technology, Surat","Chemistry (5 Years, Integrated Master of Science)",OS,OBC-NCL,Gender-Neutral,15762,18359
"Sardar Vallabhbhai National Institute of Technology, Surat","Chemistry (5 Years, Integrated Master of Science)",OS,OBC-NCL (PwD),Gender-Neutral,1649,1649
"Sardar Vallabhbhai National Institute of Technology, Surat","Chemistry (5 Years, Integrated Master of Science)",OS,SC,Gender-Neutral,8733,9456
"Sardar Vallabhbhai National Institute of Technology, Surat","Chemistry (5 Years, Integrated Master of Science)",OS,ST,Gender-Neutral,3495,3572
"Sardar Vallabhbhai National Institute of Technology, Surat","Civil Engineering (4 Years, Bachelor of Technology)",HS,OPEN,Gender-Neutral,15504,43616
"Sardar Vallabhbhai National Institute of Technology, Surat","Civil Engineering (4 Years, Bachelor of Technology)",HS,OPEN,Female-only (including Supernumerary),36264,52765
"Sardar Vallabhbhai National Institute of Technology, Surat","Civil Engineering (4 Years, Bachelor of Technology)",HS,OPEN (PwD),Gender-Neutral,1306,1306
"Sardar Vallabhbhai National Institute of Technology, Surat","Civil Engineering (4 Years, Bachelor of Technology)",HS,EWS,Gender-Neutral,7027,7200
"Sardar Vallabhbhai National Institute of Technology, Surat","Civil Engineering (4 Years, Bachelor of Technology)",HS,EWS,Female-only (including Supernumerary),9012,9012
"Sardar Vallabhbhai National Institute of Technology, Surat","Civil Engineering (4 Years, Bachelor of Technology)",HS,OBC-NCL,Gender-Neutral,20770,26446
"Sardar Vallabhbhai National Institute of Technology, Surat","Civil Engineering (4 Years, Bachelor of Technology)",HS,OBC-NCL,Female-only (including Supernumerary),26927,41049
"Sardar Vallabhbhai National Institute of Technology, Surat","Civil Engineering (4 Years, Bachelor of Technology)",HS,SC,Gender-Neutral,5845,12306
"Sardar Vallabhbhai National Institute of Technology, Surat","Civil Engineering (4 Years, Bachelor of Technology)",HS,SC,Female-only (including Supernumerary),8762,13581
"Sardar Vallabhbhai National Institute of Technology, Surat","Civil Engineering (4 Years, Bachelor of Technology)",HS,ST,Gender-Neutral,796,3005
"Sardar Vallabhbhai National Institute of Technology, Surat","Civil Engineering (4 Years, Bachelor of Technology)",HS,ST,Female-only (including Supernumerary),2817,2817
"Sardar Vallabhbhai National Institute of Technology, Surat","Civil Engineering (4 Years, Bachelor of Technology)",OS,OPEN,Gender-Neutral,29202,40394
"Sardar Vallabhbhai National Institute of Technology, Surat","Civil Engineering (4 Years, Bachelor of Technology)",OS,OPEN,Female-only (including Supernumerary),39305,45099
"Sardar Vallabhbhai National Institute of Technology, Surat","Civil Engineering (4 Years, Bachelor of Technology)",OS,OPEN (PwD),Gender-Neutral,1381,1381
"Sardar Vallabhbhai National Institute of Technology, Surat","Civil Engineering (4 Years, Bachelor of Technology)",OS,OPEN (PwD),Female-only (including Supernumerary),1756,1756
"Sardar Vallabhbhai National Institute of Technology, Surat","Civil Engineering (4 Years, Bachelor of Technology)",OS,EWS,Gender-Neutral,6515,6680
"Sardar Vallabhbhai National Institute of Technology, Surat","Civil Engineering (4 Years, Bachelor of Technology)",OS,EWS,Female-only (including Supernumerary),7513,7513
"Sardar Vallabhbhai National Institute of Technology, Surat","Civil Engineering (4 Years, Bachelor of Technology)",OS,EWS (PwD),Gender-Neutral,496,496
"Sardar Vallabhbhai National Institute of Technology, Surat","Civil Engineering (4 Years, Bachelor of Technology)",OS,OBC-NCL,Gender-Neutral,12000,13374
"Sardar Vallabhbhai National Institute of Technology, Surat","Civil Engineering (4 Years, Bachelor of Technology)",OS,OBC-NCL,Female-only (including Supernumerary),18354,19805
"Sardar Vallabhbhai National Institute of Technology, Surat","Civil Engineering (4 Years, Bachelor of Technology)",OS,SC,Gender-Neutral,5686,6684
"Sardar Vallabhbhai National Institute of Technology, Surat","Civil Engineering (4 Years, Bachelor of Technology)",OS,SC,Female-only (including Supernumerary),9232,9306
"Sardar Vallabhbhai National Institute of Technology, Surat","Civil Engineering (4 Years, Bachelor of Technology)",OS,ST,Gender-Neutral,1256,1674
"Sardar Vallabhbhai National Institute of Technology, Surat","Civil Engineering (4 Years, Bachelor of Technology)",OS,ST,Female-only (including Supernumerary),2373,2373
"Sardar Vallabhbhai National Institute of Technology, Surat","Computer Science and Engineering (4 Years, Bachelor of Technology)",HS,OPEN,Gender-Neutral,3106,6110
"Sardar Vallabhbhai National Institute of Technology, Surat","Computer Science and Engineering (4 Years, Bachelor of Technology)",HS,OPEN,Female-only (including Supernumerary),2821,10759
"Sardar Vallabhbhai National Institute of Technology, Surat","Computer Science and Engineering (4 Years, Bachelor of Technology)",HS,OPEN (PwD),Gender-Neutral,225,225
"Sardar Vallabhbhai National Institute of Technology, Surat","Computer Science and Engineering (4 Years, Bachelor of Technology)",HS,EWS,Gender-Neutral,847,1137
"Sardar Vallabhbhai National Institute of Technology, Surat","Computer Science and Engineering (4 Years, Bachelor of Technology)",HS,EWS,Female-only (including Supernumerary),1717,1717
"Sardar Vallabhbhai National Institute of Technology, Surat","Computer Science and Engineering (4 Years, Bachelor of Technology)",HS,EWS (PwD),Gender-Neutral,103,103
"Sardar Vallabhbhai National Institute of Technology, Surat","Computer Science and Engineering (4 Years, Bachelor of Technology)",HS,OBC-NCL,Gender-Neutral,1529,3543
"Sardar Vallabhbhai National Institute of Technology, Surat","Computer Science and Engineering (4 Years, Bachelor of Technology)",HS,OBC-NCL,Female-only (including Supernumerary),2684,3871
"Sardar Vallabhbhai National Institute of Technology, Surat","Computer Science and Engineering (4 Years, Bachelor of Technology)",HS,OBC-NCL (PwD),Gender-Neutral,188,188
"Sardar Vallabhbhai National Institute of Technology, Surat","Computer Science and Engineering (4 Years, Bachelor of Technology)",HS,SC,Gender-Neutral,511,1183
"Sardar Vallabhbhai National Institute of Technology, Surat","Computer Science and Engineering (4 Years, Bachelor of Technology)",HS,SC,Female-only (including Supernumerary),682,1428
"Sardar Vallabhbhai National Institute of Technology, Surat","Computer Science and Engineering (4 Years, Bachelor of Technology)",HS,ST,Gender-Neutral,295,718
"Sardar Vallabhbhai National Institute of Technology, Surat","Computer Science and Engineering (4 Years, Bachelor of Technology)",HS,ST,Female-only (including Supernumerary),625,625
"Sardar Vallabhbhai National Institute of Technology, Surat","Computer Science and Engineering (4 Years, Bachelor of Technology)",OS,OPEN,Gender-Neutral,5587,6745
"Sardar Vallabhbhai National Institute of Technology, Surat","Computer Science and Engineering (4 Years, Bachelor of Technology)",OS,OPEN,Female-only (including Supernumerary),9759,10389
"Sardar Vallabhbhai National Institute of Technology, Surat","Computer Science and Engineering (4 Years, Bachelor of Technology)",OS,OPEN (PwD),Gender-Neutral,306,306
"Sardar Vallabhbhai National Institute of Technology, Surat","Computer Science and Engineering (4 Years, Bachelor of Technology)",OS,EWS,Gender-Neutral,962,1043
"Sardar Vallabhbhai National Institute of Technology, Surat","Computer Science and Engineering (4 Years, Bachelor of Technology)",OS,EWS,Female-only (including Supernumerary),1589,1589
"Sardar Vallabhbhai National Institute of Technology, Surat","Computer Science and Engineering (4 Years, Bachelor of Technology)",OS,OBC-NCL,Gender-Neutral,1820,2708
"Sardar Vallabhbhai National Institute of Technology, Surat","Computer Science and Engineering (4 Years, Bachelor of Technology)",OS,OBC-NCL,Female-only (including Supernumerary),4269,5796
"Sardar Vallabhbhai National Institute of Technology, Surat","Computer Science and Engineering (4 Years, Bachelor of Technology)",OS,OBC-NCL (PwD),Gender-Neutral,175,175
"Sardar Vallabhbhai National Institute of Technology, Surat","Computer Science and Engineering (4 Years, Bachelor of Technology)",OS,SC,Gender-Neutral,1670,1926
"Sardar Vallabhbhai National Institute of Technology, Surat","Computer Science and Engineering (4 Years, Bachelor of Technology)",OS,SC,Female-only (including Supernumerary),1770,1984
"Sardar Vallabhbhai National Institute of Technology, Surat","Computer Science and Engineering (4 Years, Bachelor of Technology)",OS,SC (PwD),Gender-Neutral,62,62
"Sardar Vallabhbhai National Institute of Technology, Surat","Computer Science and Engineering (4 Years, Bachelor of Technology)",OS,ST,Gender-Neutral,530,568
"Sardar Vallabhbhai National Institute of Technology, Surat","Computer Science and Engineering (4 Years, Bachelor of Technology)",OS,ST,Female-only (including Supernumerary),1434,1434
"Sardar Vallabhbhai National Institute of Technology, Surat","Computer Science and Engineering (4 Years, Bachelor of Technology)",OS,ST (PwD),Gender-Neutral,23,23
"Sardar Vallabhbhai National Institute of Technology, Surat","Electrical Engineering (4 Years, Bachelor of Technology)",HS,OPEN,Gender-Neutral,11464,20130
"Sardar Vallabhbhai National Institute of Technology, Surat","Electrical Engineering (4 Years, Bachelor of Technology)",HS,OPEN,Female-only (including Supernumerary),23383,28889
"Sardar Vallabhbhai National Institute of Technology, Surat","Electrical Engineering (4 Years, Bachelor of Technology)",HS,EWS,Gender-Neutral,3345,3760
"Sardar Vallabhbhai National Institute of Technology, Surat","Electrical Engineering (4 Years, Bachelor of Technology)",HS,EWS,Female-only (including Supernumerary),6480,6480
"Sardar Vallabhbhai National Institute of Technology, Surat","Electrical Engineering (4 Years, Bachelor of Technology)",HS,OBC-NCL,Gender-Neutral,8468,11756
"Sardar Vallabhbhai National Institute of Technology, Surat","Electrical Engineering (4 Years, Bachelor of Technology)",HS,OBC-NCL,Female-only (including Supernumerary),22186,29326
"Sardar Vallabhbhai National Institute of Technology, Surat","Electrical Engineering (4 Years, Bachelor of Technology)",HS,SC,Gender-Neutral,2544,7791
"Sardar Vallabhbhai National Institute of Technology, Surat","Electrical Engineering (4 Years, Bachelor of Technology)",HS,SC,Female-only (including Supernumerary),4783,7110
"Sardar Vallabhbhai National Institute of Technology, Surat","Electrical Engineering (4 Years, Bachelor of Technology)",HS,ST,Gender-Neutral,1414,2264
"Sardar Vallabhbhai National Institute of Technology, Surat","Electrical Engineering (4 Years, Bachelor of Technology)",HS,ST,Female-only (including Supernumerary),2520,2520
"Sardar Vallabhbhai National Institute of Technology, Surat","Electrical Engineering (4 Years, Bachelor of Technology)",OS,OPEN,Gender-Neutral,14005,18159
"Sardar Vallabhbhai National Institute of Technology, Surat","Electrical Engineering (4 Years, Bachelor of Technology)",OS,OPEN,Female-only (including Supernumerary),21695,23986
"Sardar Vallabhbhai National Institute of Technology, Surat","Electrical Engineering (4 Years, Bachelor of Technology)",OS,OPEN (PwD),Gender-Neutral,1134,1134
"Sardar Vallabhbhai National Institute of Technology, Surat","Electrical Engineering (4 Years, Bachelor of Technology)",OS,EWS,Gender-Neutral,2875,2976
"Sardar Vallabhbhai National Institute of Technology, Surat","Electrical Engineering (4 Years, Bachelor of Technology)",OS,EWS,Female-only (including Supernumerary),4357,4357
"Sardar Vallabhbhai National Institute of Technology, Surat","Electrical Engineering (4 Years, Bachelor of Technology)",OS,OBC-NCL,Gender-Neutral,5614,6768
"Sardar Vallabhbhai National Institute of Technology, Surat","Electrical Engineering (4 Years, Bachelor of Technology)",OS,OBC-NCL,Female-only (including Supernumerary),9480,12541
"Sardar Vallabhbhai National Institute of Technology, Surat","Electrical Engineering (4 Years, Bachelor of Technology)",OS,SC,Gender-Neutral,3126,3920
"Sardar Vallabhbhai National Institute of Technology, Surat","Electrical Engineering (4 Years, Bachelor of Technology)",OS,SC,Female-only (including Supernumerary),5925,6110
"Sardar Vallabhbhai National Institute of Technology, Surat","Electrical Engineering (4 Years, Bachelor of Technology)",OS,ST,Gender-Neutral,1347,1708
"Sardar Vallabhbhai National Institute of Technology, Surat","Electrical Engineering (4 Years, Bachelor of Technology)",OS,ST,Female-only (including Supernumerary),2001,2001
"Sardar Vallabhbhai National Institute of Technology, Surat","Electrical Engineering (4 Years, Bachelor of Technology)",OS,ST (PwD),Gender-Neutral,59,59
"Sardar Vallabhbhai National Institute of Technology, Surat","Electronics and Communication Engineering (4 Years, Bachelor of Technology)",HS,OPEN,Gender-Neutral,7702,13138
"Sardar Vallabhbhai National Institute of Technology, Surat","Electronics and Communication Engineering (4 Years, Bachelor of Technology)",HS,OPEN,Female-only (including Supernumerary),16037,19691
"Sardar Vallabhbhai National Institute of Technology, Surat","Electronics and Communication Engineering (4 Years, Bachelor of Technology)",HS,EWS,Gender-Neutral,2136,2290
"Sardar Vallabhbhai National Institute of Technology, Surat","Electronics and Communication Engineering (4 Years, Bachelor of Technology)",HS,EWS,Female-only (including Supernumerary),3140,3140
"Sardar Vallabhbhai National Institute of Technology, Surat","Electronics and Communication Engineering (4 Years, Bachelor of Technology)",HS,OBC-NCL,Gender-Neutral,4636,6938
"Sardar Vallabhbhai National Institute of Technology, Surat","Electronics and Communication Engineering (4 Years, Bachelor of Technology)",HS,OBC-NCL,Female-only (including Supernumerary),8620,16317
"Sardar Vallabhbhai National Institute of Technology, Surat","Electronics and Communication Engineering (4 Years, Bachelor of Technology)",HS,SC,Gender-Neutral,1765,3496
"Sardar Vallabhbhai National Institute of Technology, Surat","Electronics and Communication Engineering (4 Years, Bachelor of Technology)",HS,SC,Female-only (including Supernumerary),3203,3728
"Sardar Vallabhbhai National Institute of Technology, Surat","Electronics and Communication Engineering (4 Years, Bachelor of Technology)",HS,ST,Gender-Neutral,1575,1774
"Sardar Vallabhbhai National Institute of Technology, Surat","Electronics and Communication Engineering (4 Years, Bachelor of Technology)",HS,ST,Female-only (including Supernumerary),1556,1556
"Sardar Vallabhbhai National Institute of Technology, Surat","Electronics and Communication Engineering (4 Years, Bachelor of Technology)",OS,OPEN,Gender-Neutral,9908,12926
"Sardar Vallabhbhai National Institute of Technology, Surat","Electronics and Communication Engineering (4 Years, Bachelor of Technology)",OS,OPEN,Female-only (including Supernumerary),15060,16787
"Sardar Vallabhbhai National Institute of Technology, Surat","Electronics and Communication Engineering (4 Years, Bachelor of Technology)",OS,OPEN (PwD),Gender-Neutral,406,406
"Sardar Vallabhbhai National Institute of Technology, Surat","Electronics and Communication Engineering (4 Years, Bachelor of Technology)",OS,EWS,Gender-Neutral,1919,2155
"Sardar Vallabhbhai National Institute of Technology, Surat","Electronics and Communication Engineering (4 Years, Bachelor of Technology)",OS,EWS,Female-only (including Supernumerary),3064,3064
"Sardar Vallabhbhai National Institute of Technology, Surat","Electronics and Communication Engineering (4 Years, Bachelor of Technology)",OS,EWS (PwD),Gender-Neutral,127,127
"Sardar Vallabhbhai National Institute of Technology, Surat","Electronics and Communication Engineering (4 Years, Bachelor of Technology)",OS,OBC-NCL,Gender-Neutral,3833,5074
"Sardar Vallabhbhai National Institute of Technology, Surat","Electronics and Communication Engineering (4 Years, Bachelor of Technology)",OS,OBC-NCL,Female-only (including Supernumerary),8002,9282
"Sardar Vallabhbhai National Institute of Technology, Surat","Electronics and Communication Engineering (4 Years, Bachelor of Technology)",OS,OBC-NCL (PwD),Gender-Neutral,348,348
"Sardar Vallabhbhai National Institute of Technology, Surat","Electronics and Communication Engineering (4 Years, Bachelor of Technology)",OS,SC,Gender-Neutral,2571,3210
"Sardar Vallabhbhai National Institute of Technology, Surat","Electronics and Communication Engineering (4 Years, Bachelor of Technology)",OS,SC,Female-only (including Supernumerary),3974,4946
"Sardar Vallabhbhai National Institute of Technology, Surat","Electronics and Communication Engineering (4 Years, Bachelor of Technology)",OS,ST,Gender-Neutral,1034,1159
"Sardar Vallabhbhai National Institute of Technology, Surat","Electronics and Communication Engineering (4 Years, Bachelor of Technology)",OS,ST,Female-only (including Supernumerary),1248,1248
"Sardar Vallabhbhai National Institute of Technology, Surat","Electronics and VLSI Engineering (4 Years, Bachelor of Technology)",HS,OPEN,Gender-Neutral,13158,15828
"Sardar Vallabhbhai National Institute of Technology, Surat","Electronics and VLSI Engineering (4 Years, Bachelor of Technology)",HS,OPEN,Female-only (including Supernumerary),21745,22994
"Sardar Vallabhbhai National Institute of Technology, Surat","Electronics and VLSI Engineering (4 Years, Bachelor of Technology)",HS,EWS,Gender-Neutral,2906,2995
"Sardar Vallabhbhai National Institute of Technology, Surat","Electronics and VLSI Engineering (4 Years, Bachelor of Technology)",HS,OBC-NCL,Gender-Neutral,7087,9196
"Sardar Vallabhbhai National Institute of Technology, Surat","Electronics and VLSI Engineering (4 Years, Bachelor of Technology)",HS,OBC-NCL,Female-only (including Supernumerary),16486,16486
"Sardar Vallabhbhai National Institute of Technology, Surat","Electronics and VLSI Engineering (4 Years, Bachelor of Technology)",HS,SC,Gender-Neutral,4193,5008
"Sardar Vallabhbhai National Institute of Technology, Surat","Electronics and VLSI Engineering (4 Years, Bachelor of Technology)",HS,SC,Female-only (including Supernumerary),5255,5255
"Sardar Vallabhbhai National Institute of Technology, Surat","Electronics and VLSI Engineering (4 Years, Bachelor of Technology)",HS,ST,Gender-Neutral,2343,2343
"Sardar Vallabhbhai National Institute of Technology, Surat","Electronics and VLSI Engineering (4 Years, Bachelor of Technology)",HS,ST,Female-only (including Supernumerary),4722,4722
"Sardar Vallabhbhai National Institute of Technology, Surat","Electronics and VLSI Engineering (4 Years, Bachelor of Technology)",OS,OPEN,Gender-Neutral,13267,14753
"Sardar Vallabhbhai National Institute of Technology, Surat","Electronics and VLSI Engineering (4 Years, Bachelor of Technology)",OS,OPEN,Female-only (including Supernumerary),20440,22633
"Sardar Vallabhbhai National Institute of Technology, Surat","Electronics and VLSI Engineering (4 Years, Bachelor of Technology)",OS,OPEN (PwD),Gender-Neutral,1105,1105
"Sardar Vallabhbhai National Institute of Technology, Surat","Electronics and VLSI Engineering (4 Years, Bachelor of Technology)",OS,EWS,Gender-Neutral,2393,2442
"Sardar Vallabhbhai National Institute of Technology, Surat","Electronics and VLSI Engineering (4 Years, Bachelor of Technology)",OS,EWS,Female-only (including Supernumerary),4334,4334
"Sardar Vallabhbhai National Institute of Technology, Surat","Electronics and VLSI Engineering (4 Years, Bachelor of Technology)",OS,OBC-NCL,Gender-Neutral,5269,6113
"Sardar Vallabhbhai National Institute of Technology, Surat","Electronics and VLSI Engineering (4 Years, Bachelor of Technology)",OS,OBC-NCL,Female-only (including Supernumerary),9991,9991
"Sardar Vallabhbhai National Institute of Technology, Surat","Electronics and VLSI Engineering (4 Years, Bachelor of Technology)",OS,SC,Gender-Neutral,2193,3596
"Sardar Vallabhbhai National Institute of Technology, Surat","Electronics and VLSI Engineering (4 Years, Bachelor of Technology)",OS,SC,Female-only (including Supernumerary),5551,5551
"Sardar Vallabhbhai National Institute of Technology, Surat","Electronics and VLSI Engineering (4 Years, Bachelor of Technology)",OS,ST,Gender-Neutral,1460,1460
"Sardar Vallabhbhai National Institute of Technology, Surat","Electronics and VLSI Engineering (4 Years, Bachelor of Technology)",OS,ST,Female-only (including Supernumerary),2727,2727
"Sardar Vallabhbhai National Institute of Technology, Surat","Engineering Physics (4 Years, Bachelor of Technology)",HS,OPEN,Gender-Neutral,7284,28587
"Sardar Vallabhbhai National Institute of Technology, Surat","Engineering Physics (4 Years, Bachelor of Technology)",HS,OPEN,Female-only (including Supernumerary),42492,42492
"Sardar Vallabhbhai National Institute of Technology, Surat","Engineering Physics (4 Years, Bachelor of Technology)",HS,EWS,Gender-Neutral,8641,8737
"Sardar Vallabhbhai National Institute of Technology, Surat","Engineering Physics (4 Years, Bachelor of Technology)",HS,OBC-NCL,Gender-Neutral,25601,29100
"Sardar Vallabhbhai National Institute of Technology, Surat","Engineering Physics (4 Years, Bachelor of Technology)",HS,OBC-NCL,Female-only (including Supernumerary),30048,30048
"Sardar Vallabhbhai National Institute of Technology, Surat","Engineering Physics (4 Years, Bachelor of Technology)",HS,SC,Gender-Neutral,11975,11975
"Sardar Vallabhbhai National Institute of Technology, Surat","Engineering Physics (4 Years, Bachelor of Technology)",HS,SC,Female-only (including Supernumerary),12268,12268
"Sardar Vallabhbhai National Institute of Technology, Surat","Engineering Physics (4 Years, Bachelor of Technology)",HS,ST,Gender-Neutral,2540,2540
"Sardar Vallabhbhai National Institute of Technology, Surat","Engineering Physics (4 Years, Bachelor of Technology)",OS,OPEN,Gender-Neutral,12447,21517
"Sardar Vallabhbhai National Institute of Technology, Surat","Engineering Physics (4 Years, Bachelor of Technology)",OS,OPEN,Female-only (including Supernumerary),34876,34876
"Sardar Vallabhbhai National Institute of Technology, Surat","Engineering Physics (4 Years, Bachelor of Technology)",OS,EWS,Gender-Neutral,3829,3829
"Sardar Vallabhbhai National Institute of Technology, Surat","Engineering Physics (4 Years, Bachelor of Technology)",OS,OBC-NCL,Gender-Neutral,9819,11388
"Sardar Vallabhbhai National Institute of Technology, Surat","Engineering Physics (4 Years, Bachelor of Technology)",OS,OBC-NCL,Female-only (including Supernumerary),16395,16395
"Sardar Vallabhbhai National Institute of Technology, Surat","Engineering Physics (4 Years, Bachelor of Technology)",OS,SC,Gender-Neutral,5029,6222
"Sardar Vallabhbhai National Institute of Technology, Surat","Engineering Physics (4 Years, Bachelor of Technology)",OS,SC,Female-only (including Supernumerary),8729,8729
"Sardar Vallabhbhai National Institute of Technology, Surat","Engineering Physics (4 Years, Bachelor of Technology)",OS,ST,Gender-Neutral,2956,2956
"Sardar Vallabhbhai National Institute of Technology, Surat","Industrial Chemistry (4 Years, Bachelor of Technology)",HS,OPEN,Gender-Neutral,41128,48642
"Sardar Vallabhbhai National Institute of Technology, Surat","Industrial Chemistry (4 Years, Bachelor of Technology)",HS,OPEN,Female-only (including Supernumerary),44819,44819
"Sardar Vallabhbhai National Institute of Technology, Surat","Industrial Chemistry (4 Years, Bachelor of Technology)",HS,EWS,Gender-Neutral,8422,8422
"Sardar Vallabhbhai National Institute of Technology, Surat","Industrial Chemistry (4 Years, Bachelor of Technology)",HS,OBC-NCL,Gender-Neutral,29419,30775
"Sardar Vallabhbhai National Institute of Technology, Surat","Industrial Chemistry (4 Years, Bachelor of Technology)",HS,OBC-NCL,Female-only (including Supernumerary),51072,51072
"Sardar Vallabhbhai National Institute of Technology, Surat","Industrial Chemistry (4 Years, Bachelor of Technology)",HS,SC,Gender-Neutral,12751,12751
"Sardar Vallabhbhai National Institute of Technology, Surat","Industrial Chemistry (4 Years, Bachelor of Technology)",HS,SC,Female-only (including Supernumerary),9601,9601
"Sardar Vallabhbhai National Institute of Technology, Surat","Industrial Chemistry (4 Years, Bachelor of Technology)",HS,ST,Gender-Neutral,5603,5603
"Sardar Vallabhbhai National Institute of Technology, Surat","Industrial Chemistry (4 Years, Bachelor of Technology)",OS,OPEN,Gender-Neutral,43429,45163
"Sardar Vallabhbhai National Institute of Technology, Surat","Industrial Chemistry (4 Years, Bachelor of Technology)",OS,OPEN,Female-only (including Supernumerary),52496,52496
"Sardar Vallabhbhai National Institute of Technology, Surat","Industrial Chemistry (4 Years, Bachelor of Technology)",OS,OPEN (PwD),Gender-Neutral,3431,3431
"Sardar Vallabhbhai National Institute of Technology, Surat","Industrial Chemistry (4 Years, Bachelor of Technology)",OS,EWS,Gender-Neutral,7436,7761
"Sardar Vallabhbhai National Institute of Technology, Surat","Industrial Chemistry (4 Years, Bachelor of Technology)",OS,OBC-NCL,Gender-Neutral,14363,14821
"Sardar Vallabhbhai National Institute of Technology, Surat","Industrial Chemistry (4 Years, Bachelor of Technology)",OS,OBC-NCL,Female-only (including Supernumerary),21019,21019
"Sardar Vallabhbhai National Institute of Technology, Surat","Industrial Chemistry (4 Years, Bachelor of Technology)",OS,SC,Gender-Neutral,6971,6971
"Sardar Vallabhbhai National Institute of Technology, Surat","Industrial Chemistry (4 Years, Bachelor of Technology)",OS,SC,Female-only (including Supernumerary),11198,11198
"Sardar Vallabhbhai National Institute of Technology, Surat","Industrial Chemistry (4 Years, Bachelor of Technology)",OS,ST,Gender-Neutral,3234,3234
"Sardar Vallabhbhai National Institute of Technology, Surat","Mathematics (5 Years, Integrated Master of Science)",HS,OPEN,Gender-Neutral,33517,56926
"Sardar Vallabhbhai National Institute of Technology, Surat","Mathematics (5 Years, Integrated Master of Science)",HS,EWS,Gender-Neutral,9976,10287
"Sardar Vallabhbhai National Institute of Technology, Surat","Mathematics (5 Years, Integrated Master of Science)",HS,OBC-NCL,Gender-Neutral,20945,55955
"Sardar Vallabhbhai National Institute of Technology, Surat","Mathematics (5 Years, Integrated Master of Science)",HS,SC,Gender-Neutral,14220,16853
"Sardar Vallabhbhai National Institute of Technology, Surat","Mathematics (5 Years, Integrated Master of Science)",HS,ST,Gender-Neutral,3741,3992
"Sardar Vallabhbhai National Institute of Technology, Surat","Mathematics (5 Years, Integrated Master of Science)",OS,OPEN,Gender-Neutral,21547,42519
"Sardar Vallabhbhai National Institute of Technology, Surat","Mathematics (5 Years, Integrated Master of Science)",OS,OPEN (PwD),Gender-Neutral,246,246
"Sardar Vallabhbhai National Institute of Technology, Surat","Mathematics (5 Years, Integrated Master of Science)",OS,EWS,Gender-Neutral,7648,7963
"Sardar Vallabhbhai National Institute of Technology, Surat","Mathematics (5 Years, Integrated Master of Science)",OS,OBC-NCL,Gender-Neutral,12288,16851
"Sardar Vallabhbhai National Institute of Technology, Surat","Mathematics (5 Years, Integrated Master of Science)",OS,SC,Gender-Neutral,8045,8841
"Sardar Vallabhbhai National Institute of Technology, Surat","Mathematics (5 Years, Integrated Master of Science)",OS,ST,Gender-Neutral,3323,3402
"Sardar Vallabhbhai National Institute of Technology, Surat","Mathematics and Computing (4 Years, Bachelor of Technology)",HS,OPEN,Gender-Neutral,5673,9109
"Sardar Vallabhbhai National Institute of Technology, Surat","Mathematics and Computing (4 Years, Bachelor of Technology)",HS,OPEN,Female-only (including Supernumerary),15203,15203
"Sardar Vallabhbhai National Institute of Technology, Surat","Mathematics and Computing (4 Years, Bachelor of Technology)",HS,EWS,Gender-Neutral,1326,1352
"Sardar Vallabhbhai National Institute of Technology, Surat","Mathematics and Computing (4 Years, Bachelor of Technology)",HS,OBC-NCL,Gender-Neutral,2596,4354
"Sardar Vallabhbhai National Institute of Technology, Surat","Mathematics and Computing (4 Years, Bachelor of Technology)",HS,OBC-NCL,Female-only (including Supernumerary),4115,4115
"Sardar Vallabhbhai National Institute of Technology, Surat","Mathematics and Computing (4 Years, Bachelor of Technology)",HS,SC,Gender-Neutral,1416,1416
"Sardar Vallabhbhai National Institute of Technology, Surat","Mathematics and Computing (4 Years, Bachelor of Technology)",HS,SC,Female-only (including Supernumerary),2867,2867
"Sardar Vallabhbhai National Institute of Technology, Surat","Mathematics and Computing (4 Years, Bachelor of Technology)",HS,ST,Gender-Neutral,769,769
"Sardar Vallabhbhai National Institute of Technology, Surat","Mathematics and Computing (4 Years, Bachelor of Technology)",OS,OPEN,Gender-Neutral,7683,8915
"Sardar Vallabhbhai National Institute of Technology, Surat","Mathematics and Computing (4 Years, Bachelor of Technology)",OS,OPEN,Female-only (including Supernumerary),15050,15050
"Sardar Vallabhbhai National Institute of Technology, Surat","Mathematics and Computing (4 Years, Bachelor of Technology)",OS,EWS,Gender-Neutral,1419,1419
"Sardar Vallabhbhai National Institute of Technology, Surat","Mathematics and Computing (4 Years, Bachelor of Technology)",OS,OBC-NCL,Gender-Neutral,3798,4012
"Sardar Vallabhbhai National Institute of Technology, Surat","Mathematics and Computing (4 Years, Bachelor of Technology)",OS,OBC-NCL,Female-only (including Supernumerary),8145,8145
"Sardar Vallabhbhai National Institute of Technology, Surat","Mathematics and Computing (4 Years, Bachelor of Technology)",OS,OBC-NCL (PwD),Gender-Neutral,306,306
"Sardar Vallabhbhai National Institute of Technology, Surat","Mathematics and Computing (4 Years, Bachelor of Technology)",OS,SC,Gender-Neutral,2471,2471
"Sardar Vallabhbhai National Institute of Technology, Surat","Mathematics and Computing (4 Years, Bachelor of Technology)",OS,SC,Female-only (including Supernumerary),4181,4181
"Sardar Vallabhbhai National Institute of Technology, Surat","Mathematics and Computing (4 Years, Bachelor of Technology)",OS,ST,Gender-Neutral,904,904
"Sardar Vallabhbhai National Institute of Technology, Surat","Mechanical Engineering (4 Years, Bachelor of Technology)",HS,OPEN,Gender-Neutral,11061,28137
"Sardar Vallabhbhai National Institute of Technology, Surat","Mechanical Engineering (4 Years, Bachelor of Technology)",HS,OPEN,Female-only (including Supernumerary),24403,44522
"Sardar Vallabhbhai National Institute of Technology, Surat","Mechanical Engineering (4 Years, Bachelor of Technology)",HS,EWS,Gender-Neutral,4474,5295
"Sardar Vallabhbhai National Institute of Technology, Surat","Mechanical Engineering (4 Years, Bachelor of Technology)",HS,EWS,Female-only (including Supernumerary),8325,8857
"Sardar Vallabhbhai National Institute of Technology, Surat","Mechanical Engineering (4 Years, Bachelor of Technology)",HS,OBC-NCL,Gender-Neutral,7782,19928
"Sardar Vallabhbhai National Institute of Technology, Surat","Mechanical Engineering (4 Years, Bachelor of Technology)",HS,OBC-NCL,Female-only (including Supernumerary),22168,33138
"Sardar Vallabhbhai National Institute of Technology, Surat","Mechanical Engineering (4 Years, Bachelor of Technology)",HS,SC,Gender-Neutral,8669,11963
"Sardar Vallabhbhai National Institute of Technology, Surat","Mechanical Engineering (4 Years, Bachelor of Technology)",HS,SC,Female-only (including Supernumerary),7992,12004
"Sardar Vallabhbhai National Institute of Technology, Surat","Mechanical Engineering (4 Years, Bachelor of Technology)",HS,ST,Gender-Neutral,1709,2898
"Sardar Vallabhbhai National Institute of Technology, Surat","Mechanical Engineering (4 Years, Bachelor of Technology)",HS,ST,Female-only (including Supernumerary),1850,3245
"Sardar Vallabhbhai National Institute of Technology, Surat","Mechanical Engineering (4 Years, Bachelor of Technology)",OS,OPEN,Gender-Neutral,15519,25237
"Sardar Vallabhbhai National Institute of Technology, Surat","Mechanical Engineering (4 Years, Bachelor of Technology)",OS,OPEN,Female-only (including Supernumerary),24826,38273
"Sardar Vallabhbhai National Institute of Technology, Surat","Mechanical Engineering (4 Years, Bachelor of Technology)",OS,OPEN (PwD),Gender-Neutral,2308,2559
"Sardar Vallabhbhai National Institute of Technology, Surat","Mechanical Engineering (4 Years, Bachelor of Technology)",OS,OPEN (PwD),Female-only (including Supernumerary),2810,2810
"Sardar Vallabhbhai National Institute of Technology, Surat","Mechanical Engineering (4 Years, Bachelor of Technology)",OS,EWS,Gender-Neutral,4057,4443
"Sardar Vallabhbhai National Institute of Technology, Surat","Mechanical Engineering (4 Years, Bachelor of Technology)",OS,EWS,Female-only (including Supernumerary),6258,6617
"Sardar Vallabhbhai National Institute of Technology, Surat","Mechanical Engineering (4 Years, Bachelor of Technology)",OS,EWS (PwD),Female-only (including Supernumerary),412,412
"Sardar Vallabhbhai National Institute of Technology, Surat","Mechanical Engineering (4 Years, Bachelor of Technology)",OS,OBC-NCL,Gender-Neutral,7405,10166
"Sardar Vallabhbhai National Institute of Technology, Surat","Mechanical Engineering (4 Years, Bachelor of Technology)",OS,OBC-NCL,Female-only (including Supernumerary),15425,17787
"Sardar Vallabhbhai National Institute of Technology, Surat","Mechanical Engineering (4 Years, Bachelor of Technology)",OS,OBC-NCL (PwD),Gender-Neutral,1192,1192
"Sardar Vallabhbhai National Institute of Technology, Surat","Mechanical Engineering (4 Years, Bachelor of Technology)",OS,SC,Gender-Neutral,4005,5846
"Sardar Vallabhbhai National Institute of Technology, Surat","Mechanical Engineering (4 Years, Bachelor of Technology)",OS,SC,Female-only (including Supernumerary),8730,9112
"Sardar Vallabhbhai National Institute of Technology, Surat","Mechanical Engineering (4 Years, Bachelor of Technology)",OS,ST,Gender-Neutral,646,2096
"Sardar Vallabhbhai National Institute of Technology, Surat","Mechanical Engineering (4 Years, Bachelor of Technology)",OS,ST,Female-only (including Supernumerary),3465,3683
"Sardar Vallabhbhai National Institute of Technology, Surat","Physics (5 Years, Integrated Master of Science)",HS,OPEN,Gender-Neutral,24904,53489
"Sardar Vallabhbhai National Institute of Technology, Surat","Physics (5 Years, Integrated Master of Science)",HS,EWS,Gender-Neutral,10431,11703
"Sardar Vallabhbhai National Institute of Technology, Surat","Physics (5 Years, Integrated Master of Science)",HS,OBC-NCL,Gender-Neutral,33642,51322
"Sardar Vallabhbhai National Institute of Technology, Surat","Physics (5 Years, Integrated Master of Science)",HS,SC,Gender-Neutral,14555,19908
"Sardar Vallabhbhai National Institute of Technology, Surat","Physics (5 Years, Integrated Master of Science)",HS,ST,Gender-Neutral,8702,8904
"Sardar Vallabhbhai National Institute of Technology, Surat","Physics (5 Years, Integrated Master of Science)",OS,OPEN,Gender-Neutral,23778,38394
"Sardar Vallabhbhai National Institute of Technology, Surat","Physics (5 Years, Integrated Master of Science)",OS,EWS,Gender-Neutral,7325,8014
"Sardar Vallabhbhai National Institute of Technology, Surat","Physics (5 Years, Integrated Master of Science)",OS,EWS (PwD),Gender-Neutral,283,283
"Sardar Vallabhbhai National Institute of Technology, Surat","Physics (5 Years, Integrated Master of Science)",OS,OBC-NCL,Gender-Neutral,13332,17040
"Sardar Vallabhbhai National Institute of Technology, Surat","Physics (5 Years, Integrated Master of Science)",OS,SC,Gender-Neutral,8560,9139
"Sardar Vallabhbhai National Institute of Technology, Surat","Physics (5 Years, Integrated Master of Science)",OS,ST,Gender-Neutral,3230,3230
"Visvesvaraya National Institute of Technology, Nagpur","Architecture (5 Years, Bachelor of Architecture)",HS,OPEN,Gender-Neutral,265,1203
"Visvesvaraya National Institute of Technology, Nagpur","Architecture (5 Years, Bachelor of Architecture)",HS,OPEN,Female-only (including Supernumerary),540,683
"Visvesvaraya National Institute of Technology, Nagpur","Architecture (5 Years, Bachelor of Architecture)",HS,OPEN (PwD),Gender-Neutral,102,102
"Visvesvaraya National Institute of Technology, Nagpur","Architecture (5 Years, Bachelor of Architecture)",HS,EWS,Gender-Neutral,572,639
"Visvesvaraya National Institute of Technology, Nagpur","Architecture (5 Years, Bachelor of Architecture)",HS,EWS,Female-only (including Supernumerary),159,159
"Visvesvaraya National Institute of Technology, Nagpur","Architecture (5 Years, Bachelor of Architecture)",HS,OBC-NCL,Gender-Neutral,403,1049
"Visvesvaraya National Institute of Technology, Nagpur","Architecture (5 Years, Bachelor of Architecture)",HS,OBC-NCL,Female-only (including Supernumerary),423,552
"Visvesvaraya National Institute of Technology, Nagpur","Architecture (5 Years, Bachelor of Architecture)",HS,SC,Gender-Neutral,338,421
"Visvesvaraya National Institute of Technology, Nagpur","Architecture (5 Years, Bachelor of Architecture)",HS,SC,Female-only (including Supernumerary),190,362
"Visvesvaraya National Institute of Technology, Nagpur","Architecture (5 Years, Bachelor of Architecture)",HS,ST,Gender-Neutral,191,367
"Visvesvaraya National Institute of Technology, Nagpur","Architecture (5 Years, Bachelor of Architecture)",OS,OPEN,Gender-Neutral,537,1002
"Visvesvaraya National Institute of Technology, Nagpur","Architecture (5 Years, Bachelor of Architecture)",OS,OPEN,Female-only (including Supernumerary),224,495
"Visvesvaraya National Institute of Technology, Nagpur","Architecture (5 Years, Bachelor of Architecture)",OS,EWS,Gender-Neutral,357,398
"Visvesvaraya National Institute of Technology, Nagpur","Architecture (5 Years, Bachelor of Architecture)",OS,EWS,Female-only (including Supernumerary),164,164
"Visvesvaraya National Institute of Technology, Nagpur","Architecture (5 Years, Bachelor of Architecture)",OS,OBC-NCL,Gender-Neutral,376,659
"Visvesvaraya National Institute of Technology, Nagpur","Architecture (5 Years, Bachelor of Architecture)",OS,OBC-NCL,Female-only (including Supernumerary),399,489
"Visvesvaraya National Institute of Technology, Nagpur","Architecture (5 Years, Bachelor of Architecture)",OS,SC,Gender-Neutral,225,319
"Visvesvaraya National Institute of Technology, Nagpur","Architecture (5 Years, Bachelor of Architecture)",OS,SC,Female-only (including Supernumerary),115,166
"Visvesvaraya National Institute of Technology, Nagpur","Architecture (5 Years, Bachelor of Architecture)",OS,ST,Gender-Neutral,85,211
"Visvesvaraya National Institute of Technology, Nagpur","Chemical Engineering (4 Years, Bachelor of Technology)",HS,OPEN,Gender-Neutral,21130,31157
"Visvesvaraya National Institute of Technology, Nagpur","Chemical Engineering (4 Years, Bachelor of Technology)",HS,OPEN,Female-only (including Supernumerary),29914,34490
"Visvesvaraya National Institute of Technology, Nagpur","Chemical Engineering (4 Years, Bachelor of Technology)",HS,OPEN (PwD),Gender-Neutral,1494,1494
"Visvesvaraya National Institute of Technology, Nagpur","Chemical Engineering (4 Years, Bachelor of Technology)",HS,EWS,Gender-Neutral,5186,5415
"Visvesvaraya National Institute of Technology, Nagpur","Chemical Engineering (4 Years, Bachelor of Technology)",HS,EWS,Female-only (including Supernumerary),5876,5876
"Visvesvaraya National Institute of Technology, Nagpur","Chemical Engineering (4 Years, Bachelor of Technology)",HS,OBC-NCL,Gender-Neutral,9009,11032
"Visvesvaraya National Institute of Technology, Nagpur","Chemical Engineering (4 Years, Bachelor of Technology)",HS,OBC-NCL,Female-only (including Supernumerary),11908,14588
"Visvesvaraya National Institute of Technology, Nagpur","Chemical Engineering (4 Years, Bachelor of Technology)",HS,SC,Gender-Neutral,3857,6207
"Visvesvaraya National Institute of Technology, Nagpur","Chemical Engineering (4 Years, Bachelor of Technology)",HS,SC,Female-only (including Supernumerary),7834,7834
"Visvesvaraya National Institute of Technology, Nagpur","Chemical Engineering (4 Years, Bachelor of Technology)",HS,ST,Gender-Neutral,3319,3675
"Visvesvaraya National Institute of Technology, Nagpur","Chemical Engineering (4 Years, Bachelor of Technology)",HS,ST,Female-only (including Supernumerary),3042,3042
"Visvesvaraya National Institute of Technology, Nagpur","Chemical Engineering (4 Years, Bachelor of Technology)",OS,OPEN,Gender-Neutral,24181,28353
"Visvesvaraya National Institute of Technology, Nagpur","Chemical Engineering (4 Years, Bachelor of Technology)",OS,OPEN,Female-only (including Supernumerary),29901,34952
"Visvesvaraya National Institute of Technology, Nagpur","Chemical Engineering (4 Years, Bachelor of Technology)",OS,OPEN (PwD),Gender-Neutral,2016,2120
"Visvesvaraya National Institute of Technology, Nagpur","Chemical Engineering (4 Years, Bachelor of Technology)",OS,EWS,Gender-Neutral,4495,4845
"Visvesvaraya National Institute of Technology, Nagpur","Chemical Engineering (4 Years, Bachelor of Technology)",OS,EWS,Female-only (including Supernumerary),6389,6389
"Visvesvaraya National Institute of Technology, Nagpur","Chemical Engineering (4 Years, Bachelor of Technology)",OS,OBC-NCL,Gender-Neutral,9238,10541
"Visvesvaraya National Institute of Technology, Nagpur","Chemical Engineering (4 Years, Bachelor of Technology)",OS,OBC-NCL,Female-only (including Supernumerary),11710,14936
"Visvesvaraya National Institute of Technology, Nagpur","Chemical Engineering (4 Years, Bachelor of Technology)",OS,OBC-NCL (PwD),Gender-Neutral,1179,1179
"Visvesvaraya National Institute of Technology, Nagpur","Chemical Engineering (4 Years, Bachelor of Technology)",OS,SC,Gender-Neutral,4538,5598
"Visvesvaraya National Institute of Technology, Nagpur","Chemical Engineering (4 Years, Bachelor of Technology)",OS,SC,Female-only (including Supernumerary),6511,7093
"Visvesvaraya National Institute of Technology, Nagpur","Chemical Engineering (4 Years, Bachelor of Technology)",OS,ST,Gender-Neutral,1742,2086
"Visvesvaraya National Institute of Technology, Nagpur","Chemical Engineering (4 Years, Bachelor of Technology)",OS,ST,Female-only (including Supernumerary),3065,3065
"Visvesvaraya National Institute of Technology, Nagpur","Civil Engineering (4 Years, Bachelor of Technology)",HS,OPEN,Gender-Neutral,25756,38717
"Visvesvaraya National Institute of Technology, Nagpur","Civil Engineering (4 Years, Bachelor of Technology)",HS,OPEN,Female-only (including Supernumerary),27131,46494
"Visvesvaraya National Institute of Technology, Nagpur","Civil Engineering (4 Years, Bachelor of Technology)",HS,OPEN (PwD),Gender-Neutral,400,400
"Visvesvaraya National Institute of Technology, Nagpur","Civil Engineering (4 Years, Bachelor of Technology)",HS,EWS,Gender-Neutral,6220,6795
"Visvesvaraya National Institute of Technology, Nagpur","Civil Engineering (4 Years, Bachelor of Technology)",HS,EWS,Female-only (including Supernumerary),7776,7776
"Visvesvaraya National Institute of Technology, Nagpur","Civil Engineering (4 Years, Bachelor of Technology)",HS,EWS (PwD),Gender-Neutral,509,509
"Visvesvaraya National Institute of Technology, Nagpur","Civil Engineering (4 Years, Bachelor of Technology)",HS,OBC-NCL,Gender-Neutral,11556,15578
"Visvesvaraya National Institute of Technology, Nagpur","Civil Engineering (4 Years, Bachelor of Technology)",HS,OBC-NCL,Female-only (including Supernumerary),16425,18032
"Visvesvaraya National Institute of Technology, Nagpur","Civil Engineering (4 Years, Bachelor of Technology)",HS,SC,Gender-Neutral,5307,8211
"Visvesvaraya National Institute of Technology, Nagpur","Civil Engineering (4 Years, Bachelor of Technology)",HS,SC,Female-only (including Supernumerary),10110,10110
"Visvesvaraya National Institute of Technology, Nagpur","Civil Engineering (4 Years, Bachelor of Technology)",HS,ST,Gender-Neutral,1704,3385
"Visvesvaraya National Institute of Technology, Nagpur","Civil Engineering (4 Years, Bachelor of Technology)",HS,ST,Female-only (including Supernumerary),3780,3780
"Visvesvaraya National Institute of Technology, Nagpur","Civil Engineering (4 Years, Bachelor of Technology)",OS,OPEN,Gender-Neutral,25857,34643
"Visvesvaraya National Institute of Technology, Nagpur","Civil Engineering (4 Years, Bachelor of Technology)",OS,OPEN,Female-only (including Supernumerary),42769,45406
"Visvesvaraya National Institute of Technology, Nagpur","Civil Engineering (4 Years, Bachelor of Technology)",OS,OPEN (PwD),Gender-Neutral,2286,2286
"Visvesvaraya National Institute of Technology, Nagpur","Civil Engineering (4 Years, Bachelor of Technology)",OS,EWS,Gender-Neutral,5644,5799
"Visvesvaraya National Institute of Technology, Nagpur","Civil Engineering (4 Years, Bachelor of Technology)",OS,EWS,Female-only (including Supernumerary),7398,7483
"Visvesvaraya National Institute of Technology, Nagpur","Civil Engineering (4 Years, Bachelor of Technology)",OS,EWS (PwD),Gender-Neutral,392,430
"Visvesvaraya National Institute of Technology, Nagpur","Civil Engineering (4 Years, Bachelor of Technology)",OS,OBC-NCL,Gender-Neutral,9942,11819
"Visvesvaraya National Institute of Technology, Nagpur","Civil Engineering (4 Years, Bachelor of Technology)",OS,OBC-NCL,Female-only (including Supernumerary),15367,15906
"Visvesvaraya National Institute of Technology, Nagpur","Civil Engineering (4 Years, Bachelor of Technology)",OS,OBC-NCL (PwD),Gender-Neutral,1047,1047
"Visvesvaraya National Institute of Technology, Nagpur","Civil Engineering (4 Years, Bachelor of Technology)",OS,SC,Gender-Neutral,4698,5703
"Visvesvaraya National Institute of Technology, Nagpur","Civil Engineering (4 Years, Bachelor of Technology)",OS,SC,Female-only (including Supernumerary),6433,7618
"Visvesvaraya National Institute of Technology, Nagpur","Civil Engineering (4 Years, Bachelor of Technology)",OS,ST,Gender-Neutral,1184,1231
"Visvesvaraya National Institute of Technology, Nagpur","Civil Engineering (4 Years, Bachelor of Technology)",OS,ST,Female-only (including Supernumerary),2755,2755
"Visvesvaraya National Institute of Technology, Nagpur","Computer Science and Engineering (4 Years, Bachelor of Technology)",HS,OPEN,Gender-Neutral,4201,6753
"Visvesvaraya National Institute of Technology, Nagpur","Computer Science and Engineering (4 Years, Bachelor of Technology)",HS,OPEN,Female-only (including Supernumerary),8334,11389
"Visvesvaraya National Institute of Technology, Nagpur","Computer Science and Engineering (4 Years, Bachelor of Technology)",HS,OPEN (PwD),Gender-Neutral,108,108
"Visvesvaraya National Institute of Technology, Nagpur","Computer Science and Engineering (4 Years, Bachelor of Technology)",HS,EWS,Gender-Neutral,1153,1520
"Visvesvaraya National Institute of Technology, Nagpur","Computer Science and Engineering (4 Years, Bachelor of Technology)",HS,EWS,Female-only (including Supernumerary),3011,3011
"Visvesvaraya National Institute of Technology, Nagpur","Computer Science and Engineering (4 Years, Bachelor of Technology)",HS,OBC-NCL,Gender-Neutral,1727,2481
"Visvesvaraya National Institute of Technology, Nagpur","Computer Science and Engineering (4 Years, Bachelor of Technology)",HS,OBC-NCL,Female-only (including Supernumerary),4414,6084
"Visvesvaraya National Institute of Technology, Nagpur","Computer Science and Engineering (4 Years, Bachelor of Technology)",HS,OBC-NCL (PwD),Gender-Neutral,93,93
"Visvesvaraya National Institute of Technology, Nagpur","Computer Science and Engineering (4 Years, Bachelor of Technology)",HS,SC,Gender-Neutral,547,1430
"Visvesvaraya National Institute of Technology, Nagpur","Computer Science and Engineering (4 Years, Bachelor of Technology)",HS,SC,Female-only (including Supernumerary),773,1540
"Visvesvaraya National Institute of Technology, Nagpur","Computer Science and Engineering (4 Years, Bachelor of Technology)",HS,ST,Gender-Neutral,618,919
"Visvesvaraya National Institute of Technology, Nagpur","Computer Science and Engineering (4 Years, Bachelor of Technology)",HS,ST,Female-only (including Supernumerary),921,921
"Visvesvaraya National Institute of Technology, Nagpur","Computer Science and Engineering (4 Years, Bachelor of Technology)",OS,OPEN,Gender-Neutral,4555,5438
"Visvesvaraya National Institute of Technology, Nagpur","Computer Science and Engineering (4 Years, Bachelor of Technology)",OS,OPEN,Female-only (including Supernumerary),7112,7880
"Visvesvaraya National Institute of Technology, Nagpur","Computer Science and Engineering (4 Years, Bachelor of Technology)",OS,OPEN (PwD),Gender-Neutral,251,251
"Visvesvaraya National Institute of Technology, Nagpur","Computer Science and Engineering (4 Years, Bachelor of Technology)",OS,EWS,Gender-Neutral,763,801
"Visvesvaraya National Institute of Technology, Nagpur","Computer Science and Engineering (4 Years, Bachelor of Technology)",OS,EWS,Female-only (including Supernumerary),1194,1194
"Visvesvaraya National Institute of Technology, Nagpur","Computer Science and Engineering (4 Years, Bachelor of Technology)",OS,EWS (PwD),Gender-Neutral,42,42
"Visvesvaraya National Institute of Technology, Nagpur","Computer Science and Engineering (4 Years, Bachelor of Technology)",OS,OBC-NCL,Gender-Neutral,1186,1903
"Visvesvaraya National Institute of Technology, Nagpur","Computer Science and Engineering (4 Years, Bachelor of Technology)",OS,OBC-NCL,Female-only (including Supernumerary),3179,3594
"Visvesvaraya National Institute of Technology, Nagpur","Computer Science and Engineering (4 Years, Bachelor of Technology)",OS,OBC-NCL (PwD),Gender-Neutral,148,148
"Visvesvaraya National Institute of Technology, Nagpur","Computer Science and Engineering (4 Years, Bachelor of Technology)",OS,SC,Gender-Neutral,946,1610
"Visvesvaraya National Institute of Technology, Nagpur","Computer Science and Engineering (4 Years, Bachelor of Technology)",OS,SC,Female-only (including Supernumerary),1773,1773
"Visvesvaraya National Institute of Technology, Nagpur","Computer Science and Engineering (4 Years, Bachelor of Technology)",OS,SC (PwD),Gender-Neutral,66,66
"Visvesvaraya National Institute of Technology, Nagpur","Computer Science and Engineering (4 Years, Bachelor of Technology)",OS,ST,Gender-Neutral,353,376
"Visvesvaraya National Institute of Technology, Nagpur","Computer Science and Engineering (4 Years, Bachelor of Technology)",OS,ST,Female-only (including Supernumerary),565,565
"Visvesvaraya National Institute of Technology, Nagpur","Electrical and Electronics Engineering (4 Years, Bachelor of Technology)",HS,OPEN,Gender-Neutral,7583,14784
"Visvesvaraya National Institute of Technology, Nagpur","Electrical and Electronics Engineering (4 Years, Bachelor of Technology)",HS,OPEN,Female-only (including Supernumerary),18132,22139
"Visvesvaraya National Institute of Technology, Nagpur","Electrical and Electronics Engineering (4 Years, Bachelor of Technology)",HS,OPEN (PwD),Gender-Neutral,567,580
"Visvesvaraya National Institute of Technology, Nagpur","Electrical and Electronics Engineering (4 Years, Bachelor of Technology)",HS,EWS,Gender-Neutral,2222,2463
"Visvesvaraya National Institute of Technology, Nagpur","Electrical and Electronics Engineering (4 Years, Bachelor of Technology)",HS,EWS,Female-only (including Supernumerary),4423,4423
"Visvesvaraya National Institute of Technology, Nagpur","Electrical and Electronics Engineering (4 Years, Bachelor of Technology)",HS,EWS (PwD),Gender-Neutral,291,291
"Visvesvaraya National Institute of Technology, Nagpur","Electrical and Electronics Engineering (4 Years, Bachelor of Technology)",HS,OBC-NCL,Gender-Neutral,5185,6651
"Visvesvaraya National Institute of Technology, Nagpur","Electrical and Electronics Engineering (4 Years, Bachelor of Technology)",HS,OBC-NCL,Female-only (including Supernumerary),9088,10456
"Visvesvaraya National Institute of Technology, Nagpur","Electrical and Electronics Engineering (4 Years, Bachelor of Technology)",HS,OBC-NCL (PwD),Gender-Neutral,565,565
"Visvesvaraya National Institute of Technology, Nagpur","Electrical and Electronics Engineering (4 Years, Bachelor of Technology)",HS,SC,Gender-Neutral,2979,3810
"Visvesvaraya National Institute of Technology, Nagpur","Electrical and Electronics Engineering (4 Years, Bachelor of Technology)",HS,SC,Female-only (including Supernumerary),3711,3711
"Visvesvaraya National Institute of Technology, Nagpur","Electrical and Electronics Engineering (4 Years, Bachelor of Technology)",HS,SC (PwD),Gender-Neutral,266,266
"Visvesvaraya National Institute of Technology, Nagpur","Electrical and Electronics Engineering (4 Years, Bachelor of Technology)",HS,ST,Gender-Neutral,1065,2313
"Visvesvaraya National Institute of Technology, Nagpur","Electrical and Electronics Engineering (4 Years, Bachelor of Technology)",HS,ST,Female-only (including Supernumerary),1738,1738
"Visvesvaraya National Institute of Technology, Nagpur","Electrical and Electronics Engineering (4 Years, Bachelor of Technology)",OS,OPEN,Gender-Neutral,10226,14199
"Visvesvaraya National Institute of Technology, Nagpur","Electrical and Electronics Engineering (4 Years, Bachelor of Technology)",OS,OPEN,Female-only (including Supernumerary),15851,19484
"Visvesvaraya National Institute of Technology, Nagpur","Electrical and Electronics Engineering (4 Years, Bachelor of Technology)",OS,OPEN (PwD),Gender-Neutral,623,623
"Visvesvaraya National Institute of Technology, Nagpur","Electrical and Electronics Engineering (4 Years, Bachelor of Technology)",OS,EWS,Gender-Neutral,2149,2373
"Visvesvaraya National Institute of Technology, Nagpur","Electrical and Electronics Engineering (4 Years, Bachelor of Technology)",OS,EWS,Female-only (including Supernumerary),3086,3086
"Visvesvaraya National Institute of Technology, Nagpur","Electrical and Electronics Engineering (4 Years, Bachelor of Technology)",OS,OBC-NCL,Gender-Neutral,3914,5071
"Visvesvaraya National Institute of Technology, Nagpur","Electrical and Electronics Engineering (4 Years, Bachelor of Technology)",OS,OBC-NCL,Female-only (including Supernumerary),6707,8925
"Visvesvaraya National Institute of Technology, Nagpur","Electrical and Electronics Engineering (4 Years, Bachelor of Technology)",OS,OBC-NCL (PwD),Gender-Neutral,420,420
"Visvesvaraya National Institute of Technology, Nagpur","Electrical and Electronics Engineering (4 Years, Bachelor of Technology)",OS,SC,Gender-Neutral,2695,3393
"Visvesvaraya National Institute of Technology, Nagpur","Electrical and Electronics Engineering (4 Years, Bachelor of Technology)",OS,SC,Female-only (including Supernumerary),5424,5424
"Visvesvaraya National Institute of Technology, Nagpur","Electrical and Electronics Engineering (4 Years, Bachelor of Technology)",OS,SC (PwD),Gender-Neutral,142,142
"Visvesvaraya National Institute of Technology, Nagpur","Electrical and Electronics Engineering (4 Years, Bachelor of Technology)",OS,ST,Gender-Neutral,749,1092
"Visvesvaraya National Institute of Technology, Nagpur","Electrical and Electronics Engineering (4 Years, Bachelor of Technology)",OS,ST,Female-only (including Supernumerary),1753,1753
"Visvesvaraya National Institute of Technology, Nagpur","Electronics and Communication Engineering (4 Years, Bachelor of Technology)",HS,OPEN,Gender-Neutral,7461,10369
"Visvesvaraya National Institute of Technology, Nagpur","Electronics and Communication Engineering (4 Years, Bachelor of Technology)",HS,OPEN,Female-only (including Supernumerary),13183,17121
"Visvesvaraya National Institute of Technology, Nagpur","Electronics and Communication Engineering (4 Years, Bachelor of Technology)",HS,OPEN (PwD),Gender-Neutral,301,304
"Visvesvaraya National Institute of Technology, Nagpur","Electronics and Communication Engineering (4 Years, Bachelor of Technology)",HS,EWS,Gender-Neutral,1939,2183
"Visvesvaraya National Institute of Technology, Nagpur","Electronics and Communication Engineering (4 Years, Bachelor of Technology)",HS,EWS,Female-only (including Supernumerary),3087,3087
"Visvesvaraya National Institute of Technology, Nagpur","Electronics and Communication Engineering (4 Years, Bachelor of Technology)",HS,OBC-NCL,Gender-Neutral,2810,5027
"Visvesvaraya National Institute of Technology, Nagpur","Electronics and Communication Engineering (4 Years, Bachelor of Technology)",HS,OBC-NCL,Female-only (including Supernumerary),7909,8307
"Visvesvaraya National Institute of Technology, Nagpur","Electronics and Communication Engineering (4 Years, Bachelor of Technology)",HS,OBC-NCL (PwD),Gender-Neutral,257,257
"Visvesvaraya National Institute of Technology, Nagpur","Electronics and Communication Engineering (4 Years, Bachelor of Technology)",HS,SC,Gender-Neutral,1755,2731
"Visvesvaraya National Institute of Technology, Nagpur","Electronics and Communication Engineering (4 Years, Bachelor of Technology)",HS,SC,Female-only (including Supernumerary),2306,3769
"Visvesvaraya National Institute of Technology, Nagpur","Electronics and Communication Engineering (4 Years, Bachelor of Technology)",HS,ST,Gender-Neutral,594,1631
"Visvesvaraya National Institute of Technology, Nagpur","Electronics and Communication Engineering (4 Years, Bachelor of Technology)",HS,ST,Female-only (including Supernumerary),1030,1030
"Visvesvaraya National Institute of Technology, Nagpur","Electronics and Communication Engineering (4 Years, Bachelor of Technology)",OS,OPEN,Gender-Neutral,6740,9297
"Visvesvaraya National Institute of Technology, Nagpur","Electronics and Communication Engineering (4 Years, Bachelor of Technology)",OS,OPEN,Female-only (including Supernumerary),10849,14239
"Visvesvaraya National Institute of Technology, Nagpur","Electronics and Communication Engineering (4 Years, Bachelor of Technology)",OS,OPEN (PwD),Gender-Neutral,608,608
"Visvesvaraya National Institute of Technology, Nagpur","Electronics and Communication Engineering (4 Years, Bachelor of Technology)",OS,EWS,Gender-Neutral,1347,1448
"Visvesvaraya National Institute of Technology, Nagpur","Electronics and Communication Engineering (4 Years, Bachelor of Technology)",OS,EWS,Female-only (including Supernumerary),2124,2124
"Visvesvaraya National Institute of Technology, Nagpur","Electronics and Communication Engineering (4 Years, Bachelor of Technology)",OS,OBC-NCL,Gender-Neutral,2821,3789
"Visvesvaraya National Institute of Technology, Nagpur","Electronics and Communication Engineering (4 Years, Bachelor of Technology)",OS,OBC-NCL,Female-only (including Supernumerary),4817,5043
"Visvesvaraya National Institute of Technology, Nagpur","Electronics and Communication Engineering (4 Years, Bachelor of Technology)",OS,OBC-NCL (PwD),Gender-Neutral,294,294
"Visvesvaraya National Institute of Technology, Nagpur","Electronics and Communication Engineering (4 Years, Bachelor of Technology)",OS,SC,Gender-Neutral,1853,2469
"Visvesvaraya National Institute of Technology, Nagpur","Electronics and Communication Engineering (4 Years, Bachelor of Technology)",OS,SC,Female-only (including Supernumerary),3078,3109
"Visvesvaraya National Institute of Technology, Nagpur","Electronics and Communication Engineering (4 Years, Bachelor of Technology)",OS,ST,Gender-Neutral,398,672
"Visvesvaraya National Institute of Technology, Nagpur","Electronics and Communication Engineering (4 Years, Bachelor of Technology)",OS,ST,Female-only (including Supernumerary),1247,1247
"Visvesvaraya National Institute of Technology, Nagpur","Mechanical Engineering (4 Years, Bachelor of Technology)",HS,OPEN,Gender-Neutral,15315,20368
"Visvesvaraya National Institute of Technology, Nagpur","Mechanical Engineering (4 Years, Bachelor of Technology)",HS,OPEN,Female-only (including Supernumerary),24414,33594
"Visvesvaraya National Institute of Technology, Nagpur","Mechanical Engineering (4 Years, Bachelor of Technology)",HS,OPEN (PwD),Gender-Neutral,1803,1803
"Visvesvaraya National Institute of Technology, Nagpur","Mechanical Engineering (4 Years, Bachelor of Technology)",HS,EWS,Gender-Neutral,3304,3935
"Visvesvaraya National Institute of Technology, Nagpur","Mechanical Engineering (4 Years, Bachelor of Technology)",HS,EWS,Female-only (including Supernumerary),5510,5510
"Visvesvaraya National Institute of Technology, Nagpur","Mechanical Engineering (4 Years, Bachelor of Technology)",HS,OBC-NCL,Gender-Neutral,6735,8779
"Visvesvaraya National Institute of Technology, Nagpur","Mechanical Engineering (4 Years, Bachelor of Technology)",HS,OBC-NCL,Female-only (including Supernumerary),11287,13039
"Visvesvaraya National Institute of Technology, Nagpur","Mechanical Engineering (4 Years, Bachelor of Technology)",HS,OBC-NCL (PwD),Gender-Neutral,840,840
"Visvesvaraya National Institute of Technology, Nagpur","Mechanical Engineering (4 Years, Bachelor of Technology)",HS,SC,Gender-Neutral,2874,4885
"Visvesvaraya National Institute of Technology, Nagpur","Mechanical Engineering (4 Years, Bachelor of Technology)",HS,SC,Female-only (including Supernumerary),8349,8662
"Visvesvaraya National Institute of Technology, Nagpur","Mechanical Engineering (4 Years, Bachelor of Technology)",HS,ST,Gender-Neutral,2678,3030
"Visvesvaraya National Institute of Technology, Nagpur","Mechanical Engineering (4 Years, Bachelor of Technology)",HS,ST,Female-only (including Supernumerary),4408,4408
"Visvesvaraya National Institute of Technology, Nagpur","Mechanical Engineering (4 Years, Bachelor of Technology)",OS,OPEN,Gender-Neutral,18560,21774
"Visvesvaraya National Institute of Technology, Nagpur","Mechanical Engineering (4 Years, Bachelor of Technology)",OS,OPEN,Female-only (including Supernumerary),30997,35072
"Visvesvaraya National Institute of Technology, Nagpur","Mechanical Engineering (4 Years, Bachelor of Technology)",OS,OPEN (PwD),Gender-Neutral,426,426
"Visvesvaraya National Institute of Technology, Nagpur","Mechanical Engineering (4 Years, Bachelor of Technology)",OS,EWS,Gender-Neutral,3480,3616
"Visvesvaraya National Institute of Technology, Nagpur","Mechanical Engineering (4 Years, Bachelor of Technology)",OS,EWS,Female-only (including Supernumerary),6156,6156
"Visvesvaraya National Institute of Technology, Nagpur","Mechanical Engineering (4 Years, Bachelor of Technology)",OS,OBC-NCL,Gender-Neutral,6724,8131
"Visvesvaraya National Institute of Technology, Nagpur","Mechanical Engineering (4 Years, Bachelor of Technology)",OS,OBC-NCL,Female-only (including Supernumerary),11514,11696
"Visvesvaraya National Institute of Technology, Nagpur","Mechanical Engineering (4 Years, Bachelor of Technology)",OS,OBC-NCL (PwD),Gender-Neutral,560,560
"Visvesvaraya National Institute of Technology, Nagpur","Mechanical Engineering (4 Years, Bachelor of Technology)",OS,SC,Gender-Neutral,3371,4870
"Visvesvaraya National Institute of Technology, Nagpur","Mechanical Engineering (4 Years, Bachelor of Technology)",OS,SC,Female-only (including Supernumerary),6820,7215
"Visvesvaraya National Institute of Technology, Nagpur","Mechanical Engineering (4 Years, Bachelor of Technology)",OS,ST,Gender-Neutral,1492,1584
"Visvesvaraya National Institute of Technology, Nagpur","Mechanical Engineering (4 Years, Bachelor of Technology)",OS,ST,Female-only (including Supernumerary),2230,2230
"Visvesvaraya National Institute of Technology, Nagpur","Metallurgical and Materials Engineering (4 Years, Bachelor of Technology)",HS,OPEN,Gender-Neutral,36006,43445
"Visvesvaraya National Institute of Technology, Nagpur","Metallurgical and Materials Engineering (4 Years, Bachelor of Technology)",HS,OPEN,Female-only (including Supernumerary),39285,50597
"Visvesvaraya National Institute of Technology, Nagpur","Metallurgical and Materials Engineering (4 Years, Bachelor of Technology)",HS,OPEN (PwD),Gender-Neutral,1872,1872
"Visvesvaraya National Institute of Technology, Nagpur","Metallurgical and Materials Engineering (4 Years, Bachelor of Technology)",HS,EWS,Gender-Neutral,7481,7854
"Visvesvaraya National Institute of Technology, Nagpur","Metallurgical and Materials Engineering (4 Years, Bachelor of Technology)",HS,EWS,Female-only (including Supernumerary),9103,9127
"Visvesvaraya National Institute of Technology, Nagpur","Metallurgical and Materials Engineering (4 Years, Bachelor of Technology)",HS,OBC-NCL,Gender-Neutral,12500,17665
"Visvesvaraya National Institute of Technology, Nagpur","Metallurgical and Materials Engineering (4 Years, Bachelor of Technology)",HS,OBC-NCL,Female-only (including Supernumerary),18954,19894
"Visvesvaraya National Institute of Technology, Nagpur","Metallurgical and Materials Engineering (4 Years, Bachelor of Technology)",HS,OBC-NCL (PwD),Gender-Neutral,1086,1086
"Visvesvaraya National Institute of Technology, Nagpur","Metallurgical and Materials Engineering (4 Years, Bachelor of Technology)",HS,SC,Gender-Neutral,7735,9305
"Visvesvaraya National Institute of Technology, Nagpur","Metallurgical and Materials Engineering (4 Years, Bachelor of Technology)",HS,SC,Female-only (including Supernumerary),6065,7624
"Visvesvaraya National Institute of Technology, Nagpur","Metallurgical and Materials Engineering (4 Years, Bachelor of Technology)",HS,ST,Gender-Neutral,3886,3933
"Visvesvaraya National Institute of Technology, Nagpur","Metallurgical and Materials Engineering (4 Years, Bachelor of Technology)",HS,ST,Female-only (including Supernumerary),3689,3689
"Visvesvaraya National Institute of Technology, Nagpur","Metallurgical and Materials Engineering (4 Years, Bachelor of Technology)",OS,OPEN,Gender-Neutral,35542,40495
"Visvesvaraya National Institute of Technology, Nagpur","Metallurgical and Materials Engineering (4 Years, Bachelor of Technology)",OS,OPEN,Female-only (including Supernumerary),44280,50396
"Visvesvaraya National Institute of Technology, Nagpur","Metallurgical and Materials Engineering (4 Years, Bachelor of Technology)",OS,OPEN (PwD),Gender-Neutral,2702,2706
"Visvesvaraya National Institute of Technology, Nagpur","Metallurgical and Materials Engineering (4 Years, Bachelor of Technology)",OS,EWS,Gender-Neutral,6535,6764
"Visvesvaraya National Institute of Technology, Nagpur","Metallurgical and Materials Engineering (4 Years, Bachelor of Technology)",OS,EWS,Female-only (including Supernumerary),8786,8786
"Visvesvaraya National Institute of Technology, Nagpur","Metallurgical and Materials Engineering (4 Years, Bachelor of Technology)",OS,OBC-NCL,Gender-Neutral,12270,13915
"Visvesvaraya National Institute of Technology, Nagpur","Metallurgical and Materials Engineering (4 Years, Bachelor of Technology)",OS,OBC-NCL,Female-only (including Supernumerary),16209,18057
"Visvesvaraya National Institute of Technology, Nagpur","Metallurgical and Materials Engineering (4 Years, Bachelor of Technology)",OS,SC,Gender-Neutral,6742,6988
"Visvesvaraya National Institute of Technology, Nagpur","Metallurgical and Materials Engineering (4 Years, Bachelor of Technology)",OS,SC,Female-only (including Supernumerary),7803,7803
"Visvesvaraya National Institute of Technology, Nagpur","Metallurgical and Materials Engineering (4 Years, Bachelor of Technology)",OS,ST,Gender-Neutral,2262,2687
"Visvesvaraya National Institute of Technology, Nagpur","Metallurgical and Materials Engineering (4 Years, Bachelor of Technology)",OS,ST,Female-only (including Supernumerary),3019,3019
"Visvesvaraya National Institute of Technology, Nagpur","Mining Engineering (4 Years, Bachelor of Technology)",HS,OPEN,Gender-Neutral,38869,49194
"Visvesvaraya National Institute of Technology, Nagpur","Mining Engineering (4 Years, Bachelor of Technology)",HS,OPEN,Female-only (including Supernumerary),55945,60977
"Visvesvaraya National Institute of Technology, Nagpur","Mining Engineering (4 Years, Bachelor of Technology)",HS,EWS,Gender-Neutral,8120,8239
"Visvesvaraya National Institute of Technology, Nagpur","Mining Engineering (4 Years, Bachelor of Technology)",HS,OBC-NCL,Gender-Neutral,15085,17986
"Visvesvaraya National Institute of Technology, Nagpur","Mining Engineering (4 Years, Bachelor of Technology)",HS,OBC-NCL,Female-only (including Supernumerary),20902,24575
"Visvesvaraya National Institute of Technology, Nagpur","Mining Engineering (4 Years, Bachelor of Technology)",HS,SC,Gender-Neutral,8512,9446
"Visvesvaraya National Institute of Technology, Nagpur","Mining Engineering (4 Years, Bachelor of Technology)",HS,SC,Female-only (including Supernumerary),10627,10627
"Visvesvaraya National Institute of Technology, Nagpur","Mining Engineering (4 Years, Bachelor of Technology)",HS,ST,Gender-Neutral,4664,4806
"Visvesvaraya National Institute of Technology, Nagpur","Mining Engineering (4 Years, Bachelor of Technology)",OS,OPEN,Gender-Neutral,29535,43375
"Visvesvaraya National Institute of Technology, Nagpur","Mining Engineering (4 Years, Bachelor of Technology)",OS,OPEN,Female-only (including Supernumerary),51113,53135
"Visvesvaraya National Institute of Technology, Nagpur","Mining Engineering (4 Years, Bachelor of Technology)",OS,EWS,Gender-Neutral,7276,7382
"Visvesvaraya National Institute of Technology, Nagpur","Mining Engineering (4 Years, Bachelor of Technology)",OS,OBC-NCL,Gender-Neutral,13797,14531
"Visvesvaraya National Institute of Technology, Nagpur","Mining Engineering (4 Years, Bachelor of Technology)",OS,OBC-NCL,Female-only (including Supernumerary),18604,19451
"Visvesvaraya National Institute of Technology, Nagpur","Mining Engineering (4 Years, Bachelor of Technology)",OS,SC,Gender-Neutral,6023,6568
"Visvesvaraya National Institute of Technology, Nagpur","Mining Engineering (4 Years, Bachelor of Technology)",OS,SC,Female-only (including Supernumerary),9555,9555
"Visvesvaraya National Institute of Technology, Nagpur","Mining Engineering (4 Years, Bachelor of Technology)",OS,ST,Gender-Neutral,2570,2833
"National Institute of Technology, Andhra Pradesh","Bio Technology (4 Years, Bachelor of Technology)",HS,OPEN,Gender-Neutral,44498,55782
"National Institute of Technology, Andhra Pradesh","Bio Technology (4 Years, Bachelor of Technology)",HS,OPEN,Female-only (including Supernumerary),47868,50296
"National Institute of Technology, Andhra Pradesh","Bio Technology (4 Years, Bachelor of Technology)",HS,EWS,Gender-Neutral,9081,9081
"National Institute of Technology, Andhra Pradesh","Bio Technology (4 Years, Bachelor of Technology)",HS,OBC-NCL,Gender-Neutral,18083,18458
"National Institute of Technology, Andhra Pradesh","Bio Technology (4 Years, Bachelor of Technology)",HS,OBC-NCL,Female-only (including Supernumerary),20213,20213
"National Institute of Technology, Andhra Pradesh","Bio Technology (4 Years, Bachelor of Technology)",HS,SC,Gender-Neutral,8119,8269
"National Institute of Technology, Andhra Pradesh","Bio Technology (4 Years, Bachelor of Technology)",HS,ST,Gender-Neutral,3340,3340
"National Institute of Technology, Andhra Pradesh","Bio Technology (4 Years, Bachelor of Technology)",OS,OPEN,Gender-Neutral,45044,49218
"National Institute of Technology, Andhra Pradesh","Bio Technology (4 Years, Bachelor of Technology)",OS,OPEN,Female-only (including Supernumerary),38473,38473
"National Institute of Technology, Andhra Pradesh","Bio Technology (4 Years, Bachelor of Technology)",OS,EWS,Gender-Neutral,8526,8526
"National Institute of Technology, Andhra Pradesh","Bio Technology (4 Years, Bachelor of Technology)",OS,EWS,Female-only (including Supernumerary),9021,9021
"National Institute of Technology, Andhra Pradesh","Bio Technology (4 Years, Bachelor of Technology)",OS,OBC-NCL,Gender-Neutral,15796,17137
"National Institute of Technology, Andhra Pradesh","Bio Technology (4 Years, Bachelor of Technology)",OS,OBC-NCL,Female-only (including Supernumerary),17484,17484
"National Institute of Technology, Andhra Pradesh","Bio Technology (4 Years, Bachelor of Technology)",OS,OBC-NCL (PwD),Gender-Neutral,895,1006
"National Institute of Technology, Andhra Pradesh","Bio Technology (4 Years, Bachelor of Technology)",OS,SC,Gender-Neutral,8406,8947
"National Institute of Technology, Andhra Pradesh","Bio Technology (4 Years, Bachelor of Technology)",OS,ST,Gender-Neutral,3660,3660
"National Institute of Technology, Andhra Pradesh","Chemical Engineering (4 Years, Bachelor of Technology)",HS,OPEN,Gender-Neutral,40705,47936
"National Institute of Technology, Andhra Pradesh","Chemical Engineering (4 Years, Bachelor of Technology)",HS,OPEN,Female-only (including Supernumerary),50311,50311
"National Institute of Technology, Andhra Pradesh","Chemical Engineering (4 Years, Bachelor of Technology)",HS,OPEN (PwD),Gender-Neutral,1944,2165
"National Institute of Technology, Andhra Pradesh","Chemical Engineering (4 Years, Bachelor of Technology)",HS,EWS,Gender-Neutral,7762,7762
"National Institute of Technology, Andhra Pradesh","Chemical Engineering (4 Years, Bachelor of Technology)",HS,EWS,Female-only (including Supernumerary),8542,8542
"National Institute of Technology, Andhra Pradesh","Chemical Engineering (4 Years, Bachelor of Technology)",HS,OBC-NCL,Gender-Neutral,14198,15239
"National Institute of Technology, Andhra Pradesh","Chemical Engineering (4 Years, Bachelor of Technology)",HS,OBC-NCL,Female-only (including Supernumerary),19285,19285
"National Institute of Technology, Andhra Pradesh","Chemical Engineering (4 Years, Bachelor of Technology)",HS,SC,Gender-Neutral,7299,7610
"National Institute of Technology, Andhra Pradesh","Chemical Engineering (4 Years, Bachelor of Technology)",HS,ST,Gender-Neutral,3190,3190
"National Institute of Technology, Andhra Pradesh","Chemical Engineering (4 Years, Bachelor of Technology)",OS,OPEN,Gender-Neutral,34564,41377
"National Institute of Technology, Andhra Pradesh","Chemical Engineering (4 Years, Bachelor of Technology)",OS,OPEN,Female-only (including Supernumerary),45529,45529
"National Institute of Technology, Andhra Pradesh","Chemical Engineering (4 Years, Bachelor of Technology)",OS,EWS,Gender-Neutral,6899,6899
"National Institute of Technology, Andhra Pradesh","Chemical Engineering (4 Years, Bachelor of Technology)",OS,EWS,Female-only (including Supernumerary),9263,9263
"National Institute of Technology, Andhra Pradesh","Chemical Engineering (4 Years, Bachelor of Technology)",OS,OBC-NCL,Gender-Neutral,13573,15242
"National Institute of Technology, Andhra Pradesh","Chemical Engineering (4 Years, Bachelor of Technology)",OS,OBC-NCL,Female-only (including Supernumerary),18824,18824
"National Institute of Technology, Andhra Pradesh","Chemical Engineering (4 Years, Bachelor of Technology)",OS,SC,Gender-Neutral,7337,7567
"National Institute of Technology, Andhra Pradesh","Chemical Engineering (4 Years, Bachelor of Technology)",OS,ST,Gender-Neutral,2808,2808
"National Institute of Technology, Andhra Pradesh","Civil Engineering (4 Years, Bachelor of Technology)",HS,OPEN,Gender-Neutral,46504,50270
"National Institute of Technology, Andhra Pradesh","Civil Engineering (4 Years, Bachelor of Technology)",HS,OPEN,Female-only (including Supernumerary),56517,57487
"National Institute of Technology, Andhra Pradesh","Civil Engineering (4 Years, Bachelor of Technology)",HS,EWS,Gender-Neutral,8386,8446
"National Institute of Technology, Andhra Pradesh","Civil Engineering (4 Years, Bachelor of Technology)",HS,EWS,Female-only (including Supernumerary),9386,9386
"National Institute of Technology, Andhra Pradesh","Civil Engineering (4 Years, Bachelor of Technology)",HS,OBC-NCL,Gender-Neutral,14775,16367
"National Institute of Technology, Andhra Pradesh","Civil Engineering (4 Years, Bachelor of Technology)",HS,OBC-NCL,Female-only (including Supernumerary),20277,20277
"National Institute of Technology, Andhra Pradesh","Civil Engineering (4 Years, Bachelor of Technology)",HS,SC,Gender-Neutral,5580,7858
"National Institute of Technology, Andhra Pradesh","Civil Engineering (4 Years, Bachelor of Technology)",HS,SC,Female-only (including Supernumerary),8811,8811
"National Institute of Technology, Andhra Pradesh","Civil Engineering (4 Years, Bachelor of Technology)",HS,ST,Gender-Neutral,2864,2970
"National Institute of Technology, Andhra Pradesh","Civil Engineering (4 Years, Bachelor of Technology)",OS,OPEN,Gender-Neutral,45161,47757
"National Institute of Technology, Andhra Pradesh","Civil Engineering (4 Years, Bachelor of Technology)",OS,OPEN,Female-only (including Supernumerary),50649,52961
"National Institute of Technology, Andhra Pradesh","Civil Engineering (4 Years, Bachelor of Technology)",OS,OPEN (PwD),Gender-Neutral,1449,1449
"National Institute of Technology, Andhra Pradesh","Civil Engineering (4 Years, Bachelor of Technology)",OS,EWS,Gender-Neutral,8050,8081
"National Institute of Technology, Andhra Pradesh","Civil Engineering (4 Years, Bachelor of Technology)",OS,EWS,Female-only (including Supernumerary),9797,9797
"National Institute of Technology, Andhra Pradesh","Civil Engineering (4 Years, Bachelor of Technology)",OS,OBC-NCL,Gender-Neutral,15396,16129
"National Institute of Technology, Andhra Pradesh","Civil Engineering (4 Years, Bachelor of Technology)",OS,OBC-NCL,Female-only (including Supernumerary),16183,16183
"National Institute of Technology, Andhra Pradesh","Civil Engineering (4 Years, Bachelor of Technology)",OS,OBC-NCL (PwD),Gender-Neutral,1318,1318
"National Institute of Technology, Andhra Pradesh","Civil Engineering (4 Years, Bachelor of Technology)",OS,SC,Gender-Neutral,6839,7566
"National Institute of Technology, Andhra Pradesh","Civil Engineering (4 Years, Bachelor of Technology)",OS,SC,Female-only (including Supernumerary),8016,8016
"National Institute of Technology, Andhra Pradesh","Civil Engineering (4 Years, Bachelor of Technology)",OS,ST,Gender-Neutral,2254,2471
"National Institute of Technology, Andhra Pradesh","Computer Science and Engineering (4 Years, Bachelor of Technology)",HS,OPEN,Gender-Neutral,8043,14707
"National Institute of Technology, Andhra Pradesh","Computer Science and Engineering (4 Years, Bachelor of Technology)",HS,OPEN,Female-only (including Supernumerary),4033,16697
"National Institute of Technology, Andhra Pradesh","Computer Science and Engineering (4 Years, Bachelor of Technology)",HS,OPEN (PwD),Gender-Neutral,210,210
"National Institute of Technology, Andhra Pradesh","Computer Science and Engineering (4 Years, Bachelor of Technology)",HS,EWS,Gender-Neutral,2204,2258
"National Institute of Technology, Andhra Pradesh","Computer Science and Engineering (4 Years, Bachelor of Technology)",HS,EWS,Female-only (including Supernumerary),2982,2982
"National Institute of Technology, Andhra Pradesh","Computer Science and Engineering (4 Years, Bachelor of Technology)",HS,EWS (PwD),Gender-Neutral,164,164
"National Institute of Technology, Andhra Pradesh","Computer Science and Engineering (4 Years, Bachelor of Technology)",HS,OBC-NCL,Gender-Neutral,3898,6347
"National Institute of Technology, Andhra Pradesh","Computer Science and Engineering (4 Years, Bachelor of Technology)",HS,OBC-NCL,Female-only (including Supernumerary),6840,7914
"National Institute of Technology, Andhra Pradesh","Computer Science and Engineering (4 Years, Bachelor of Technology)",HS,SC,Gender-Neutral,1342,2809
"National Institute of Technology, Andhra Pradesh","Computer Science and Engineering (4 Years, Bachelor of Technology)",HS,SC,Female-only (including Supernumerary),1019,1019
"National Institute of Technology, Andhra Pradesh","Computer Science and Engineering (4 Years, Bachelor of Technology)",HS,ST,Gender-Neutral,795,1418
"National Institute of Technology, Andhra Pradesh","Computer Science and Engineering (4 Years, Bachelor of Technology)",HS,ST,Female-only (including Supernumerary),698,698
"National Institute of Technology, Andhra Pradesh","Computer Science and Engineering (4 Years, Bachelor of Technology)",OS,OPEN,Gender-Neutral,9746,17508
"National Institute of Technology, Andhra Pradesh","Computer Science and Engineering (4 Years, Bachelor of Technology)",OS,OPEN,Female-only (including Supernumerary),20759,24130
"National Institute of Technology, Andhra Pradesh","Computer Science and Engineering (4 Years, Bachelor of Technology)",OS,OPEN (PwD),Gender-Neutral,347,347
"National Institute of Technology, Andhra Pradesh","Computer Science and Engineering (4 Years, Bachelor of Technology)",OS,EWS,Gender-Neutral,2773,2942
"National Institute of Technology, Andhra Pradesh","Computer Science and Engineering (4 Years, Bachelor of Technology)",OS,EWS,Female-only (including Supernumerary),4106,4106
"National Institute of Technology, Andhra Pradesh","Computer Science and Engineering (4 Years, Bachelor of Technology)",OS,OBC-NCL,Gender-Neutral,4612,6215
"National Institute of Technology, Andhra Pradesh","Computer Science and Engineering (4 Years, Bachelor of Technology)",OS,OBC-NCL,Female-only (including Supernumerary),6915,8347
"National Institute of Technology, Andhra Pradesh","Computer Science and Engineering (4 Years, Bachelor of Technology)",OS,OBC-NCL (PwD),Gender-Neutral,158,158
"National Institute of Technology, Andhra Pradesh","Computer Science and Engineering (4 Years, Bachelor of Technology)",OS,SC,Gender-Neutral,2721,3468
"National Institute of Technology, Andhra Pradesh","Computer Science and Engineering (4 Years, Bachelor of Technology)",OS,SC,Female-only (including Supernumerary),2642,2642
"National Institute of Technology, Andhra Pradesh","Computer Science and Engineering (4 Years, Bachelor of Technology)",OS,SC (PwD),Gender-Neutral,49,49
"National Institute of Technology, Andhra Pradesh","Computer Science and Engineering (4 Years, Bachelor of Technology)",OS,ST,Gender-Neutral,817,940
"National Institute of Technology, Andhra Pradesh","Computer Science and Engineering (4 Years, Bachelor of Technology)",OS,ST,Female-only (including Supernumerary),865,865
"National Institute of Technology, Andhra Pradesh","Electrical and Electronics Engineering (4 Years, Bachelor of Technology)",HS,OPEN,Gender-Neutral,26924,35296
"National Institute of Technology, Andhra Pradesh","Electrical and Electronics Engineering (4 Years, Bachelor of Technology)",HS,OPEN,Female-only (including Supernumerary),26966,34389
"National Institute of Technology, Andhra Pradesh","Electrical and Electronics Engineering (4 Years, Bachelor of Technology)",HS,OPEN (PwD),Gender-Neutral,936,1330
"National Institute of Technology, Andhra Pradesh","Electrical and Electronics Engineering (4 Years, Bachelor of Technology)",HS,EWS,Gender-Neutral,5735,5819
"National Institute of Technology, Andhra Pradesh","Electrical and Electronics Engineering (4 Years, Bachelor of Technology)",HS,EWS,Female-only (including Supernumerary),6865,6865
"National Institute of Technology, Andhra Pradesh","Electrical and Electronics Engineering (4 Years, Bachelor of Technology)",HS,EWS (PwD),Gender-Neutral,293,293
"National Institute of Technology, Andhra Pradesh","Electrical and Electronics Engineering (4 Years, Bachelor of Technology)",HS,OBC-NCL,Gender-Neutral,10042,12656
"National Institute of Technology, Andhra Pradesh","Electrical and Electronics Engineering (4 Years, Bachelor of Technology)",HS,OBC-NCL,Female-only (including Supernumerary),12956,13822
"National Institute of Technology, Andhra Pradesh","Electrical and Electronics Engineering (4 Years, Bachelor of Technology)",HS,SC,Gender-Neutral,4579,6117
"National Institute of Technology, Andhra Pradesh","Electrical and Electronics Engineering (4 Years, Bachelor of Technology)",HS,SC,Female-only (including Supernumerary),6399,6399
"National Institute of Technology, Andhra Pradesh","Electrical and Electronics Engineering (4 Years, Bachelor of Technology)",HS,ST,Gender-Neutral,1990,2044
"National Institute of Technology, Andhra Pradesh","Electrical and Electronics Engineering (4 Years, Bachelor of Technology)",HS,ST,Female-only (including Supernumerary),3108,3108
"National Institute of Technology, Andhra Pradesh","Electrical and Electronics Engineering (4 Years, Bachelor of Technology)",OS,OPEN,Gender-Neutral,24138,33269
"National Institute of Technology, Andhra Pradesh","Electrical and Electronics Engineering (4 Years, Bachelor of Technology)",OS,OPEN,Female-only (including Supernumerary),33028,38649
"National Institute of Technology, Andhra Pradesh","Electrical and Electronics Engineering (4 Years, Bachelor of Technology)",OS,OPEN (PwD),Gender-Neutral,1379,1379
"National Institute of Technology, Andhra Pradesh","Electrical and Electronics Engineering (4 Years, Bachelor of Technology)",OS,EWS,Gender-Neutral,5739,6321
"National Institute of Technology, Andhra Pradesh","Electrical and Electronics Engineering (4 Years, Bachelor of Technology)",OS,EWS,Female-only (including Supernumerary),6386,6386
"National Institute of Technology, Andhra Pradesh","Electrical and Electronics Engineering (4 Years, Bachelor of Technology)",OS,OBC-NCL,Gender-Neutral,9445,12053
"National Institute of Technology, Andhra Pradesh","Electrical and Electronics Engineering (4 Years, Bachelor of Technology)",OS,OBC-NCL,Female-only (including Supernumerary),14610,14902
"National Institute of Technology, Andhra Pradesh","Electrical and Electronics Engineering (4 Years, Bachelor of Technology)",OS,OBC-NCL (PwD),Gender-Neutral,871,871
"National Institute of Technology, Andhra Pradesh","Electrical and Electronics Engineering (4 Years, Bachelor of Technology)",OS,SC,Gender-Neutral,3672,6010
"National Institute of Technology, Andhra Pradesh","Electrical and Electronics Engineering (4 Years, Bachelor of Technology)",OS,SC,Female-only (including Supernumerary),7463,7463
"National Institute of Technology, Andhra Pradesh","Electrical and Electronics Engineering (4 Years, Bachelor of Technology)",OS,ST,Gender-Neutral,1953,1953
"National Institute of Technology, Andhra Pradesh","Electrical and Electronics Engineering (4 Years, Bachelor of Technology)",OS,ST,Female-only (including Supernumerary),2330,2330
"National Institute of Technology, Andhra Pradesh","Electrical and Electronics Engineering (4 Years, Bachelor of Technology)",OS,ST (PwD),Gender-Neutral,38,52
"National Institute of Technology, Andhra Pradesh","Electronics and Communication Engineering (4 Years, Bachelor of Technology)",HS,OPEN,Gender-Neutral,18177,22961
"National Institute of Technology, Andhra Pradesh","Electronics and Communication Engineering (4 Years, Bachelor of Technology)",HS,OPEN,Female-only (including Supernumerary),21132,23017
"National Institute of Technology, Andhra Pradesh","Electronics and Communication Engineering (4 Years, Bachelor of Technology)",HS,OPEN (PwD),Gender-Neutral,576,576
"National Institute of Technology, Andhra Pradesh","Electronics and Communication Engineering (4 Years, Bachelor of Technology)",HS,EWS,Gender-Neutral,3690,3728
"National Institute of Technology, Andhra Pradesh","Electronics and Communication Engineering (4 Years, Bachelor of Technology)",HS,EWS,Female-only (including Supernumerary),3608,3608
"National Institute of Technology, Andhra Pradesh","Electronics and Communication Engineering (4 Years, Bachelor of Technology)",HS,OBC-NCL,Gender-Neutral,6462,8417
"National Institute of Technology, Andhra Pradesh","Electronics and Communication Engineering (4 Years, Bachelor of Technology)",HS,OBC-NCL,Female-only (including Supernumerary),7202,9548
"National Institute of Technology, Andhra Pradesh","Electronics and Communication Engineering (4 Years, Bachelor of Technology)",HS,OBC-NCL (PwD),Gender-Neutral,641,641
"National Institute of Technology, Andhra Pradesh","Electronics and Communication Engineering (4 Years, Bachelor of Technology)",HS,SC,Gender-Neutral,3172,4768
"National Institute of Technology, Andhra Pradesh","Electronics and Communication Engineering (4 Years, Bachelor of Technology)",HS,SC,Female-only (including Supernumerary),3966,3966
"National Institute of Technology, Andhra Pradesh","Electronics and Communication Engineering (4 Years, Bachelor of Technology)",HS,ST,Gender-Neutral,1801,1876
"National Institute of Technology, Andhra Pradesh","Electronics and Communication Engineering (4 Years, Bachelor of Technology)",HS,ST,Female-only (including Supernumerary),2685,2685
"National Institute of Technology, Andhra Pradesh","Electronics and Communication Engineering (4 Years, Bachelor of Technology)",OS,OPEN,Gender-Neutral,18760,23370
"National Institute of Technology, Andhra Pradesh","Electronics and Communication Engineering (4 Years, Bachelor of Technology)",OS,OPEN,Female-only (including Supernumerary),24722,28405
"National Institute of Technology, Andhra Pradesh","Electronics and Communication Engineering (4 Years, Bachelor of Technology)",OS,OPEN (PwD),Gender-Neutral,508,508
"National Institute of Technology, Andhra Pradesh","Electronics and Communication Engineering (4 Years, Bachelor of Technology)",OS,EWS,Gender-Neutral,3983,4208
"National Institute of Technology, Andhra Pradesh","Electronics and Communication Engineering (4 Years, Bachelor of Technology)",OS,EWS,Female-only (including Supernumerary),5003,5003
"National Institute of Technology, Andhra Pradesh","Electronics and Communication Engineering (4 Years, Bachelor of Technology)",OS,OBC-NCL,Gender-Neutral,6567,8653
"National Institute of Technology, Andhra Pradesh","Electronics and Communication Engineering (4 Years, Bachelor of Technology)",OS,OBC-NCL,Female-only (including Supernumerary),9338,9544
"National Institute of Technology, Andhra Pradesh","Electronics and Communication Engineering (4 Years, Bachelor of Technology)",OS,SC,Gender-Neutral,2462,4867
"National Institute of Technology, Andhra Pradesh","Electronics and Communication Engineering (4 Years, Bachelor of Technology)",OS,SC,Female-only (including Supernumerary),5100,5100
"National Institute of Technology, Andhra Pradesh","Electronics and Communication Engineering (4 Years, Bachelor of Technology)",OS,SC (PwD),Gender-Neutral,282,282
"National Institute of Technology, Andhra Pradesh","Electronics and Communication Engineering (4 Years, Bachelor of Technology)",OS,ST,Gender-Neutral,1550,1865
"National Institute of Technology, Andhra Pradesh","Electronics and Communication Engineering (4 Years, Bachelor of Technology)",OS,ST,Female-only (including Supernumerary),2384,2384
"National Institute of Technology, Andhra Pradesh","Mechanical Engineering (4 Years, Bachelor of Technology)",HS,OPEN,Gender-Neutral,31092,42306
"National Institute of Technology, Andhra Pradesh","Mechanical Engineering (4 Years, Bachelor of Technology)",HS,OPEN,Female-only (including Supernumerary),37297,45960
"National Institute of Technology, Andhra Pradesh","Mechanical Engineering (4 Years, Bachelor of Technology)",HS,OPEN (PwD),Gender-Neutral,1740,1740
"National Institute of Technology, Andhra Pradesh","Mechanical Engineering (4 Years, Bachelor of Technology)",HS,EWS,Gender-Neutral,6818,6910
"National Institute of Technology, Andhra Pradesh","Mechanical Engineering (4 Years, Bachelor of Technology)",HS,EWS,Female-only (including Supernumerary),7625,7625
"National Institute of Technology, Andhra Pradesh","Mechanical Engineering (4 Years, Bachelor of Technology)",HS,OBC-NCL,Gender-Neutral,12514,13622
"National Institute of Technology, Andhra Pradesh","Mechanical Engineering (4 Years, Bachelor of Technology)",HS,OBC-NCL,Female-only (including Supernumerary),18678,18678
"National Institute of Technology, Andhra Pradesh","Mechanical Engineering (4 Years, Bachelor of Technology)",HS,SC,Gender-Neutral,6843,7418
"National Institute of Technology, Andhra Pradesh","Mechanical Engineering (4 Years, Bachelor of Technology)",HS,SC,Female-only (including Supernumerary),9399,9399
"National Institute of Technology, Andhra Pradesh","Mechanical Engineering (4 Years, Bachelor of Technology)",HS,ST,Gender-Neutral,2679,2709
"National Institute of Technology, Andhra Pradesh","Mechanical Engineering (4 Years, Bachelor of Technology)",OS,OPEN,Gender-Neutral,30054,38439
"National Institute of Technology, Andhra Pradesh","Mechanical Engineering (4 Years, Bachelor of Technology)",OS,OPEN,Female-only (including Supernumerary),38752,47870
"National Institute of Technology, Andhra Pradesh","Mechanical Engineering (4 Years, Bachelor of Technology)",OS,EWS,Gender-Neutral,6393,6594
"National Institute of Technology, Andhra Pradesh","Mechanical Engineering (4 Years, Bachelor of Technology)",OS,EWS,Female-only (including Supernumerary),8156,8156
"National Institute of Technology, Andhra Pradesh","Mechanical Engineering (4 Years, Bachelor of Technology)",OS,OBC-NCL,Gender-Neutral,12246,13445
"National Institute of Technology, Andhra Pradesh","Mechanical Engineering (4 Years, Bachelor of Technology)",OS,OBC-NCL,Female-only (including Supernumerary),17951,17951
"National Institute of Technology, Andhra Pradesh","Mechanical Engineering (4 Years, Bachelor of Technology)",OS,OBC-NCL (PwD),Gender-Neutral,1158,1158
"National Institute of Technology, Andhra Pradesh","Mechanical Engineering (4 Years, Bachelor of Technology)",OS,SC,Gender-Neutral,6064,7318
"National Institute of Technology, Andhra Pradesh","Mechanical Engineering (4 Years, Bachelor of Technology)",OS,SC,Female-only (including Supernumerary),7827,7827
"National Institute of Technology, Andhra Pradesh","Mechanical Engineering (4 Years, Bachelor of Technology)",OS,ST,Gender-Neutral,2107,2130
"National Institute of Technology, Andhra Pradesh","Metallurgical and Materials Engineering (4 Years, Bachelor of Technology)",HS,OPEN,Gender-Neutral,49969,54638
"National Institute of Technology, Andhra Pradesh","Metallurgical and Materials Engineering (4 Years, Bachelor of Technology)",HS,OPEN,Female-only (including Supernumerary),59744,59744
"National Institute of Technology, Andhra Pradesh","Metallurgical and Materials Engineering (4 Years, Bachelor of Technology)",HS,OPEN (PwD),Gender-Neutral,3225,3225
"National Institute of Technology, Andhra Pradesh","Metallurgical and Materials Engineering (4 Years, Bachelor of Technology)",HS,EWS,Gender-Neutral,9068,9068
"National Institute of Technology, Andhra Pradesh","Metallurgical and Materials Engineering (4 Years, Bachelor of Technology)",HS,EWS,Female-only (including Supernumerary),10583,10583
"National Institute of Technology, Andhra Pradesh","Metallurgical and Materials Engineering (4 Years, Bachelor of Technology)",HS,OBC-NCL,Gender-Neutral,17629,18395
"National Institute of Technology, Andhra Pradesh","Metallurgical and Materials Engineering (4 Years, Bachelor of Technology)",HS,OBC-NCL,Female-only (including Supernumerary),21030,21030
"National Institute of Technology, Andhra Pradesh","Metallurgical and Materials Engineering (4 Years, Bachelor of Technology)",HS,SC,Gender-Neutral,6750,9382
"National Institute of Technology, Andhra Pradesh","Metallurgical and Materials Engineering (4 Years, Bachelor of Technology)",HS,ST,Gender-Neutral,3354,3354
"National Institute of Technology, Andhra Pradesh","Metallurgical and Materials Engineering (4 Years, Bachelor of Technology)",OS,OPEN,Gender-Neutral,45787,49444
"National Institute of Technology, Andhra Pradesh","Metallurgical and Materials Engineering (4 Years, Bachelor of Technology)",OS,OPEN,Female-only (including Supernumerary),59247,59247
"National Institute of Technology, Andhra Pradesh","Metallurgical and Materials Engineering (4 Years, Bachelor of Technology)",OS,EWS,Gender-Neutral,8287,8287
"National Institute of Technology, Andhra Pradesh","Metallurgical and Materials Engineering (4 Years, Bachelor of Technology)",OS,OBC-NCL,Gender-Neutral,15214,17128
"National Institute of Technology, Andhra Pradesh","Metallurgical and Materials Engineering (4 Years, Bachelor of Technology)",OS,OBC-NCL,Female-only (including Supernumerary),19607,19607
"National Institute of Technology, Andhra Pradesh","Metallurgical and Materials Engineering (4 Years, Bachelor of Technology)",OS,SC,Gender-Neutral,8164,8341
"National Institute of Technology, Andhra Pradesh","Metallurgical and Materials Engineering (4 Years, Bachelor of Technology)",OS,SC,Female-only (including Supernumerary),10128,10128
"National Institute of Technology, Andhra Pradesh","Metallurgical and Materials Engineering (4 Years, Bachelor of Technology)",OS,ST,Gender-Neutral,3162,3162
"Indian Institute of Engineering Science and Technology, Shibpur","Aerospace Engineering (4 Years, Bachelor of Technology)",HS,OPEN,Gender-Neutral,20875,31944
"Indian Institute of Engineering Science and Technology, Shibpur","Aerospace Engineering (4 Years, Bachelor of Technology)",HS,OPEN,Female-only (including Supernumerary),38974,44531
"Indian Institute of Engineering Science and Technology, Shibpur","Aerospace Engineering (4 Years, Bachelor of Technology)",HS,OPEN (PwD),Gender-Neutral,1502,1502
"Indian Institute of Engineering Science and Technology, Shibpur","Aerospace Engineering (4 Years, Bachelor of Technology)",HS,EWS,Gender-Neutral,11077,11077
"Indian Institute of Engineering Science and Technology, Shibpur","Aerospace Engineering (4 Years, Bachelor of Technology)",HS,OBC-NCL,Gender-Neutral,19680,25727
"Indian Institute of Engineering Science and Technology, Shibpur","Aerospace Engineering (4 Years, Bachelor of Technology)",HS,OBC-NCL,Female-only (including Supernumerary),25263,25263
"Indian Institute of Engineering Science and Technology, Shibpur","Aerospace Engineering (4 Years, Bachelor of Technology)",HS,SC,Gender-Neutral,5240,5724
"Indian Institute of Engineering Science and Technology, Shibpur","Aerospace Engineering (4 Years, Bachelor of Technology)",HS,SC,Female-only (including Supernumerary),8345,8345
"Indian Institute of Engineering Science and Technology, Shibpur","Aerospace Engineering (4 Years, Bachelor of Technology)",HS,ST,Gender-Neutral,4048,4048
"Indian Institute of Engineering Science and Technology, Shibpur","Aerospace Engineering (4 Years, Bachelor of Technology)",HS,ST,Female-only (including Supernumerary),8917,8917
"Indian Institute of Engineering Science and Technology, Shibpur","Aerospace Engineering (4 Years, Bachelor of Technology)",OS,OPEN,Gender-Neutral,10762,20369
"Indian Institute of Engineering Science and Technology, Shibpur","Aerospace Engineering (4 Years, Bachelor of Technology)",OS,OPEN,Female-only (including Supernumerary),35307,36197
"Indian Institute of Engineering Science and Technology, Shibpur","Aerospace Engineering (4 Years, Bachelor of Technology)",OS,EWS,Gender-Neutral,3279,3770
"Indian Institute of Engineering Science and Technology, Shibpur","Aerospace Engineering (4 Years, Bachelor of Technology)",OS,EWS,Female-only (including Supernumerary),7259,7259
"Indian Institute of Engineering Science and Technology, Shibpur","Aerospace Engineering (4 Years, Bachelor of Technology)",OS,OBC-NCL,Gender-Neutral,6682,7881
"Indian Institute of Engineering Science and Technology, Shibpur","Aerospace Engineering (4 Years, Bachelor of Technology)",OS,OBC-NCL,Female-only (including Supernumerary),14370,14370
"Indian Institute of Engineering Science and Technology, Shibpur","Aerospace Engineering (4 Years, Bachelor of Technology)",OS,OBC-NCL (PwD),Gender-Neutral,100,100
"Indian Institute of Engineering Science and Technology, Shibpur","Aerospace Engineering (4 Years, Bachelor of Technology)",OS,SC,Gender-Neutral,1954,2498
"Indian Institute of Engineering Science and Technology, Shibpur","Aerospace Engineering (4 Years, Bachelor of Technology)",OS,SC,Female-only (including Supernumerary),4137,4137
"Indian Institute of Engineering Science and Technology, Shibpur","Aerospace Engineering (4 Years, Bachelor of Technology)",OS,ST,Gender-Neutral,1739,1739
"Indian Institute of Engineering Science and Technology, Shibpur","Architecture (5 Years, Bachelor of Architecture)",HS,OPEN,Gender-Neutral,194,527
"Indian Institute of Engineering Science and Technology, Shibpur","Architecture (5 Years, Bachelor of Architecture)",HS,OPEN,Female-only (including Supernumerary),219,219
"Indian Institute of Engineering Science and Technology, Shibpur","Architecture (5 Years, Bachelor of Architecture)",HS,EWS,Gender-Neutral,1041,1041
"Indian Institute of Engineering Science and Technology, Shibpur","Architecture (5 Years, Bachelor of Architecture)",HS,OBC-NCL,Gender-Neutral,2475,2768
"Indian Institute of Engineering Science and Technology, Shibpur","Architecture (5 Years, Bachelor of Architecture)",HS,OBC-NCL,Female-only (including Supernumerary),713,713
"Indian Institute of Engineering Science and Technology, Shibpur","Architecture (5 Years, Bachelor of Architecture)",HS,SC,Gender-Neutral,132,132
"Indian Institute of Engineering Science and Technology, Shibpur","Architecture (5 Years, Bachelor of Architecture)",HS,SC,Female-only (including Supernumerary),272,272
"Indian Institute of Engineering Science and Technology, Shibpur","Architecture (5 Years, Bachelor of Architecture)",HS,ST,Gender-Neutral,119,119
"Indian Institute of Engineering Science and Technology, Shibpur","Architecture (5 Years, Bachelor of Architecture)",OS,OPEN,Gender-Neutral,1115,1280
"Indian Institute of Engineering Science and Technology, Shibpur","Architecture (5 Years, Bachelor of Architecture)",OS,OPEN,Female-only (including Supernumerary),999,999
"Indian Institute of Engineering Science and Technology, Shibpur","Architecture (5 Years, Bachelor of Architecture)",OS,OBC-NCL,Gender-Neutral,505,724
"Indian Institute of Engineering Science and Technology, Shibpur","Architecture (5 Years, Bachelor of Architecture)",OS,OBC-NCL,Female-only (including Supernumerary),533,533
"Indian Institute of Engineering Science and Technology, Shibpur","Architecture (5 Years, Bachelor of Architecture)",OS,SC,Gender-Neutral,259,259
"Indian Institute of Engineering Science and Technology, Shibpur","Architecture (5 Years, Bachelor of Architecture)",OS,ST,Gender-Neutral,123,123
"Indian Institute of Engineering Science and Technology, Shibpur","Civil Engineering (4 Years, Bachelor of Technology)",HS,OPEN,Gender-Neutral,33868,47577
"Indian Institute of Engineering Science and Technology, Shibpur","Civil Engineering (4 Years, Bachelor of Technology)",HS,OPEN,Female-only (including Supernumerary),48563,52606
"Indian Institute of Engineering Science and Technology, Shibpur","Civil Engineering (4 Years, Bachelor of Technology)",HS,OPEN (PwD),Gender-Neutral,1632,1632
"Indian Institute of Engineering Science and Technology, Shibpur","Civil Engineering (4 Years, Bachelor of Technology)",HS,EWS,Gender-Neutral,8321,14721
"Indian Institute of Engineering Science and Technology, Shibpur","Civil Engineering (4 Years, Bachelor of Technology)",HS,EWS,Female-only (including Supernumerary),32685,32685
"Indian Institute of Engineering Science and Technology, Shibpur","Civil Engineering (4 Years, Bachelor of Technology)",HS,OBC-NCL,Gender-Neutral,18645,37658
"Indian Institute of Engineering Science and Technology, Shibpur","Civil Engineering (4 Years, Bachelor of Technology)",HS,OBC-NCL,Female-only (including Supernumerary),44475,49399
"Indian Institute of Engineering Science and Technology, Shibpur","Civil Engineering (4 Years, Bachelor of Technology)",HS,SC,Gender-Neutral,6063,9270
"Indian Institute of Engineering Science and Technology, Shibpur","Civil Engineering (4 Years, Bachelor of Technology)",HS,SC,Female-only (including Supernumerary),8407,10331
"Indian Institute of Engineering Science and Technology, Shibpur","Civil Engineering (4 Years, Bachelor of Technology)",HS,ST,Gender-Neutral,4356,10635
"Indian Institute of Engineering Science and Technology, Shibpur","Civil Engineering (4 Years, Bachelor of Technology)",HS,ST,Female-only (including Supernumerary),13918,13918
"Indian Institute of Engineering Science and Technology, Shibpur","Civil Engineering (4 Years, Bachelor of Technology)",OS,OPEN,Gender-Neutral,34931,46450
"Indian Institute of Engineering Science and Technology, Shibpur","Civil Engineering (4 Years, Bachelor of Technology)",OS,OPEN,Female-only (including Supernumerary),45574,57117
"Indian Institute of Engineering Science and Technology, Shibpur","Civil Engineering (4 Years, Bachelor of Technology)",OS,OPEN (PwD),Gender-Neutral,2955,2955
"Indian Institute of Engineering Science and Technology, Shibpur","Civil Engineering (4 Years, Bachelor of Technology)",OS,EWS,Gender-Neutral,7575,8024
"Indian Institute of Engineering Science and Technology, Shibpur","Civil Engineering (4 Years, Bachelor of Technology)",OS,EWS,Female-only (including Supernumerary),9474,9474
"Indian Institute of Engineering Science and Technology, Shibpur","Civil Engineering (4 Years, Bachelor of Technology)",OS,OBC-NCL,Gender-Neutral,15169,16352
"Indian Institute of Engineering Science and Technology, Shibpur","Civil Engineering (4 Years, Bachelor of Technology)",OS,OBC-NCL,Female-only (including Supernumerary),18631,21101
"Indian Institute of Engineering Science and Technology, Shibpur","Civil Engineering (4 Years, Bachelor of Technology)",OS,SC,Gender-Neutral,7523,8378
"Indian Institute of Engineering Science and Technology, Shibpur","Civil Engineering (4 Years, Bachelor of Technology)",OS,SC,Female-only (including Supernumerary),10356,10436
"Indian Institute of Engineering Science and Technology, Shibpur","Civil Engineering (4 Years, Bachelor of Technology)",OS,ST,Gender-Neutral,1787,2056
"Indian Institute of Engineering Science and Technology, Shibpur","Civil Engineering (4 Years, Bachelor of Technology)",OS,ST,Female-only (including Supernumerary),2787,2787
"Indian Institute of Engineering Science and Technology, Shibpur","Computer Science and Engineering (4 Years, Bachelor of Technology)",HS,OPEN,Gender-Neutral,8066,15045
"Indian Institute of Engineering Science and Technology, Shibpur","Computer Science and Engineering (4 Years, Bachelor of Technology)",HS,OPEN,Female-only (including Supernumerary),10218,18284
"Indian Institute of Engineering Science and Technology, Shibpur","Computer Science and Engineering (4 Years, Bachelor of Technology)",HS,OPEN (PwD),Gender-Neutral,124,124
"Indian Institute of Engineering Science and Technology, Shibpur","Computer Science and Engineering (4 Years, Bachelor of Technology)",HS,EWS,Gender-Neutral,3089,3832
"Indian Institute of Engineering Science and Technology, Shibpur","Computer Science and Engineering (4 Years, Bachelor of Technology)",HS,EWS,Female-only (including Supernumerary),6544,6544
"Indian Institute of Engineering Science and Technology, Shibpur","Computer Science and Engineering (4 Years, Bachelor of Technology)",HS,OBC-NCL,Gender-Neutral,6319,11129
"Indian Institute of Engineering Science and Technology, Shibpur","Computer Science and Engineering (4 Years, Bachelor of Technology)",HS,OBC-NCL,Female-only (including Supernumerary),9880,12616
"Indian Institute of Engineering Science and Technology, Shibpur","Computer Science and Engineering (4 Years, Bachelor of Technology)",HS,SC,Gender-Neutral,1228,2205
"Indian Institute of Engineering Science and Technology, Shibpur","Computer Science and Engineering (4 Years, Bachelor of Technology)",HS,SC,Female-only (including Supernumerary),1462,1462
"Indian Institute of Engineering Science and Technology, Shibpur","Computer Science and Engineering (4 Years, Bachelor of Technology)",HS,ST,Gender-Neutral,1483,2024
"Indian Institute of Engineering Science and Technology, Shibpur","Computer Science and Engineering (4 Years, Bachelor of Technology)",HS,ST,Female-only (including Supernumerary),3730,3730
"Indian Institute of Engineering Science and Technology, Shibpur","Computer Science and Engineering (4 Years, Bachelor of Technology)",OS,OPEN,Gender-Neutral,6068,13340
"Indian Institute of Engineering Science and Technology, Shibpur","Computer Science and Engineering (4 Years, Bachelor of Technology)",OS,OPEN,Female-only (including Supernumerary),19472,20799
"Indian Institute of Engineering Science and Technology, Shibpur","Computer Science and Engineering (4 Years, Bachelor of Technology)",OS,OPEN (PwD),Gender-Neutral,206,206
"Indian Institute of Engineering Science and Technology, Shibpur","Computer Science and Engineering (4 Years, Bachelor of Technology)",OS,EWS,Gender-Neutral,2012,2108
"Indian Institute of Engineering Science and Technology, Shibpur","Computer Science and Engineering (4 Years, Bachelor of Technology)",OS,EWS,Female-only (including Supernumerary),4311,4311
"Indian Institute of Engineering Science and Technology, Shibpur","Computer Science and Engineering (4 Years, Bachelor of Technology)",OS,OBC-NCL,Gender-Neutral,5106,5642
"Indian Institute of Engineering Science and Technology, Shibpur","Computer Science and Engineering (4 Years, Bachelor of Technology)",OS,OBC-NCL,Female-only (including Supernumerary),9162,9509
"Indian Institute of Engineering Science and Technology, Shibpur","Computer Science and Engineering (4 Years, Bachelor of Technology)",OS,SC,Gender-Neutral,975,3155
"Indian Institute of Engineering Science and Technology, Shibpur","Computer Science and Engineering (4 Years, Bachelor of Technology)",OS,SC,Female-only (including Supernumerary),3418,3418
"Indian Institute of Engineering Science and Technology, Shibpur","Computer Science and Engineering (4 Years, Bachelor of Technology)",OS,SC (PwD),Gender-Neutral,86,86
"Indian Institute of Engineering Science and Technology, Shibpur","Computer Science and Engineering (4 Years, Bachelor of Technology)",OS,ST,Gender-Neutral,1121,1349
"Indian Institute of Engineering Science and Technology, Shibpur","Computer Science and Engineering (4 Years, Bachelor of Technology)",OS,ST,Female-only (including Supernumerary),1818,1818
"Indian Institute of Engineering Science and Technology, Shibpur","Electrical Engineering (4 Years, Bachelor of Technology)",HS,OPEN,Gender-Neutral,6608,25512
"Indian Institute of Engineering Science and Technology, Shibpur","Electrical Engineering (4 Years, Bachelor of Technology)",HS,OPEN,Female-only (including Supernumerary),29625,34425
"Indian Institute of Engineering Science and Technology, Shibpur","Electrical Engineering (4 Years, Bachelor of Technology)",HS,OPEN (PwD),Gender-Neutral,913,913
"Indian Institute of Engineering Science and Technology, Shibpur","Electrical Engineering (4 Years, Bachelor of Technology)",HS,EWS,Gender-Neutral,6836,7461
"Indian Institute of Engineering Science and Technology, Shibpur","Electrical Engineering (4 Years, Bachelor of Technology)",HS,EWS,Female-only (including Supernumerary),13649,13649
"Indian Institute of Engineering Science and Technology, Shibpur","Electrical Engineering (4 Years, Bachelor of Technology)",HS,OBC-NCL,Gender-Neutral,12444,20094
"Indian Institute of Engineering Science and Technology, Shibpur","Electrical Engineering (4 Years, Bachelor of Technology)",HS,OBC-NCL,Female-only (including Supernumerary),25220,27942
"Indian Institute of Engineering Science and Technology, Shibpur","Electrical Engineering (4 Years, Bachelor of Technology)",HS,SC,Gender-Neutral,3301,5018
"Indian Institute of Engineering Science and Technology, Shibpur","Electrical Engineering (4 Years, Bachelor of Technology)",HS,SC,Female-only (including Supernumerary),4391,4391
"Indian Institute of Engineering Science and Technology, Shibpur","Electrical Engineering (4 Years, Bachelor of Technology)",HS,ST,Gender-Neutral,4588,6584
"Indian Institute of Engineering Science and Technology, Shibpur","Electrical Engineering (4 Years, Bachelor of Technology)",HS,ST,Female-only (including Supernumerary),7149,7149
"Indian Institute of Engineering Science and Technology, Shibpur","Electrical Engineering (4 Years, Bachelor of Technology)",HS,ST (PwD),Gender-Neutral,50,50
"Indian Institute of Engineering Science and Technology, Shibpur","Electrical Engineering (4 Years, Bachelor of Technology)",OS,OPEN,Gender-Neutral,20438,27029
"Indian Institute of Engineering Science and Technology, Shibpur","Electrical Engineering (4 Years, Bachelor of Technology)",OS,OPEN,Female-only (including Supernumerary),30187,37827
"Indian Institute of Engineering Science and Technology, Shibpur","Electrical Engineering (4 Years, Bachelor of Technology)",OS,OPEN (PwD),Gender-Neutral,2195,2195
"Indian Institute of Engineering Science and Technology, Shibpur","Electrical Engineering (4 Years, Bachelor of Technology)",OS,EWS,Gender-Neutral,4387,4506
"Indian Institute of Engineering Science and Technology, Shibpur","Electrical Engineering (4 Years, Bachelor of Technology)",OS,EWS,Female-only (including Supernumerary),6804,6804
"Indian Institute of Engineering Science and Technology, Shibpur","Electrical Engineering (4 Years, Bachelor of Technology)",OS,OBC-NCL,Gender-Neutral,8437,9688
"Indian Institute of Engineering Science and Technology, Shibpur","Electrical Engineering (4 Years, Bachelor of Technology)",OS,OBC-NCL,Female-only (including Supernumerary),12595,14822
"Indian Institute of Engineering Science and Technology, Shibpur","Electrical Engineering (4 Years, Bachelor of Technology)",OS,SC,Gender-Neutral,5225,5983
"Indian Institute of Engineering Science and Technology, Shibpur","Electrical Engineering (4 Years, Bachelor of Technology)",OS,SC,Female-only (including Supernumerary),8682,8682
"Indian Institute of Engineering Science and Technology, Shibpur","Electrical Engineering (4 Years, Bachelor of Technology)",OS,ST,Gender-Neutral,2098,2259
"Indian Institute of Engineering Science and Technology, Shibpur","Electrical Engineering (4 Years, Bachelor of Technology)",OS,ST,Female-only (including Supernumerary),3043,3043
"Indian Institute of Engineering Science and Technology, Shibpur","Electronics and Telecommunication Engineering (4 Years, Bachelor of Technology)",HS,OPEN,Gender-Neutral,11608,21228
"Indian Institute of Engineering Science and Technology, Shibpur","Electronics and Telecommunication Engineering (4 Years, Bachelor of Technology)",HS,OPEN,Female-only (including Supernumerary),23856,27739
"Indian Institute of Engineering Science and Technology, Shibpur","Electronics and Telecommunication Engineering (4 Years, Bachelor of Technology)",HS,EWS,Gender-Neutral,5875,6223
"Indian Institute of Engineering Science and Technology, Shibpur","Electronics and Telecommunication Engineering (4 Years, Bachelor of Technology)",HS,EWS,Female-only (including Supernumerary),10660,10660
"Indian Institute of Engineering Science and Technology, Shibpur","Electronics and Telecommunication Engineering (4 Years, Bachelor of Technology)",HS,OBC-NCL,Gender-Neutral,11269,15577
"Indian Institute of Engineering Science and Technology, Shibpur","Electronics and Telecommunication Engineering (4 Years, Bachelor of Technology)",HS,OBC-NCL,Female-only (including Supernumerary),22924,22924
"Indian Institute of Engineering Science and Technology, Shibpur","Electronics and Telecommunication Engineering (4 Years, Bachelor of Technology)",HS,SC,Gender-Neutral,2553,3637
"Indian Institute of Engineering Science and Technology, Shibpur","Electronics and Telecommunication Engineering (4 Years, Bachelor of Technology)",HS,SC,Female-only (including Supernumerary),3451,3451
"Indian Institute of Engineering Science and Technology, Shibpur","Electronics and Telecommunication Engineering (4 Years, Bachelor of Technology)",HS,ST,Gender-Neutral,3130,4179
"Indian Institute of Engineering Science and Technology, Shibpur","Electronics and Telecommunication Engineering (4 Years, Bachelor of Technology)",HS,ST,Female-only (including Supernumerary),5939,5939
"Indian Institute of Engineering Science and Technology, Shibpur","Electronics and Telecommunication Engineering (4 Years, Bachelor of Technology)",OS,OPEN,Gender-Neutral,16738,20098
"Indian Institute of Engineering Science and Technology, Shibpur","Electronics and Telecommunication Engineering (4 Years, Bachelor of Technology)",OS,OPEN,Female-only (including Supernumerary),30256,31775
"Indian Institute of Engineering Science and Technology, Shibpur","Electronics and Telecommunication Engineering (4 Years, Bachelor of Technology)",OS,OPEN (PwD),Gender-Neutral,1362,1362
"Indian Institute of Engineering Science and Technology, Shibpur","Electronics and Telecommunication Engineering (4 Years, Bachelor of Technology)",OS,EWS,Gender-Neutral,3355,3368
"Indian Institute of Engineering Science and Technology, Shibpur","Electronics and Telecommunication Engineering (4 Years, Bachelor of Technology)",OS,EWS,Female-only (including Supernumerary),6142,6142
"Indian Institute of Engineering Science and Technology, Shibpur","Electronics and Telecommunication Engineering (4 Years, Bachelor of Technology)",OS,OBC-NCL,Gender-Neutral,7067,7642
"Indian Institute of Engineering Science and Technology, Shibpur","Electronics and Telecommunication Engineering (4 Years, Bachelor of Technology)",OS,OBC-NCL,Female-only (including Supernumerary),10504,14579
"Indian Institute of Engineering Science and Technology, Shibpur","Electronics and Telecommunication Engineering (4 Years, Bachelor of Technology)",OS,OBC-NCL (PwD),Gender-Neutral,715,715
"Indian Institute of Engineering Science and Technology, Shibpur","Electronics and Telecommunication Engineering (4 Years, Bachelor of Technology)",OS,SC,Gender-Neutral,4155,4795
"Indian Institute of Engineering Science and Technology, Shibpur","Electronics and Telecommunication Engineering (4 Years, Bachelor of Technology)",OS,SC,Female-only (including Supernumerary),6662,6662
"Indian Institute of Engineering Science and Technology, Shibpur","Electronics and Telecommunication Engineering (4 Years, Bachelor of Technology)",OS,ST,Gender-Neutral,1646,1646
"Indian Institute of Engineering Science and Technology, Shibpur","Information Technology (4 Years, Bachelor of Technology)",HS,OPEN,Gender-Neutral,15062,20454
"Indian Institute of Engineering Science and Technology, Shibpur","Information Technology (4 Years, Bachelor of Technology)",HS,OPEN,Female-only (including Supernumerary),18799,26441
"Indian Institute of Engineering Science and Technology, Shibpur","Information Technology (4 Years, Bachelor of Technology)",HS,OPEN (PwD),Gender-Neutral,483,483
"Indian Institute of Engineering Science and Technology, Shibpur","Information Technology (4 Years, Bachelor of Technology)",HS,EWS,Gender-Neutral,5131,5822
"Indian Institute of Engineering Science and Technology, Shibpur","Information Technology (4 Years, Bachelor of Technology)",HS,EWS,Female-only (including Supernumerary),10013,10013
"Indian Institute of Engineering Science and Technology, Shibpur","Information Technology (4 Years, Bachelor of Technology)",HS,OBC-NCL,Gender-Neutral,11699,13803
"Indian Institute of Engineering Science and Technology, Shibpur","Information Technology (4 Years, Bachelor of Technology)",HS,OBC-NCL,Female-only (including Supernumerary),18130,23972
"Indian Institute of Engineering Science and Technology, Shibpur","Information Technology (4 Years, Bachelor of Technology)",HS,SC,Gender-Neutral,2451,3082
"Indian Institute of Engineering Science and Technology, Shibpur","Information Technology (4 Years, Bachelor of Technology)",HS,SC,Female-only (including Supernumerary),4354,4354
"Indian Institute of Engineering Science and Technology, Shibpur","Information Technology (4 Years, Bachelor of Technology)",HS,ST,Gender-Neutral,3092,3574
"Indian Institute of Engineering Science and Technology, Shibpur","Information Technology (4 Years, Bachelor of Technology)",HS,ST,Female-only (including Supernumerary),5505,5505
"Indian Institute of Engineering Science and Technology, Shibpur","Information Technology (4 Years, Bachelor of Technology)",OS,OPEN,Gender-Neutral,13607,16272
"Indian Institute of Engineering Science and Technology, Shibpur","Information Technology (4 Years, Bachelor of Technology)",OS,OPEN,Female-only (including Supernumerary),23943,28088
"Indian Institute of Engineering Science and Technology, Shibpur","Information Technology (4 Years, Bachelor of Technology)",OS,OPEN (PwD),Gender-Neutral,579,579
"Indian Institute of Engineering Science and Technology, Shibpur","Information Technology (4 Years, Bachelor of Technology)",OS,EWS,Gender-Neutral,2621,2649
"Indian Institute of Engineering Science and Technology, Shibpur","Information Technology (4 Years, Bachelor of Technology)",OS,EWS,Female-only (including Supernumerary),4621,4621
"Indian Institute of Engineering Science and Technology, Shibpur","Information Technology (4 Years, Bachelor of Technology)",OS,OBC-NCL,Gender-Neutral,4415,6398
"Indian Institute of Engineering Science and Technology, Shibpur","Information Technology (4 Years, Bachelor of Technology)",OS,OBC-NCL,Female-only (including Supernumerary),10133,12570
"Indian Institute of Engineering Science and Technology, Shibpur","Information Technology (4 Years, Bachelor of Technology)",OS,OBC-NCL (PwD),Gender-Neutral,556,556
"Indian Institute of Engineering Science and Technology, Shibpur","Information Technology (4 Years, Bachelor of Technology)",OS,SC,Gender-Neutral,3162,3977
"Indian Institute of Engineering Science and Technology, Shibpur","Information Technology (4 Years, Bachelor of Technology)",OS,SC,Female-only (including Supernumerary),4845,4845
"Indian Institute of Engineering Science and Technology, Shibpur","Information Technology (4 Years, Bachelor of Technology)",OS,ST,Gender-Neutral,1622,1819
"Indian Institute of Engineering Science and Technology, Shibpur","Information Technology (4 Years, Bachelor of Technology)",OS,ST,Female-only (including Supernumerary),2304,2304
"Indian Institute of Engineering Science and Technology, Shibpur","Mechanical Engineering (4 Years, Bachelor of Technology)",HS,OPEN,Gender-Neutral,26556,34075
"Indian Institute of Engineering Science and Technology, Shibpur","Mechanical Engineering (4 Years, Bachelor of Technology)",HS,OPEN,Female-only (including Supernumerary),38504,48171
"Indian Institute of Engineering Science and Technology, Shibpur","Mechanical Engineering (4 Years, Bachelor of Technology)",HS,OPEN (PwD),Gender-Neutral,1804,1908
"Indian Institute of Engineering Science and Technology, Shibpur","Mechanical Engineering (4 Years, Bachelor of Technology)",HS,EWS,Gender-Neutral,7976,9789
"Indian Institute of Engineering Science and Technology, Shibpur","Mechanical Engineering (4 Years, Bachelor of Technology)",HS,EWS,Female-only (including Supernumerary),19038,19038
"Indian Institute of Engineering Science and Technology, Shibpur","Mechanical Engineering (4 Years, Bachelor of Technology)",HS,OBC-NCL,Gender-Neutral,10172,24852
"Indian Institute of Engineering Science and Technology, Shibpur","Mechanical Engineering (4 Years, Bachelor of Technology)",HS,OBC-NCL,Female-only (including Supernumerary),26403,33900
"Indian Institute of Engineering Science and Technology, Shibpur","Mechanical Engineering (4 Years, Bachelor of Technology)",HS,SC,Gender-Neutral,5155,6181
"Indian Institute of Engineering Science and Technology, Shibpur","Mechanical Engineering (4 Years, Bachelor of Technology)",HS,SC,Female-only (including Supernumerary),6861,8062
"Indian Institute of Engineering Science and Technology, Shibpur","Mechanical Engineering (4 Years, Bachelor of Technology)",HS,ST,Gender-Neutral,6598,10575
"Indian Institute of Engineering Science and Technology, Shibpur","Mechanical Engineering (4 Years, Bachelor of Technology)",HS,ST,Female-only (including Supernumerary),11191,11191
"Indian Institute of Engineering Science and Technology, Shibpur","Mechanical Engineering (4 Years, Bachelor of Technology)",OS,OPEN,Gender-Neutral,20930,34817
"Indian Institute of Engineering Science and Technology, Shibpur","Mechanical Engineering (4 Years, Bachelor of Technology)",OS,OPEN,Female-only (including Supernumerary),39937,45300
"Indian Institute of Engineering Science and Technology, Shibpur","Mechanical Engineering (4 Years, Bachelor of Technology)",OS,OPEN (PwD),Gender-Neutral,2924,2924
"Indian Institute of Engineering Science and Technology, Shibpur","Mechanical Engineering (4 Years, Bachelor of Technology)",OS,EWS,Gender-Neutral,5636,5753
"Indian Institute of Engineering Science and Technology, Shibpur","Mechanical Engineering (4 Years, Bachelor of Technology)",OS,EWS,Female-only (including Supernumerary),8350,8350
"Indian Institute of Engineering Science and Technology, Shibpur","Mechanical Engineering (4 Years, Bachelor of Technology)",OS,OBC-NCL,Gender-Neutral,10392,12182
"Indian Institute of Engineering Science and Technology, Shibpur","Mechanical Engineering (4 Years, Bachelor of Technology)",OS,OBC-NCL,Female-only (including Supernumerary),16869,18368
"Indian Institute of Engineering Science and Technology, Shibpur","Mechanical Engineering (4 Years, Bachelor of Technology)",OS,SC,Gender-Neutral,5283,7265
"Indian Institute of Engineering Science and Technology, Shibpur","Mechanical Engineering (4 Years, Bachelor of Technology)",OS,SC,Female-only (including Supernumerary),6562,8908
"Indian Institute of Engineering Science and Technology, Shibpur","Mechanical Engineering (4 Years, Bachelor of Technology)",OS,ST,Gender-Neutral,2323,2461
"Indian Institute of Engineering Science and Technology, Shibpur","Metallurgy and Materials Engineering (4 Years, Bachelor of Technology)",HS,OPEN,Gender-Neutral,36715,47789
"Indian Institute of Engineering Science and Technology, Shibpur","Metallurgy and Materials Engineering (4 Years, Bachelor of Technology)",HS,OPEN,Female-only (including Supernumerary),35082,49799
"Indian Institute of Engineering Science and Technology, Shibpur","Metallurgy and Materials Engineering (4 Years, Bachelor of Technology)",HS,OPEN (PwD),Gender-Neutral,2370,2370
"Indian Institute of Engineering Science and Technology, Shibpur","Metallurgy and Materials Engineering (4 Years, Bachelor of Technology)",HS,EWS,Gender-Neutral,11357,11357
"Indian Institute of Engineering Science and Technology, Shibpur","Metallurgy and Materials Engineering (4 Years, Bachelor of Technology)",HS,EWS,Female-only (including Supernumerary),35496,35496
"Indian Institute of Engineering Science and Technology, Shibpur","Metallurgy and Materials Engineering (4 Years, Bachelor of Technology)",HS,OBC-NCL,Gender-Neutral,25728,37844
"Indian Institute of Engineering Science and Technology, Shibpur","Metallurgy and Materials Engineering (4 Years, Bachelor of Technology)",HS,OBC-NCL,Female-only (including Supernumerary),38329,38329
"Indian Institute of Engineering Science and Technology, Shibpur","Metallurgy and Materials Engineering (4 Years, Bachelor of Technology)",HS,SC,Gender-Neutral,7325,8621
"Indian Institute of Engineering Science and Technology, Shibpur","Metallurgy and Materials Engineering (4 Years, Bachelor of Technology)",HS,SC,Female-only (including Supernumerary),10780,10780
"Indian Institute of Engineering Science and Technology, Shibpur","Metallurgy and Materials Engineering (4 Years, Bachelor of Technology)",HS,ST,Gender-Neutral,11528,11528
"Indian Institute of Engineering Science and Technology, Shibpur","Metallurgy and Materials Engineering (4 Years, Bachelor of Technology)",OS,OPEN,Gender-Neutral,42245,48919
"Indian Institute of Engineering Science and Technology, Shibpur","Metallurgy and Materials Engineering (4 Years, Bachelor of Technology)",OS,OPEN,Female-only (including Supernumerary),44098,54537
"Indian Institute of Engineering Science and Technology, Shibpur","Metallurgy and Materials Engineering (4 Years, Bachelor of Technology)",OS,OPEN (PwD),Gender-Neutral,2366,2366
"Indian Institute of Engineering Science and Technology, Shibpur","Metallurgy and Materials Engineering (4 Years, Bachelor of Technology)",OS,EWS,Gender-Neutral,7906,7962
"Indian Institute of Engineering Science and Technology, Shibpur","Metallurgy and Materials Engineering (4 Years, Bachelor of Technology)",OS,OBC-NCL,Gender-Neutral,15602,17070
"Indian Institute of Engineering Science and Technology, Shibpur","Metallurgy and Materials Engineering (4 Years, Bachelor of Technology)",OS,OBC-NCL,Female-only (including Supernumerary),21448,21448
"Indian Institute of Engineering Science and Technology, Shibpur","Metallurgy and Materials Engineering (4 Years, Bachelor of Technology)",OS,SC,Gender-Neutral,7690,8417
"Indian Institute of Engineering Science and Technology, Shibpur","Metallurgy and Materials Engineering (4 Years, Bachelor of Technology)",OS,SC,Female-only (including Supernumerary),10247,10247
"Indian Institute of Engineering Science and Technology, Shibpur","Metallurgy and Materials Engineering (4 Years, Bachelor of Technology)",OS,ST,Gender-Neutral,3201,3201
"Indian Institute of Engineering Science and Technology, Shibpur","Metallurgy and Materials Engineering (4 Years, Bachelor of Technology)",OS,ST,Female-only (including Supernumerary),4432,4432
"Indian Institute of Engineering Science and Technology, Shibpur","Mining Engineering (4 Years, Bachelor of Technology)",HS,OPEN,Gender-Neutral,39453,51662
"Indian Institute of Engineering Science and Technology, Shibpur","Mining Engineering (4 Years, Bachelor of Technology)",HS,OPEN,Female-only (including Supernumerary),53154,54573
"Indian Institute of Engineering Science and Technology, Shibpur","Mining Engineering (4 Years, Bachelor of Technology)",HS,EWS,Gender-Neutral,15717,16157
"Indian Institute of Engineering Science and Technology, Shibpur","Mining Engineering (4 Years, Bachelor of Technology)",HS,OBC-NCL,Gender-Neutral,32594,37878
"Indian Institute of Engineering Science and Technology, Shibpur","Mining Engineering (4 Years, Bachelor of Technology)",HS,OBC-NCL,Female-only (including Supernumerary),49152,49152
"Indian Institute of Engineering Science and Technology, Shibpur","Mining Engineering (4 Years, Bachelor of Technology)",HS,SC,Gender-Neutral,8279,8915
"Indian Institute of Engineering Science and Technology, Shibpur","Mining Engineering (4 Years, Bachelor of Technology)",HS,SC,Female-only (including Supernumerary),10704,10704
"Indian Institute of Engineering Science and Technology, Shibpur","Mining Engineering (4 Years, Bachelor of Technology)",HS,ST,Gender-Neutral,5955,6846
"Indian Institute of Engineering Science and Technology, Shibpur","Mining Engineering (4 Years, Bachelor of Technology)",HS,ST,Female-only (including Supernumerary),17297,17297
"Indian Institute of Engineering Science and Technology, Shibpur","Mining Engineering (4 Years, Bachelor of Technology)",OS,OPEN,Gender-Neutral,48976,50765
"Indian Institute of Engineering Science and Technology, Shibpur","Mining Engineering (4 Years, Bachelor of Technology)",OS,OPEN,Female-only (including Supernumerary),59688,62896
"Indian Institute of Engineering Science and Technology, Shibpur","Mining Engineering (4 Years, Bachelor of Technology)",OS,EWS,Gender-Neutral,8333,8455
"Indian Institute of Engineering Science and Technology, Shibpur","Mining Engineering (4 Years, Bachelor of Technology)",OS,OBC-NCL,Gender-Neutral,17015,17416
"Indian Institute of Engineering Science and Technology, Shibpur","Mining Engineering (4 Years, Bachelor of Technology)",OS,OBC-NCL,Female-only (including Supernumerary),21312,21607
"Indian Institute of Engineering Science and Technology, Shibpur","Mining Engineering (4 Years, Bachelor of Technology)",OS,SC,Gender-Neutral,8466,8856
"Indian Institute of Engineering Science and Technology, Shibpur","Mining Engineering (4 Years, Bachelor of Technology)",OS,ST,Gender-Neutral,3275,3372
Atal Bihari Vajpayee Indian Institute of Information Technology & Management Gwalior,"Computer Science and Engineering (4 Years, Bachelor of Technology)",AI,OPEN,Gender-Neutral,3710,7511
Atal Bihari Vajpayee Indian Institute of Information Technology & Management Gwalior,"Computer Science and Engineering (4 Years, Bachelor of Technology)",AI,OPEN,Female-only (including Supernumerary),9754,11529
Atal Bihari Vajpayee Indian Institute of Information Technology & Management Gwalior,"Computer Science and Engineering (4 Years, Bachelor of Technology)",AI,OPEN (PwD),Gender-Neutral,212,212
Atal Bihari Vajpayee Indian Institute of Information Technology & Management Gwalior,"Computer Science and Engineering (4 Years, Bachelor of Technology)",AI,EWS,Gender-Neutral,1047,1216
Atal Bihari Vajpayee Indian Institute of Information Technology & Management Gwalior,"Computer Science and Engineering (4 Years, Bachelor of Technology)",AI,EWS,Female-only (including Supernumerary),2013,2013
Atal Bihari Vajpayee Indian Institute of Information Technology & Management Gwalior,"Computer Science and Engineering (4 Years, Bachelor of Technology)",AI,OBC-NCL,Gender-Neutral,2521,3314
Atal Bihari Vajpayee Indian Institute of Information Technology & Management Gwalior,"Computer Science and Engineering (4 Years, Bachelor of Technology)",AI,OBC-NCL,Female-only (including Supernumerary),5669,6214
Atal Bihari Vajpayee Indian Institute of Information Technology & Management Gwalior,"Computer Science and Engineering (4 Years, Bachelor of Technology)",AI,OBC-NCL (PwD),Gender-Neutral,195,195
Atal Bihari Vajpayee Indian Institute of Information Technology & Management Gwalior,"Computer Science and Engineering (4 Years, Bachelor of Technology)",AI,SC,Gender-Neutral,1737,2195
Atal Bihari Vajpayee Indian Institute of Information Technology & Management Gwalior,"Computer Science and Engineering (4 Years, Bachelor of Technology)",AI,SC,Female-only (including Supernumerary),3246,3313
Atal Bihari Vajpayee Indian Institute of Information Technology & Management Gwalior,"Computer Science and Engineering (4 Years, Bachelor of Technology)",AI,SC (PwD),Gender-Neutral,67,67
Atal Bihari Vajpayee Indian Institute of Information Technology & Management Gwalior,"Computer Science and Engineering (4 Years, Bachelor of Technology)",AI,ST,Gender-Neutral,746,1216
Atal Bihari Vajpayee Indian Institute of Information Technology & Management Gwalior,"Computer Science and Engineering (4 Years, Bachelor of Technology)",AI,ST,Female-only (including Supernumerary),1493,1493
Atal Bihari Vajpayee Indian Institute of Information Technology & Management Gwalior,"Computer Science and Engineering (4 Years, Bachelor of Technology)",AI,ST (PwD),Gender-Neutral,75,75
Atal Bihari Vajpayee Indian Institute of Information Technology & Management Gwalior,"Electrical and Electronics Engineering (4 Years, Bachelor of Technology)",AI,OPEN,Gender-Neutral,10447,16203
Atal Bihari Vajpayee Indian Institute of Information Technology & Management Gwalior,"Electrical and Electronics Engineering (4 Years, Bachelor of Technology)",AI,OPEN,Female-only (including Supernumerary),24344,25669
Atal Bihari Vajpayee Indian Institute of Information Technology & Management Gwalior,"Electrical and Electronics Engineering (4 Years, Bachelor of Technology)",AI,OPEN (PwD),Gender-Neutral,1334,1334
Atal Bihari Vajpayee Indian Institute of Information Technology & Management Gwalior,"Electrical and Electronics Engineering (4 Years, Bachelor of Technology)",AI,EWS,Gender-Neutral,2740,2803
Atal Bihari Vajpayee Indian Institute of Information Technology & Management Gwalior,"Electrical and Electronics Engineering (4 Years, Bachelor of Technology)",AI,EWS,Female-only (including Supernumerary),4312,4312
Atal Bihari Vajpayee Indian Institute of Information Technology & Management Gwalior,"Electrical and Electronics Engineering (4 Years, Bachelor of Technology)",AI,OBC-NCL,Gender-Neutral,5855,6543
Atal Bihari Vajpayee Indian Institute of Information Technology & Management Gwalior,"Electrical and Electronics Engineering (4 Years, Bachelor of Technology)",AI,OBC-NCL,Female-only (including Supernumerary),10596,13502
Atal Bihari Vajpayee Indian Institute of Information Technology & Management Gwalior,"Electrical and Electronics Engineering (4 Years, Bachelor of Technology)",AI,OBC-NCL (PwD),Gender-Neutral,973,973
Atal Bihari Vajpayee Indian Institute of Information Technology & Management Gwalior,"Electrical and Electronics Engineering (4 Years, Bachelor of Technology)",AI,SC,Gender-Neutral,3776,4700
Atal Bihari Vajpayee Indian Institute of Information Technology & Management Gwalior,"Electrical and Electronics Engineering (4 Years, Bachelor of Technology)",AI,SC,Female-only (including Supernumerary),4852,4852
Atal Bihari Vajpayee Indian Institute of Information Technology & Management Gwalior,"Electrical and Electronics Engineering (4 Years, Bachelor of Technology)",AI,ST,Gender-Neutral,1508,1671
Atal Bihari Vajpayee Indian Institute of Information Technology & Management Gwalior,"Integrated B. Tech.(IT) and M. Tech (IT) (5 Years, Integrated B. Tech. and M. Tech.)",AI,OPEN,Gender-Neutral,9708,13161
Atal Bihari Vajpayee Indian Institute of Information Technology & Management Gwalior,"Integrated B. Tech.(IT) and M. Tech (IT) (5 Years, Integrated B. Tech. and M. Tech.)",AI,OPEN,Female-only (including Supernumerary),18625,22022
Atal Bihari Vajpayee Indian Institute of Information Technology & Management Gwalior,"Integrated B. Tech.(IT) and M. Tech (IT) (5 Years, Integrated B. Tech. and M. Tech.)",AI,OPEN (PwD),Gender-Neutral,776,776
Atal Bihari Vajpayee Indian Institute of Information Technology & Management Gwalior,"Integrated B. Tech.(IT) and M. Tech (IT) (5 Years, Integrated B. Tech. and M. Tech.)",AI,OPEN (PwD),Female-only (including Supernumerary),555,555
Atal Bihari Vajpayee Indian Institute of Information Technology & Management Gwalior,"Integrated B. Tech.(IT) and M. Tech (IT) (5 Years, Integrated B. Tech. and M. Tech.)",AI,EWS,Gender-Neutral,1966,2271
Atal Bihari Vajpayee Indian Institute of Information Technology & Management Gwalior,"Integrated B. Tech.(IT) and M. Tech (IT) (5 Years, Integrated B. Tech. and M. Tech.)",AI,EWS,Female-only (including Supernumerary),3731,3809
Atal Bihari Vajpayee Indian Institute of Information Technology & Management Gwalior,"Integrated B. Tech.(IT) and M. Tech (IT) (5 Years, Integrated B. Tech. and M. Tech.)",AI,OBC-NCL,Gender-Neutral,3751,6135
Atal Bihari Vajpayee Indian Institute of Information Technology & Management Gwalior,"Integrated B. Tech.(IT) and M. Tech (IT) (5 Years, Integrated B. Tech. and M. Tech.)",AI,OBC-NCL,Female-only (including Supernumerary),7705,10475
Atal Bihari Vajpayee Indian Institute of Information Technology & Management Gwalior,"Integrated B. Tech.(IT) and M. Tech (IT) (5 Years, Integrated B. Tech. and M. Tech.)",AI,OBC-NCL (PwD),Gender-Neutral,557,557
Atal Bihari Vajpayee Indian Institute of Information Technology & Management Gwalior,"Integrated B. Tech.(IT) and M. Tech (IT) (5 Years, Integrated B. Tech. and M. Tech.)",AI,SC,Gender-Neutral,2426,4231
Atal Bihari Vajpayee Indian Institute of Information Technology & Management Gwalior,"Integrated B. Tech.(IT) and M. Tech (IT) (5 Years, Integrated B. Tech. and M. Tech.)",AI,SC,Female-only (including Supernumerary),4280,5371
Atal Bihari Vajpayee Indian Institute of Information Technology & Management Gwalior,"Integrated B. Tech.(IT) and M. Tech (IT) (5 Years, Integrated B. Tech. and M. Tech.)",AI,ST,Gender-Neutral,1116,1981
Atal Bihari Vajpayee Indian Institute of Information Technology & Management Gwalior,"Integrated B. Tech.(IT) and M. Tech (IT) (5 Years, Integrated B. Tech. and M. Tech.)",AI,ST,Female-only (including Supernumerary),2568,2568
Atal Bihari Vajpayee Indian Institute of Information Technology & Management Gwalior,"Integrated B. Tech.(IT) and MBA (5 Years, Integrated B. Tech. and MBA)",AI,OPEN,Gender-Neutral,11561,15788
Atal Bihari Vajpayee Indian Institute of Information Technology & Management Gwalior,"Integrated B. Tech.(IT) and MBA (5 Years, Integrated B. Tech. and MBA)",AI,OPEN,Female-only (including Supernumerary),17793,22584
Atal Bihari Vajpayee Indian Institute of Information Technology & Management Gwalior,"Integrated B. Tech.(IT) and MBA (5 Years, Integrated B. Tech. and MBA)",AI,OPEN (PwD),Gender-Neutral,1098,1098
Atal Bihari Vajpayee Indian Institute of Information Technology & Management Gwalior,"Integrated B. Tech.(IT) and MBA (5 Years, Integrated B. Tech. and MBA)",AI,EWS,Gender-Neutral,2370,2568
Atal Bihari Vajpayee Indian Institute of Information Technology & Management Gwalior,"Integrated B. Tech.(IT) and MBA (5 Years, Integrated B. Tech. and MBA)",AI,EWS,Female-only (including Supernumerary),4010,4010
Atal Bihari Vajpayee Indian Institute of Information Technology & Management Gwalior,"Integrated B. Tech.(IT) and MBA (5 Years, Integrated B. Tech. and MBA)",AI,EWS (PwD),Gender-Neutral,219,219
Atal Bihari Vajpayee Indian Institute of Information Technology & Management Gwalior,"Integrated B. Tech.(IT) and MBA (5 Years, Integrated B. Tech. and MBA)",AI,OBC-NCL,Gender-Neutral,5953,7224
Atal Bihari Vajpayee Indian Institute of Information Technology & Management Gwalior,"Integrated B. Tech.(IT) and MBA (5 Years, Integrated B. Tech. and MBA)",AI,OBC-NCL,Female-only (including Supernumerary),10304,10838
Atal Bihari Vajpayee Indian Institute of Information Technology & Management Gwalior,"Integrated B. Tech.(IT) and MBA (5 Years, Integrated B. Tech. and MBA)",AI,OBC-NCL (PwD),Gender-Neutral,746,746
Atal Bihari Vajpayee Indian Institute of Information Technology & Management Gwalior,"Integrated B. Tech.(IT) and MBA (5 Years, Integrated B. Tech. and MBA)",AI,SC,Gender-Neutral,3595,4683
Atal Bihari Vajpayee Indian Institute of Information Technology & Management Gwalior,"Integrated B. Tech.(IT) and MBA (5 Years, Integrated B. Tech. and MBA)",AI,SC,Female-only (including Supernumerary),5701,5701
Atal Bihari Vajpayee Indian Institute of Information Technology & Management Gwalior,"Integrated B. Tech.(IT) and MBA (5 Years, Integrated B. Tech. and MBA)",AI,ST,Gender-Neutral,2239,2526
Atal Bihari Vajpayee Indian Institute of Information Technology & Management Gwalior,"Integrated B. Tech.(IT) and MBA (5 Years, Integrated B. Tech. and MBA)",AI,ST,Female-only (including Supernumerary),2793,2793
Atal Bihari Vajpayee Indian Institute of Information Technology & Management Gwalior,"Mathematics and Scientific Computing (4 Years, Bachelor of Technology)",AI,OPEN,Gender-Neutral,8643,9613
Atal Bihari Vajpayee Indian Institute of Information Technology & Management Gwalior,"Mathematics and Scientific Computing (4 Years, Bachelor of Technology)",AI,OPEN,Female-only (including Supernumerary),15414,16057
Atal Bihari Vajpayee Indian Institute of Information Technology & Management Gwalior,"Mathematics and Scientific Computing (4 Years, Bachelor of Technology)",AI,OPEN (PwD),Gender-Neutral,719,719
Atal Bihari Vajpayee Indian Institute of Information Technology & Management Gwalior,"Mathematics and Scientific Computing (4 Years, Bachelor of Technology)",AI,EWS,Gender-Neutral,1599,1724
Atal Bihari Vajpayee Indian Institute of Information Technology & Management Gwalior,"Mathematics and Scientific Computing (4 Years, Bachelor of Technology)",AI,EWS,Female-only (including Supernumerary),2759,2759
Atal Bihari Vajpayee Indian Institute of Information Technology & Management Gwalior,"Mathematics and Scientific Computing (4 Years, Bachelor of Technology)",AI,OBC-NCL,Gender-Neutral,4518,4762
Atal Bihari Vajpayee Indian Institute of Information Technology & Management Gwalior,"Mathematics and Scientific Computing (4 Years, Bachelor of Technology)",AI,OBC-NCL,Female-only (including Supernumerary),7234,7390
Atal Bihari Vajpayee Indian Institute of Information Technology & Management Gwalior,"Mathematics and Scientific Computing (4 Years, Bachelor of Technology)",AI,SC,Gender-Neutral,2706,3476
Atal Bihari Vajpayee Indian Institute of Information Technology & Management Gwalior,"Mathematics and Scientific Computing (4 Years, Bachelor of Technology)",AI,ST,Gender-Neutral,1394,1494
"Indian Institute of Information Technology (IIIT)Kota, Rajasthan","Artificial Intelligence and Data Engineering (4 Years, Bachelor of Technology)",AI,OPEN,Gender-Neutral,11239,25393
"Indian Institute of Information Technology (IIIT)Kota, Rajasthan","Artificial Intelligence and Data Engineering (4 Years, Bachelor of Technology)",AI,OPEN,Female-only (including Supernumerary),29212,32472
"Indian Institute of Information Technology (IIIT)Kota, Rajasthan","Artificial Intelligence and Data Engineering (4 Years, Bachelor of Technology)",AI,OPEN (PwD),Gender-Neutral,1997,2185
"Indian Institute of Information Technology (IIIT)Kota, Rajasthan","Artificial Intelligence and Data Engineering (4 Years, Bachelor of Technology)",AI,EWS,Gender-Neutral,4267,4529
"Indian Institute of Information Technology (IIIT)Kota, Rajasthan","Artificial Intelligence and Data Engineering (4 Years, Bachelor of Technology)",AI,EWS,Female-only (including Supernumerary),6523,6523
"Indian Institute of Information Technology (IIIT)Kota, Rajasthan","Artificial Intelligence and Data Engineering (4 Years, Bachelor of Technology)",AI,OBC-NCL,Gender-Neutral,8497,10784
"Indian Institute of Information Technology (IIIT)Kota, Rajasthan","Artificial Intelligence and Data Engineering (4 Years, Bachelor of Technology)",AI,OBC-NCL,Female-only (including Supernumerary),14792,15390
"Indian Institute of Information Technology (IIIT)Kota, Rajasthan","Artificial Intelligence and Data Engineering (4 Years, Bachelor of Technology)",AI,OBC-NCL (PwD),Gender-Neutral,1525,1525
"Indian Institute of Information Technology (IIIT)Kota, Rajasthan","Artificial Intelligence and Data Engineering (4 Years, Bachelor of Technology)",AI,SC,Gender-Neutral,5471,7363
"Indian Institute of Information Technology (IIIT)Kota, Rajasthan","Artificial Intelligence and Data Engineering (4 Years, Bachelor of Technology)",AI,SC,Female-only (including Supernumerary),9414,10037
"Indian Institute of Information Technology (IIIT)Kota, Rajasthan","Artificial Intelligence and Data Engineering (4 Years, Bachelor of Technology)",AI,ST,Gender-Neutral,2830,3475
"Indian Institute of Information Technology (IIIT)Kota, Rajasthan","Artificial Intelligence and Data Engineering (4 Years, Bachelor of Technology)",AI,ST,Female-only (including Supernumerary),4446,4446
"Indian Institute of Information Technology (IIIT)Kota, Rajasthan","Computer Science and Engineering (4 Years, Bachelor of Technology)",AI,OPEN,Gender-Neutral,14863,23319
"Indian Institute of Information Technology (IIIT)Kota, Rajasthan","Computer Science and Engineering (4 Years, Bachelor of Technology)",AI,OPEN,Female-only (including Supernumerary),23788,31675
"Indian Institute of Information Technology (IIIT)Kota, Rajasthan","Computer Science and Engineering (4 Years, Bachelor of Technology)",AI,OPEN (PwD),Gender-Neutral,1261,1619
"Indian Institute of Information Technology (IIIT)Kota, Rajasthan","Computer Science and Engineering (4 Years, Bachelor of Technology)",AI,OPEN (PwD),Female-only (including Supernumerary),2035,2035
"Indian Institute of Information Technology (IIIT)Kota, Rajasthan","Computer Science and Engineering (4 Years, Bachelor of Technology)",AI,EWS,Gender-Neutral,3692,4189
"Indian Institute of Information Technology (IIIT)Kota, Rajasthan","Computer Science and Engineering (4 Years, Bachelor of Technology)",AI,EWS,Female-only (including Supernumerary),5157,6492
"Indian Institute of Information Technology (IIIT)Kota, Rajasthan","Computer Science and Engineering (4 Years, Bachelor of Technology)",AI,EWS (PwD),Gender-Neutral,229,229
"Indian Institute of Information Technology (IIIT)Kota, Rajasthan","Computer Science and Engineering (4 Years, Bachelor of Technology)",AI,OBC-NCL,Gender-Neutral,6168,10271
"Indian Institute of Information Technology (IIIT)Kota, Rajasthan","Computer Science and Engineering (4 Years, Bachelor of Technology)",AI,OBC-NCL,Female-only (including Supernumerary),13265,14625
"Indian Institute of Information Technology (IIIT)Kota, Rajasthan","Computer Science and Engineering (4 Years, Bachelor of Technology)",AI,OBC-NCL (PwD),Gender-Neutral,671,999
"Indian Institute of Information Technology (IIIT)Kota, Rajasthan","Computer Science and Engineering (4 Years, Bachelor of Technology)",AI,SC,Gender-Neutral,3959,7199
"Indian Institute of Information Technology (IIIT)Kota, Rajasthan","Computer Science and Engineering (4 Years, Bachelor of Technology)",AI,SC,Female-only (including Supernumerary),6501,8483
"Indian Institute of Information Technology (IIIT)Kota, Rajasthan","Computer Science and Engineering (4 Years, Bachelor of Technology)",AI,ST,Gender-Neutral,2621,3364
"Indian Institute of Information Technology (IIIT)Kota, Rajasthan","Computer Science and Engineering (4 Years, Bachelor of Technology)",AI,ST,Female-only (including Supernumerary),3681,3832
"Indian Institute of Information Technology (IIIT)Kota, Rajasthan","Electronics and Communication Engineering (4 Years, Bachelor of Technology)",AI,OPEN,Gender-Neutral,25813,32686
"Indian Institute of Information Technology (IIIT)Kota, Rajasthan","Electronics and Communication Engineering (4 Years, Bachelor of Technology)",AI,OPEN,Female-only (including Supernumerary),32966,35824
"Indian Institute of Information Technology (IIIT)Kota, Rajasthan","Electronics and Communication Engineering (4 Years, Bachelor of Technology)",AI,OPEN (PwD),Gender-Neutral,295,295
"Indian Institute of Information Technology (IIIT)Kota, Rajasthan","Electronics and Communication Engineering (4 Years, Bachelor of Technology)",AI,EWS,Gender-Neutral,5328,5607
"Indian Institute of Information Technology (IIIT)Kota, Rajasthan","Electronics and Communication Engineering (4 Years, Bachelor of Technology)",AI,EWS,Female-only (including Supernumerary),6604,6775
"Indian Institute of Information Technology (IIIT)Kota, Rajasthan","Electronics and Communication Engineering (4 Years, Bachelor of Technology)",AI,OBC-NCL,Gender-Neutral,11247,14210
"Indian Institute of Information Technology (IIIT)Kota, Rajasthan","Electronics and Communication Engineering (4 Years, Bachelor of Technology)",AI,OBC-NCL,Female-only (including Supernumerary),15814,18048
"Indian Institute of Information Technology (IIIT)Kota, Rajasthan","Electronics and Communication Engineering (4 Years, Bachelor of Technology)",AI,OBC-NCL (PwD),Gender-Neutral,1891,1891
"Indian Institute of Information Technology (IIIT)Kota, Rajasthan","Electronics and Communication Engineering (4 Years, Bachelor of Technology)",AI,SC,Gender-Neutral,6950,8465
"Indian Institute of Information Technology (IIIT)Kota, Rajasthan","Electronics and Communication Engineering (4 Years, Bachelor of Technology)",AI,SC,Female-only (including Supernumerary),9767,10738
"Indian Institute of Information Technology (IIIT)Kota, Rajasthan","Electronics and Communication Engineering (4 Years, Bachelor of Technology)",AI,ST,Gender-Neutral,1655,3604
"Indian Institute of Information Technology (IIIT)Kota, Rajasthan","Electronics and Communication Engineering (4 Years, Bachelor of Technology)",AI,ST,Female-only (including Supernumerary),4075,4075
Indian Institute of Information Technology Guwahati,"Computer Science and Engineering (4 Years, Bachelor of Technology)",AI,OPEN,Gender-Neutral,8568,19084
Indian Institute of Information Technology Guwahati,"Computer Science and Engineering (4 Years, Bachelor of Technology)",AI,OPEN,Female-only (including Supernumerary),21664,29844
Indian Institute of Information Technology Guwahati,"Computer Science and Engineering (4 Years, Bachelor of Technology)",AI,OPEN (PwD),Gender-Neutral,772,1019
Indian Institute of Information Technology Guwahati,"Computer Science and Engineering (4 Years, Bachelor of Technology)",AI,OPEN (PwD),Female-only (including Supernumerary),2453,2453
Indian Institute of Information Technology Guwahati,"Computer Science and Engineering (4 Years, Bachelor of Technology)",AI,EWS,Gender-Neutral,3058,3381
Indian Institute of Information Technology Guwahati,"Computer Science and Engineering (4 Years, Bachelor of Technology)",AI,EWS,Female-only (including Supernumerary),5082,5385
Indian Institute of Information Technology Guwahati,"Computer Science and Engineering (4 Years, Bachelor of Technology)",AI,OBC-NCL,Gender-Neutral,5512,8305
Indian Institute of Information Technology Guwahati,"Computer Science and Engineering (4 Years, Bachelor of Technology)",AI,OBC-NCL,Female-only (including Supernumerary),10414,12590
Indian Institute of Information Technology Guwahati,"Computer Science and Engineering (4 Years, Bachelor of Technology)",AI,OBC-NCL (PwD),Gender-Neutral,426,1398
Indian Institute of Information Technology Guwahati,"Computer Science and Engineering (4 Years, Bachelor of Technology)",AI,SC,Gender-Neutral,3874,5027
Indian Institute of Information Technology Guwahati,"Computer Science and Engineering (4 Years, Bachelor of Technology)",AI,SC,Female-only (including Supernumerary),4417,6963
Indian Institute of Information Technology Guwahati,"Computer Science and Engineering (4 Years, Bachelor of Technology)",AI,SC (PwD),Gender-Neutral,141,141
Indian Institute of Information Technology Guwahati,"Computer Science and Engineering (4 Years, Bachelor of Technology)",AI,ST,Gender-Neutral,1335,2701
Indian Institute of Information Technology Guwahati,"Computer Science and Engineering (4 Years, Bachelor of Technology)",AI,ST,Female-only (including Supernumerary),3079,3264
Indian Institute of Information Technology Guwahati,"Electronics and Communication Engineering (4 Years, Bachelor of Technology)",AI,OPEN,Gender-Neutral,17226,28111
Indian Institute of Information Technology Guwahati,"Electronics and Communication Engineering (4 Years, Bachelor of Technology)",AI,OPEN,Female-only (including Supernumerary),30201,37104
Indian Institute of Information Technology Guwahati,"Electronics and Communication Engineering (4 Years, Bachelor of Technology)",AI,OPEN (PwD),Gender-Neutral,1332,2723
Indian Institute of Information Technology Guwahati,"Electronics and Communication Engineering (4 Years, Bachelor of Technology)",AI,EWS,Gender-Neutral,4759,5410
Indian Institute of Information Technology Guwahati,"Electronics and Communication Engineering (4 Years, Bachelor of Technology)",AI,EWS,Female-only (including Supernumerary),6177,6177
Indian Institute of Information Technology Guwahati,"Electronics and Communication Engineering (4 Years, Bachelor of Technology)",AI,OBC-NCL,Gender-Neutral,8786,13246
Indian Institute of Information Technology Guwahati,"Electronics and Communication Engineering (4 Years, Bachelor of Technology)",AI,OBC-NCL,Female-only (including Supernumerary),15794,17451
Indian Institute of Information Technology Guwahati,"Electronics and Communication Engineering (4 Years, Bachelor of Technology)",AI,OBC-NCL (PwD),Gender-Neutral,1399,1399
Indian Institute of Information Technology Guwahati,"Electronics and Communication Engineering (4 Years, Bachelor of Technology)",AI,SC,Gender-Neutral,2945,6919
Indian Institute of Information Technology Guwahati,"Electronics and Communication Engineering (4 Years, Bachelor of Technology)",AI,SC,Female-only (including Supernumerary),5484,8445
Indian Institute of Information Technology Guwahati,"Electronics and Communication Engineering (4 Years, Bachelor of Technology)",AI,ST,Gender-Neutral,2892,3345
Indian Institute of Information Technology Guwahati,"Electronics and Communication Engineering (4 Years, Bachelor of Technology)",AI,ST,Female-only (including Supernumerary),3982,3982
"Indian Institute of Information Technology(IIIT) Kalyani, West Bengal","Computer Science and Engineering (4 Years, Bachelor of Technology)",AI,OPEN,Gender-Neutral,19266,37647
"Indian Institute of Information Technology(IIIT) Kalyani, West Bengal","Computer Science and Engineering (4 Years, Bachelor of Technology)",AI,OPEN,Female-only (including Supernumerary),35632,38130
"Indian Institute of Information Technology(IIIT) Kalyani, West Bengal","Computer Science and Engineering (4 Years, Bachelor of Technology)",AI,OPEN (PwD),Gender-Neutral,293,1271
"Indian Institute of Information Technology(IIIT) Kalyani, West Bengal","Computer Science and Engineering (4 Years, Bachelor of Technology)",AI,EWS,Gender-Neutral,6424,6769
"Indian Institute of Information Technology(IIIT) Kalyani, West Bengal","Computer Science and Engineering (4 Years, Bachelor of Technology)",AI,EWS,Female-only (including Supernumerary),6443,6443
"Indian Institute of Information Technology(IIIT) Kalyani, West Bengal","Computer Science and Engineering (4 Years, Bachelor of Technology)",AI,OBC-NCL,Gender-Neutral,13588,16089
"Indian Institute of Information Technology(IIIT) Kalyani, West Bengal","Computer Science and Engineering (4 Years, Bachelor of Technology)",AI,OBC-NCL,Female-only (including Supernumerary),16122,18025
"Indian Institute of Information Technology(IIIT) Kalyani, West Bengal","Computer Science and Engineering (4 Years, Bachelor of Technology)",AI,OBC-NCL (PwD),Gender-Neutral,736,1432
"Indian Institute of Information Technology(IIIT) Kalyani, West Bengal","Computer Science and Engineering (4 Years, Bachelor of Technology)",AI,SC,Gender-Neutral,3847,8961
"Indian Institute of Information Technology(IIIT) Kalyani, West Bengal","Computer Science and Engineering (4 Years, Bachelor of Technology)",AI,SC,Female-only (including Supernumerary),6254,8656
"Indian Institute of Information Technology(IIIT) Kalyani, West Bengal","Computer Science and Engineering (4 Years, Bachelor of Technology)",AI,SC (PwD),Gender-Neutral,263,263
"Indian Institute of Information Technology(IIIT) Kalyani, West Bengal","Computer Science and Engineering (4 Years, Bachelor of Technology)",AI,ST,Gender-Neutral,3499,4176
"Indian Institute of Information Technology(IIIT) Kalyani, West Bengal","Computer Science and Engineering (4 Years, Bachelor of Technology)",AI,ST,Female-only (including Supernumerary),4314,4314
"Indian Institute of Information Technology(IIIT) Kalyani, West Bengal","Electronics and Communication Engineering (4 Years, Bachelor of Technology)",AI,OPEN,Gender-Neutral,38012,40447
"Indian Institute of Information Technology(IIIT) Kalyani, West Bengal","Electronics and Communication Engineering (4 Years, Bachelor of Technology)",AI,OPEN,Female-only (including Supernumerary),40679,40847
"Indian Institute of Information Technology(IIIT) Kalyani, West Bengal","Electronics and Communication Engineering (4 Years, Bachelor of Technology)",AI,OPEN (PwD),Gender-Neutral,3291,3291
"Indian Institute of Information Technology(IIIT) Kalyani, West Bengal","Electronics and Communication Engineering (4 Years, Bachelor of Technology)",AI,EWS,Gender-Neutral,6892,7001
"Indian Institute of Information Technology(IIIT) Kalyani, West Bengal","Electronics and Communication Engineering (4 Years, Bachelor of Technology)",AI,EWS,Female-only (including Supernumerary),7628,7628
"Indian Institute of Information Technology(IIIT) Kalyani, West Bengal","Electronics and Communication Engineering (4 Years, Bachelor of Technology)",AI,OBC-NCL,Gender-Neutral,15801,16832
"Indian Institute of Information Technology(IIIT) Kalyani, West Bengal","Electronics and Communication Engineering (4 Years, Bachelor of Technology)",AI,OBC-NCL,Female-only (including Supernumerary),15369,15369
"Indian Institute of Information Technology(IIIT) Kalyani, West Bengal","Electronics and Communication Engineering (4 Years, Bachelor of Technology)",AI,SC,Gender-Neutral,6259,9654
"Indian Institute of Information Technology(IIIT) Kalyani, West Bengal","Electronics and Communication Engineering (4 Years, Bachelor of Technology)",AI,SC,Female-only (including Supernumerary),8992,8992
"Indian Institute of Information Technology(IIIT) Kalyani, West Bengal","Electronics and Communication Engineering (4 Years, Bachelor of Technology)",AI,ST,Gender-Neutral,4204,4823
"Indian Institute of Information Technology(IIIT) Kilohrad, Sonepat, Haryana","Computer Science and Engineering (4 Years, Bachelor of Technology)",AI,OPEN,Gender-Neutral,17341,27277
"Indian Institute of Information Technology(IIIT) Kilohrad, Sonepat, Haryana","Computer Science and Engineering (4 Years, Bachelor of Technology)",AI,OPEN (PwD),Gender-Neutral,629,1748
"Indian Institute of Information Technology(IIIT) Kilohrad, Sonepat, Haryana","Computer Science and Engineering (4 Years, Bachelor of Technology)",AI,EWS,Gender-Neutral,4535,4884
"Indian Institute of Information Technology(IIIT) Kilohrad, Sonepat, Haryana","Computer Science and Engineering (4 Years, Bachelor of Technology)",AI,OBC-NCL,Gender-Neutral,8650,12711
"Indian Institute of Information Technology(IIIT) Kilohrad, Sonepat, Haryana","Computer Science and Engineering (4 Years, Bachelor of Technology)",AI,OBC-NCL (PwD),Gender-Neutral,1074,1382
"Indian Institute of Information Technology(IIIT) Kilohrad, Sonepat, Haryana","Computer Science and Engineering (4 Years, Bachelor of Technology)",AI,SC,Gender-Neutral,4009,7823
"Indian Institute of Information Technology(IIIT) Kilohrad, Sonepat, Haryana","Computer Science and Engineering (4 Years, Bachelor of Technology)",AI,ST,Gender-Neutral,3016,4159
"Indian Institute of Information Technology(IIIT) Kilohrad, Sonepat, Haryana","CSE ( Data Science & Analytics) (4 Years, Bachelor of Technology)",AI,OPEN,Gender-Neutral,25414,30095
"Indian Institute of Information Technology(IIIT) Kilohrad, Sonepat, Haryana","CSE ( Data Science & Analytics) (4 Years, Bachelor of Technology)",AI,OPEN (PwD),Gender-Neutral,2644,2644
"Indian Institute of Information Technology(IIIT) Kilohrad, Sonepat, Haryana","CSE ( Data Science & Analytics) (4 Years, Bachelor of Technology)",AI,EWS,Gender-Neutral,4894,5215
"Indian Institute of Information Technology(IIIT) Kilohrad, Sonepat, Haryana","CSE ( Data Science & Analytics) (4 Years, Bachelor of Technology)",AI,OBC-NCL,Gender-Neutral,8374,14014
"Indian Institute of Information Technology(IIIT) Kilohrad, Sonepat, Haryana","CSE ( Data Science & Analytics) (4 Years, Bachelor of Technology)",AI,OBC-NCL (PwD),Gender-Neutral,1279,1279
"Indian Institute of Information Technology(IIIT) Kilohrad, Sonepat, Haryana","CSE ( Data Science & Analytics) (4 Years, Bachelor of Technology)",AI,SC,Gender-Neutral,7401,8786
"Indian Institute of Information Technology(IIIT) Kilohrad, Sonepat, Haryana","CSE ( Data Science & Analytics) (4 Years, Bachelor of Technology)",AI,ST,Gender-Neutral,2725,4317
"Indian Institute of Information Technology(IIIT) Kilohrad, Sonepat, Haryana","Information Technology (4 Years, Bachelor of Technology)",AI,OPEN,Gender-Neutral,25583,30466
"Indian Institute of Information Technology(IIIT) Kilohrad, Sonepat, Haryana","Information Technology (4 Years, Bachelor of Technology)",AI,OPEN (PwD),Gender-Neutral,1547,1547
"Indian Institute of Information Technology(IIIT) Kilohrad, Sonepat, Haryana","Information Technology (4 Years, Bachelor of Technology)",AI,EWS,Gender-Neutral,4887,5244
"Indian Institute of Information Technology(IIIT) Kilohrad, Sonepat, Haryana","Information Technology (4 Years, Bachelor of Technology)",AI,OBC-NCL,Gender-Neutral,12839,14024
"Indian Institute of Information Technology(IIIT) Kilohrad, Sonepat, Haryana","Information Technology (4 Years, Bachelor of Technology)",AI,SC,Gender-Neutral,4406,8553
"Indian Institute of Information Technology(IIIT) Kilohrad, Sonepat, Haryana","Information Technology (4 Years, Bachelor of Technology)",AI,ST,Gender-Neutral,3806,4397
"Indian Institute of Information Technology(IIIT) Una, Himachal Pradesh","Computer Science and Engineering (4 Years, Bachelor of Technology)",AI,OPEN,Gender-Neutral,17649,26811
"Indian Institute of Information Technology(IIIT) Una, Himachal Pradesh","Computer Science and Engineering (4 Years, Bachelor of Technology)",AI,OPEN,Female-only (including Supernumerary),26196,28728
"Indian Institute of Information Technology(IIIT) Una, Himachal Pradesh","Computer Science and Engineering (4 Years, Bachelor of Technology)",AI,OPEN (PwD),Gender-Neutral,709,1505
"Indian Institute of Information Technology(IIIT) Una, Himachal Pradesh","Computer Science and Engineering (4 Years, Bachelor of Technology)",AI,EWS,Gender-Neutral,4629,4936
"Indian Institute of Information Technology(IIIT) Una, Himachal Pradesh","Computer Science and Engineering (4 Years, Bachelor of Technology)",AI,EWS,Female-only (including Supernumerary),5436,5436
"Indian Institute of Information Technology(IIIT) Una, Himachal Pradesh","Computer Science and Engineering (4 Years, Bachelor of Technology)",AI,OBC-NCL,Gender-Neutral,8416,11659
"Indian Institute of Information Technology(IIIT) Una, Himachal Pradesh","Computer Science and Engineering (4 Years, Bachelor of Technology)",AI,OBC-NCL (PwD),Gender-Neutral,966,966
"Indian Institute of Information Technology(IIIT) Una, Himachal Pradesh","Computer Science and Engineering (4 Years, Bachelor of Technology)",AI,SC,Gender-Neutral,3954,6844
"Indian Institute of Information Technology(IIIT) Una, Himachal Pradesh","Computer Science and Engineering (4 Years, Bachelor of Technology)",AI,ST,Gender-Neutral,3614,3981
"Indian Institute of Information Technology(IIIT) Una, Himachal Pradesh","Computer Science and Engineering (Cyber Security) (4 Years, Bachelor of Technology)",AI,OPEN,Gender-Neutral,24797,29976
"Indian Institute of Information Technology(IIIT) Una, Himachal Pradesh","Computer Science and Engineering (Cyber Security) (4 Years, Bachelor of Technology)",AI,OPEN (PwD),Gender-Neutral,484,484
"Indian Institute of Information Technology(IIIT) Una, Himachal Pradesh","Computer Science and Engineering (Cyber Security) (4 Years, Bachelor of Technology)",AI,EWS,Gender-Neutral,5311,5363
"Indian Institute of Information Technology(IIIT) Una, Himachal Pradesh","Computer Science and Engineering (Cyber Security) (4 Years, Bachelor of Technology)",AI,OBC-NCL,Gender-Neutral,10451,12933
"Indian Institute of Information Technology(IIIT) Una, Himachal Pradesh","Computer Science and Engineering (Cyber Security) (4 Years, Bachelor of Technology)",AI,SC,Gender-Neutral,6252,8569
"Indian Institute of Information Technology(IIIT) Una, Himachal Pradesh","Computer Science and Engineering (Cyber Security) (4 Years, Bachelor of Technology)",AI,ST,Gender-Neutral,4490,4542
"Indian Institute of Information Technology(IIIT) Una, Himachal Pradesh","Computer Science and Engineering (Data Science) (4 Years, Bachelor of Technology)",AI,OPEN,Gender-Neutral,25541,28979
"Indian Institute of Information Technology(IIIT) Una, Himachal Pradesh","Computer Science and Engineering (Data Science) (4 Years, Bachelor of Technology)",AI,EWS,Gender-Neutral,4945,5056
"Indian Institute of Information Technology(IIIT) Una, Himachal Pradesh","Computer Science and Engineering (Data Science) (4 Years, Bachelor of Technology)",AI,OBC-NCL,Gender-Neutral,11265,12728
"Indian Institute of Information Technology(IIIT) Una, Himachal Pradesh","Computer Science and Engineering (Data Science) (4 Years, Bachelor of Technology)",AI,SC,Gender-Neutral,4921,7826
"Indian Institute of Information Technology(IIIT) Una, Himachal Pradesh","Computer Science and Engineering (Data Science) (4 Years, Bachelor of Technology)",AI,ST,Gender-Neutral,4443,4468
"Indian Institute of Information Technology(IIIT) Una, Himachal Pradesh","Electronics and Communication Engineering (4 Years, Bachelor of Technology)",AI,OPEN,Gender-Neutral,27452,34911
"Indian Institute of Information Technology(IIIT) Una, Himachal Pradesh","Electronics and Communication Engineering (4 Years, Bachelor of Technology)",AI,OPEN,Female-only (including Supernumerary),33746,33746
"Indian Institute of Information Technology(IIIT) Una, Himachal Pradesh","Electronics and Communication Engineering (4 Years, Bachelor of Technology)",AI,OPEN (PwD),Gender-Neutral,3688,3688
"Indian Institute of Information Technology(IIIT) Una, Himachal Pradesh","Electronics and Communication Engineering (4 Years, Bachelor of Technology)",AI,EWS,Gender-Neutral,5670,6161
"Indian Institute of Information Technology(IIIT) Una, Himachal Pradesh","Electronics and Communication Engineering (4 Years, Bachelor of Technology)",AI,OBC-NCL,Gender-Neutral,12339,15599
"Indian Institute of Information Technology(IIIT) Una, Himachal Pradesh","Electronics and Communication Engineering (4 Years, Bachelor of Technology)",AI,OBC-NCL,Female-only (including Supernumerary),17889,17889
"Indian Institute of Information Technology(IIIT) Una, Himachal Pradesh","Electronics and Communication Engineering (4 Years, Bachelor of Technology)",AI,SC,Gender-Neutral,7166,9273
"Indian Institute of Information Technology(IIIT) Una, Himachal Pradesh","Electronics and Communication Engineering (4 Years, Bachelor of Technology)",AI,SC,Female-only (including Supernumerary),8776,8776
"Indian Institute of Information Technology(IIIT) Una, Himachal Pradesh","Electronics and Communication Engineering (4 Years, Bachelor of Technology)",AI,ST,Gender-Neutral,3118,4802
"Indian Institute of Information Technology(IIIT) Una, Himachal Pradesh","Information Technology (4 Years, Bachelor of Technology)",AI,OPEN,Gender-Neutral,27220,30996
"Indian Institute of Information Technology(IIIT) Una, Himachal Pradesh","Information Technology (4 Years, Bachelor of Technology)",AI,OPEN,Female-only (including Supernumerary),30920,30920
"Indian Institute of Information Technology(IIIT) Una, Himachal Pradesh","Information Technology (4 Years, Bachelor of Technology)",AI,OPEN (PwD),Gender-Neutral,1717,1717
"Indian Institute of Information Technology(IIIT) Una, Himachal Pradesh","Information Technology (4 Years, Bachelor of Technology)",AI,EWS,Gender-Neutral,5139,5543
"Indian Institute of Information Technology(IIIT) Una, Himachal Pradesh","Information Technology (4 Years, Bachelor of Technology)",AI,OBC-NCL,Gender-Neutral,12090,13728
"Indian Institute of Information Technology(IIIT) Una, Himachal Pradesh","Information Technology (4 Years, Bachelor of Technology)",AI,OBC-NCL,Female-only (including Supernumerary),17018,17018
"Indian Institute of Information Technology(IIIT) Una, Himachal Pradesh","Information Technology (4 Years, Bachelor of Technology)",AI,SC,Gender-Neutral,5026,8770
"Indian Institute of Information Technology(IIIT) Una, Himachal Pradesh","Information Technology (4 Years, Bachelor of Technology)",AI,ST,Gender-Neutral,3694,4616
"Indian Institute of Information Technology(IIIT) Una, Himachal Pradesh","Information Technology (4 Years, Bachelor of Technology)",AI,ST,Female-only (including Supernumerary),4365,4365
"Indian Institute of Information Technology (IIIT), Sri City, Chittoor","Artificial Intelligence and Data Science (4 Years, Bachelor of Technology)",AI,OPEN,Gender-Neutral,12583,26394
"Indian Institute of Information Technology (IIIT), Sri City, Chittoor","Artificial Intelligence and Data Science (4 Years, Bachelor of Technology)",AI,OPEN,Female-only (including Supernumerary),25064,31190
"Indian Institute of Information Technology (IIIT), Sri City, Chittoor","Artificial Intelligence and Data Science (4 Years, Bachelor of Technology)",AI,OPEN (PwD),Gender-Neutral,710,710
"Indian Institute of Information Technology (IIIT), Sri City, Chittoor","Artificial Intelligence and Data Science (4 Years, Bachelor of Technology)",AI,EWS,Gender-Neutral,4454,4748
"Indian Institute of Information Technology (IIIT), Sri City, Chittoor","Artificial Intelligence and Data Science (4 Years, Bachelor of Technology)",AI,OBC-NCL,Gender-Neutral,7357,11898
"Indian Institute of Information Technology (IIIT), Sri City, Chittoor","Artificial Intelligence and Data Science (4 Years, Bachelor of Technology)",AI,OBC-NCL,Female-only (including Supernumerary),12461,12461
"Indian Institute of Information Technology (IIIT), Sri City, Chittoor","Artificial Intelligence and Data Science (4 Years, Bachelor of Technology)",AI,SC,Gender-Neutral,5423,7771
"Indian Institute of Information Technology (IIIT), Sri City, Chittoor","Artificial Intelligence and Data Science (4 Years, Bachelor of Technology)",AI,ST,Gender-Neutral,2718,3553
"Indian Institute of Information Technology (IIIT), Sri City, Chittoor","Computer Science and Engineering (4 Years, Bachelor of Technology)",AI,OPEN,Gender-Neutral,13574,25240
"Indian Institute of Information Technology (IIIT), Sri City, Chittoor","Computer Science and Engineering (4 Years, Bachelor of Technology)",AI,OPEN,Female-only (including Supernumerary),11742,27735
"Indian Institute of Information Technology (IIIT), Sri City, Chittoor","Computer Science and Engineering (4 Years, Bachelor of Technology)",AI,OPEN (PwD),Gender-Neutral,1162,1335
"Indian Institute of Information Technology (IIIT), Sri City, Chittoor","Computer Science and Engineering (4 Years, Bachelor of Technology)",AI,EWS,Gender-Neutral,4138,4709
"Indian Institute of Information Technology (IIIT), Sri City, Chittoor","Computer Science and Engineering (4 Years, Bachelor of Technology)",AI,EWS,Female-only (including Supernumerary),4758,4840
"Indian Institute of Information Technology (IIIT), Sri City, Chittoor","Computer Science and Engineering (4 Years, Bachelor of Technology)",AI,EWS (PwD),Gender-Neutral,295,295
"Indian Institute of Information Technology (IIIT), Sri City, Chittoor","Computer Science and Engineering (4 Years, Bachelor of Technology)",AI,OBC-NCL,Gender-Neutral,6923,10911
"Indian Institute of Information Technology (IIIT), Sri City, Chittoor","Computer Science and Engineering (4 Years, Bachelor of Technology)",AI,OBC-NCL,Female-only (including Supernumerary),7971,12077
"Indian Institute of Information Technology (IIIT), Sri City, Chittoor","Computer Science and Engineering (4 Years, Bachelor of Technology)",AI,OBC-NCL (PwD),Gender-Neutral,555,882
"Indian Institute of Information Technology (IIIT), Sri City, Chittoor","Computer Science and Engineering (4 Years, Bachelor of Technology)",AI,SC,Gender-Neutral,4696,8007
"Indian Institute of Information Technology (IIIT), Sri City, Chittoor","Computer Science and Engineering (4 Years, Bachelor of Technology)",AI,SC,Female-only (including Supernumerary),7118,7928
"Indian Institute of Information Technology (IIIT), Sri City, Chittoor","Computer Science and Engineering (4 Years, Bachelor of Technology)",AI,SC (PwD),Gender-Neutral,184,184
"Indian Institute of Information Technology (IIIT), Sri City, Chittoor","Computer Science and Engineering (4 Years, Bachelor of Technology)",AI,ST,Gender-Neutral,2438,3926
"Indian Institute of Information Technology (IIIT), Sri City, Chittoor","Computer Science and Engineering (4 Years, Bachelor of Technology)",AI,ST,Female-only (including Supernumerary),2895,2895
"Indian Institute of Information Technology (IIIT), Sri City, Chittoor","Electronics and Communication Engineering (4 Years, Bachelor of Technology)",AI,OPEN,Gender-Neutral,27194,34733
"Indian Institute of Information Technology (IIIT), Sri City, Chittoor","Electronics and Communication Engineering (4 Years, Bachelor of Technology)",AI,OPEN,Female-only (including Supernumerary),30676,34487
"Indian Institute of Information Technology (IIIT), Sri City, Chittoor","Electronics and Communication Engineering (4 Years, Bachelor of Technology)",AI,OPEN (PwD),Gender-Neutral,1774,1774
"Indian Institute of Information Technology (IIIT), Sri City, Chittoor","Electronics and Communication Engineering (4 Years, Bachelor of Technology)",AI,EWS,Gender-Neutral,5590,6155
"Indian Institute of Information Technology (IIIT), Sri City, Chittoor","Electronics and Communication Engineering (4 Years, Bachelor of Technology)",AI,OBC-NCL,Gender-Neutral,9706,13610
"Indian Institute of Information Technology (IIIT), Sri City, Chittoor","Electronics and Communication Engineering (4 Years, Bachelor of Technology)",AI,OBC-NCL,Female-only (including Supernumerary),12833,13601
"Indian Institute of Information Technology (IIIT), Sri City, Chittoor","Electronics and Communication Engineering (4 Years, Bachelor of Technology)",AI,OBC-NCL (PwD),Gender-Neutral,1220,1220
"Indian Institute of Information Technology (IIIT), Sri City, Chittoor","Electronics and Communication Engineering (4 Years, Bachelor of Technology)",AI,SC,Gender-Neutral,6520,9628
"Indian Institute of Information Technology (IIIT), Sri City, Chittoor","Electronics and Communication Engineering (4 Years, Bachelor of Technology)",AI,SC,Female-only (including Supernumerary),8086,8086
"Indian Institute of Information Technology (IIIT), Sri City, Chittoor","Electronics and Communication Engineering (4 Years, Bachelor of Technology)",AI,ST,Gender-Neutral,3861,4141
"Indian Institute of Information Technology(IIIT), Vadodara, Gujrat","Computer Science and Engineering (4 Years, Bachelor of Technology)",AI,OPEN,Gender-Neutral,10274,20679
"Indian Institute of Information Technology(IIIT), Vadodara, Gujrat","Computer Science and Engineering (4 Years, Bachelor of Technology)",AI,OPEN,Female-only (including Supernumerary),23161,28885
"Indian Institute of Information Technology(IIIT), Vadodara, Gujrat","Computer Science and Engineering (4 Years, Bachelor of Technology)",AI,OPEN (PwD),Gender-Neutral,1383,1946
"Indian Institute of Information Technology(IIIT), Vadodara, Gujrat","Computer Science and Engineering (4 Years, Bachelor of Technology)",AI,OPEN (PwD),Female-only (including Supernumerary),681,681
"Indian Institute of Information Technology(IIIT), Vadodara, Gujrat","Computer Science and Engineering (4 Years, Bachelor of Technology)",AI,EWS,Gender-Neutral,3220,3721
"Indian Institute of Information Technology(IIIT), Vadodara, Gujrat","Computer Science and Engineering (4 Years, Bachelor of Technology)",AI,EWS,Female-only (including Supernumerary),5021,6025
"Indian Institute of Information Technology(IIIT), Vadodara, Gujrat","Computer Science and Engineering (4 Years, Bachelor of Technology)",AI,EWS (PwD),Gender-Neutral,390,390
"Indian Institute of Information Technology(IIIT), Vadodara, Gujrat","Computer Science and Engineering (4 Years, Bachelor of Technology)",AI,OBC-NCL,Gender-Neutral,6971,9562
"Indian Institute of Information Technology(IIIT), Vadodara, Gujrat","Computer Science and Engineering (4 Years, Bachelor of Technology)",AI,OBC-NCL,Female-only (including Supernumerary),8473,15124
"Indian Institute of Information Technology(IIIT), Vadodara, Gujrat","Computer Science and Engineering (4 Years, Bachelor of Technology)",AI,OBC-NCL (PwD),Gender-Neutral,1113,1205
"Indian Institute of Information Technology(IIIT), Vadodara, Gujrat","Computer Science and Engineering (4 Years, Bachelor of Technology)",AI,SC,Gender-Neutral,2782,7036
"Indian Institute of Information Technology(IIIT), Vadodara, Gujrat","Computer Science and Engineering (4 Years, Bachelor of Technology)",AI,SC,Female-only (including Supernumerary),5936,7556
"Indian Institute of Information Technology(IIIT), Vadodara, Gujrat","Computer Science and Engineering (4 Years, Bachelor of Technology)",AI,ST,Gender-Neutral,1345,3451
"Indian Institute of Information Technology(IIIT), Vadodara, Gujrat","Computer Science and Engineering (4 Years, Bachelor of Technology)",AI,ST,Female-only (including Supernumerary),2494,2926
"Indian Institute of Information Technology(IIIT), Vadodara, Gujrat","Information Technology (4 Years, Bachelor of Technology)",AI,OPEN,Gender-Neutral,20757,22366
"Indian Institute of Information Technology(IIIT), Vadodara, Gujrat","Information Technology (4 Years, Bachelor of Technology)",AI,OPEN,Female-only (including Supernumerary),30231,31434
"Indian Institute of Information Technology(IIIT), Vadodara, Gujrat","Information Technology (4 Years, Bachelor of Technology)",AI,OPEN (PwD),Gender-Neutral,2100,2100
"Indian Institute of Information Technology(IIIT), Vadodara, Gujrat","Information Technology (4 Years, Bachelor of Technology)",AI,EWS,Gender-Neutral,3801,3879
"Indian Institute of Information Technology(IIIT), Vadodara, Gujrat","Information Technology (4 Years, Bachelor of Technology)",AI,EWS,Female-only (including Supernumerary),6420,6420
"Indian Institute of Information Technology(IIIT), Vadodara, Gujrat","Information Technology (4 Years, Bachelor of Technology)",AI,OBC-NCL,Gender-Neutral,8800,10845
"Indian Institute of Information Technology(IIIT), Vadodara, Gujrat","Information Technology (4 Years, Bachelor of Technology)",AI,OBC-NCL,Female-only (including Supernumerary),15603,15791
"Indian Institute of Information Technology(IIIT), Vadodara, Gujrat","Information Technology (4 Years, Bachelor of Technology)",AI,OBC-NCL (PwD),Gender-Neutral,1715,1715
"Indian Institute of Information Technology(IIIT), Vadodara, Gujrat","Information Technology (4 Years, Bachelor of Technology)",AI,SC,Gender-Neutral,7532,8030
"Indian Institute of Information Technology(IIIT), Vadodara, Gujrat","Information Technology (4 Years, Bachelor of Technology)",AI,SC,Female-only (including Supernumerary),6596,6596
"Indian Institute of Information Technology(IIIT), Vadodara, Gujrat","Information Technology (4 Years, Bachelor of Technology)",AI,ST,Gender-Neutral,2882,3507
"Indian Institute of Information Technology, Allahabad","Electronics and Communication Engineering (4 Years, Bachelor of Technology)",AI,OPEN,Gender-Neutral,5249,7478
"Indian Institute of Information Technology, Allahabad","Electronics and Communication Engineering (4 Years, Bachelor of Technology)",AI,OPEN,Female-only (including Supernumerary),10761,14168
"Indian Institute of Information Technology, Allahabad","Electronics and Communication Engineering (4 Years, Bachelor of Technology)",AI,OPEN (PwD),Gender-Neutral,337,344
"Indian Institute of Information Technology, Allahabad","Electronics and Communication Engineering (4 Years, Bachelor of Technology)",AI,OPEN (PwD),Female-only (including Supernumerary),487,487
"Indian Institute of Information Technology, Allahabad","Electronics and Communication Engineering (4 Years, Bachelor of Technology)",AI,EWS,Gender-Neutral,1053,1279
"Indian Institute of Information Technology, Allahabad","Electronics and Communication Engineering (4 Years, Bachelor of Technology)",AI,EWS,Female-only (including Supernumerary),2165,2348
"Indian Institute of Information Technology, Allahabad","Electronics and Communication Engineering (4 Years, Bachelor of Technology)",AI,EWS (PwD),Gender-Neutral,92,92
"Indian Institute of Information Technology, Allahabad","Electronics and Communication Engineering (4 Years, Bachelor of Technology)",AI,OBC-NCL,Gender-Neutral,2428,3556
"Indian Institute of Information Technology, Allahabad","Electronics and Communication Engineering (4 Years, Bachelor of Technology)",AI,OBC-NCL,Female-only (including Supernumerary),6185,7281
"Indian Institute of Information Technology, Allahabad","Electronics and Communication Engineering (4 Years, Bachelor of Technology)",AI,OBC-NCL (PwD),Gender-Neutral,193,193
"Indian Institute of Information Technology, Allahabad","Electronics and Communication Engineering (4 Years, Bachelor of Technology)",AI,SC,Gender-Neutral,1144,2399
"Indian Institute of Information Technology, Allahabad","Electronics and Communication Engineering (4 Years, Bachelor of Technology)",AI,SC,Female-only (including Supernumerary),2564,4416
"Indian Institute of Information Technology, Allahabad","Electronics and Communication Engineering (4 Years, Bachelor of Technology)",AI,SC (PwD),Gender-Neutral,88,88
"Indian Institute of Information Technology, Allahabad","Electronics and Communication Engineering (4 Years, Bachelor of Technology)",AI,ST,Gender-Neutral,910,1310
"Indian Institute of Information Technology, Allahabad","Electronics and Communication Engineering (4 Years, Bachelor of Technology)",AI,ST,Female-only (including Supernumerary),2680,2784
"Indian Institute of Information Technology, Allahabad","Information Technology (4 Years, Bachelor of Technology)",AI,OPEN,Gender-Neutral,950,4854
"Indian Institute of Information Technology, Allahabad","Information Technology (4 Years, Bachelor of Technology)",AI,OPEN,Female-only (including Supernumerary),4142,8857
"Indian Institute of Information Technology, Allahabad","Information Technology (4 Years, Bachelor of Technology)",AI,OPEN (PwD),Gender-Neutral,229,284
"Indian Institute of Information Technology, Allahabad","Information Technology (4 Years, Bachelor of Technology)",AI,OPEN (PwD),Female-only (including Supernumerary),1011,1011
"Indian Institute of Information Technology, Allahabad","Information Technology (4 Years, Bachelor of Technology)",AI,EWS,Gender-Neutral,692,854
"Indian Institute of Information Technology, Allahabad","Information Technology (4 Years, Bachelor of Technology)",AI,EWS,Female-only (including Supernumerary),1389,1801
"Indian Institute of Information Technology, Allahabad","Information Technology (4 Years, Bachelor of Technology)",AI,EWS (PwD),Gender-Neutral,52,52
"Indian Institute of Information Technology, Allahabad","Information Technology (4 Years, Bachelor of Technology)",AI,OBC-NCL,Gender-Neutral,1119,2449
"Indian Institute of Information Technology, Allahabad","Information Technology (4 Years, Bachelor of Technology)",AI,OBC-NCL,Female-only (including Supernumerary),2473,4864
"Indian Institute of Information Technology, Allahabad","Information Technology (4 Years, Bachelor of Technology)",AI,OBC-NCL (PwD),Gender-Neutral,174,261
"Indian Institute of Information Technology, Allahabad","Information Technology (4 Years, Bachelor of Technology)",AI,OBC-NCL (PwD),Female-only (including Supernumerary),502,502
"Indian Institute of Information Technology, Allahabad","Information Technology (4 Years, Bachelor of Technology)",AI,SC,Gender-Neutral,609,1529
"Indian Institute of Information Technology, Allahabad","Information Technology (4 Years, Bachelor of Technology)",AI,SC,Female-only (including Supernumerary),1036,3003
"Indian Institute of Information Technology, Allahabad","Information Technology (4 Years, Bachelor of Technology)",AI,SC (PwD),Gender-Neutral,27,44
"Indian Institute of Information Technology, Allahabad","Information Technology (4 Years, Bachelor of Technology)",AI,ST,Gender-Neutral,441,871
"Indian Institute of Information Technology, Allahabad","Information Technology (4 Years, Bachelor of Technology)",AI,ST,Female-only (including Supernumerary),962,1879
"Indian Institute of Information Technology, Allahabad","Information Technology-Business Informatics (4 Years, Bachelor of Technology)",AI,OPEN,Gender-Neutral,4252,5202
"Indian Institute of Information Technology, Allahabad","Information Technology-Business Informatics (4 Years, Bachelor of Technology)",AI,OPEN,Female-only (including Supernumerary),9159,9528
"Indian Institute of Information Technology, Allahabad","Information Technology-Business Informatics (4 Years, Bachelor of Technology)",AI,OPEN (PwD),Gender-Neutral,280,280
"Indian Institute of Information Technology, Allahabad","Information Technology-Business Informatics (4 Years, Bachelor of Technology)",AI,EWS,Gender-Neutral,887,963
"Indian Institute of Information Technology, Allahabad","Information Technology-Business Informatics (4 Years, Bachelor of Technology)",AI,EWS,Female-only (including Supernumerary),2009,2009
"Indian Institute of Information Technology, Allahabad","Information Technology-Business Informatics (4 Years, Bachelor of Technology)",AI,OBC-NCL,Gender-Neutral,1950,2513
"Indian Institute of Information Technology, Allahabad","Information Technology-Business Informatics (4 Years, Bachelor of Technology)",AI,OBC-NCL,Female-only (including Supernumerary),5104,5184
"Indian Institute of Information Technology, Allahabad","Information Technology-Business Informatics (4 Years, Bachelor of Technology)",AI,OBC-NCL (PwD),Gender-Neutral,278,278
"Indian Institute of Information Technology, Allahabad","Information Technology-Business Informatics (4 Years, Bachelor of Technology)",AI,SC,Gender-Neutral,1023,1695
"Indian Institute of Information Technology, Allahabad","Information Technology-Business Informatics (4 Years, Bachelor of Technology)",AI,SC,Female-only (including Supernumerary),836,836
"Indian Institute of Information Technology, Allahabad","Information Technology-Business Informatics (4 Years, Bachelor of Technology)",AI,ST,Gender-Neutral,888,916
"Indian Institute of Information Technology, Allahabad","Information Technology-Business Informatics (4 Years, Bachelor of Technology)",AI,ST,Female-only (including Supernumerary),1893,1893
"Indian Institute of Information Technology, Design & Manufacturing, Kancheepuram","B.Tech in Mechanical Engineering and M.Tech in AI and Robotics (5 Years, B.Tech. + M.Tech./MS (Dual Degree))",AI,OPEN,Gender-Neutral,24530,36776
"Indian Institute of Information Technology, Design & Manufacturing, Kancheepuram","B.Tech in Mechanical Engineering and M.Tech in AI and Robotics (5 Years, B.Tech. + M.Tech./MS (Dual Degree))",AI,EWS,Gender-Neutral,6555,7184
"Indian Institute of Information Technology, Design & Manufacturing, Kancheepuram","B.Tech in Mechanical Engineering and M.Tech in AI and Robotics (5 Years, B.Tech. + M.Tech./MS (Dual Degree))",AI,OBC-NCL,Gender-Neutral,11596,15433
"Indian Institute of Information Technology, Design & Manufacturing, Kancheepuram","B.Tech in Mechanical Engineering and M.Tech in AI and Robotics (5 Years, B.Tech. + M.Tech./MS (Dual Degree))",AI,OBC-NCL (PwD),Gender-Neutral,1244,1244
"Indian Institute of Information Technology, Design & Manufacturing, Kancheepuram","B.Tech in Mechanical Engineering and M.Tech in AI and Robotics (5 Years, B.Tech. + M.Tech./MS (Dual Degree))",AI,SC,Gender-Neutral,6697,7866
"Indian Institute of Information Technology, Design & Manufacturing, Kancheepuram","B.Tech in Mechanical Engineering and M.Tech in AI and Robotics (5 Years, B.Tech. + M.Tech./MS (Dual Degree))",AI,ST,Gender-Neutral,2514,2782
"Indian Institute of Information Technology, Design & Manufacturing, Kancheepuram","B.Tech. in Electronics and Communication Engineering and M.Tech. in Communication Systems (5 Years, Bachelor and Master of Technology (Dual Degree))",AI,OPEN,Gender-Neutral,25389,31004
"Indian Institute of Information Technology, Design & Manufacturing, Kancheepuram","B.Tech. in Electronics and Communication Engineering and M.Tech. in Communication Systems (5 Years, Bachelor and Master of Technology (Dual Degree))",AI,OPEN,Female-only (including Supernumerary),33257,33349
"Indian Institute of Information Technology, Design & Manufacturing, Kancheepuram","B.Tech. in Electronics and Communication Engineering and M.Tech. in Communication Systems (5 Years, Bachelor and Master of Technology (Dual Degree))",AI,OPEN (PwD),Gender-Neutral,2109,2109
"Indian Institute of Information Technology, Design & Manufacturing, Kancheepuram","B.Tech. in Electronics and Communication Engineering and M.Tech. in Communication Systems (5 Years, Bachelor and Master of Technology (Dual Degree))",AI,EWS,Gender-Neutral,5050,5569
"Indian Institute of Information Technology, Design & Manufacturing, Kancheepuram","B.Tech. in Electronics and Communication Engineering and M.Tech. in Communication Systems (5 Years, Bachelor and Master of Technology (Dual Degree))",AI,OBC-NCL,Gender-Neutral,10937,11387
"Indian Institute of Information Technology, Design & Manufacturing, Kancheepuram","B.Tech. in Electronics and Communication Engineering and M.Tech. in Communication Systems (5 Years, Bachelor and Master of Technology (Dual Degree))",AI,OBC-NCL,Female-only (including Supernumerary),14391,14391
"Indian Institute of Information Technology, Design & Manufacturing, Kancheepuram","B.Tech. in Electronics and Communication Engineering and M.Tech. in Communication Systems (5 Years, Bachelor and Master of Technology (Dual Degree))",AI,SC,Gender-Neutral,5458,6619
"Indian Institute of Information Technology, Design & Manufacturing, Kancheepuram","B.Tech. in Electronics and Communication Engineering and M.Tech. in Communication Systems (5 Years, Bachelor and Master of Technology (Dual Degree))",AI,SC,Female-only (including Supernumerary),8319,8319
"Indian Institute of Information Technology, Design & Manufacturing, Kancheepuram","B.Tech. in Electronics and Communication Engineering and M.Tech. in Communication Systems (5 Years, Bachelor and Master of Technology (Dual Degree))",AI,ST,Gender-Neutral,2960,2960
"Indian Institute of Information Technology, Design & Manufacturing, Kancheepuram","B.Tech. in Electronics and Communication Engineering and M.Tech. in VLSI Design (5 Years, Bachelor and Master of Technology (Dual Degree))",AI,OPEN,Gender-Neutral,20405,25720
"Indian Institute of Information Technology, Design & Manufacturing, Kancheepuram","B.Tech. in Electronics and Communication Engineering and M.Tech. in VLSI Design (5 Years, Bachelor and Master of Technology (Dual Degree))",AI,OPEN,Female-only (including Supernumerary),27612,30407
"Indian Institute of Information Technology, Design & Manufacturing, Kancheepuram","B.Tech. in Electronics and Communication Engineering and M.Tech. in VLSI Design (5 Years, Bachelor and Master of Technology (Dual Degree))",AI,OPEN (PwD),Gender-Neutral,2146,2146
"Indian Institute of Information Technology, Design & Manufacturing, Kancheepuram","B.Tech. in Electronics and Communication Engineering and M.Tech. in VLSI Design (5 Years, Bachelor and Master of Technology (Dual Degree))",AI,EWS,Gender-Neutral,4781,5284
"Indian Institute of Information Technology, Design & Manufacturing, Kancheepuram","B.Tech. in Electronics and Communication Engineering and M.Tech. in VLSI Design (5 Years, Bachelor and Master of Technology (Dual Degree))",AI,EWS,Female-only (including Supernumerary),6754,6754
"Indian Institute of Information Technology, Design & Manufacturing, Kancheepuram","B.Tech. in Electronics and Communication Engineering and M.Tech. in VLSI Design (5 Years, Bachelor and Master of Technology (Dual Degree))",AI,OBC-NCL,Gender-Neutral,9175,11284
"Indian Institute of Information Technology, Design & Manufacturing, Kancheepuram","B.Tech. in Electronics and Communication Engineering and M.Tech. in VLSI Design (5 Years, Bachelor and Master of Technology (Dual Degree))",AI,OBC-NCL,Female-only (including Supernumerary),10683,10683
"Indian Institute of Information Technology, Design & Manufacturing, Kancheepuram","B.Tech. in Electronics and Communication Engineering and M.Tech. in VLSI Design (5 Years, Bachelor and Master of Technology (Dual Degree))",AI,SC,Gender-Neutral,5224,6008
"Indian Institute of Information Technology, Design & Manufacturing, Kancheepuram","B.Tech. in Electronics and Communication Engineering and M.Tech. in VLSI Design (5 Years, Bachelor and Master of Technology (Dual Degree))",AI,ST,Gender-Neutral,2651,2651
"Indian Institute of Information Technology, Design & Manufacturing, Kancheepuram","B.Tech. in Electronics and Communication Engineering and M.Tech. in VLSI Design (5 Years, Bachelor and Master of Technology (Dual Degree))",AI,ST,Female-only (including Supernumerary),3518,3518
"Indian Institute of Information Technology, Design & Manufacturing, Kancheepuram","Computer Science and Engineering (4 Years, Bachelor of Technology)",AI,OPEN,Gender-Neutral,7422,16684
"Indian Institute of Information Technology, Design & Manufacturing, Kancheepuram","Computer Science and Engineering (4 Years, Bachelor of Technology)",AI,OPEN,Female-only (including Supernumerary),11864,19604
"Indian Institute of Information Technology, Design & Manufacturing, Kancheepuram","Computer Science and Engineering (4 Years, Bachelor of Technology)",AI,OPEN (PwD),Gender-Neutral,655,655
"Indian Institute of Information Technology, Design & Manufacturing, Kancheepuram","Computer Science and Engineering (4 Years, Bachelor of Technology)",AI,OPEN (PwD),Female-only (including Supernumerary),571,571
"Indian Institute of Information Technology, Design & Manufacturing, Kancheepuram","Computer Science and Engineering (4 Years, Bachelor of Technology)",AI,EWS,Gender-Neutral,2747,2943
"Indian Institute of Information Technology, Design & Manufacturing, Kancheepuram","Computer Science and Engineering (4 Years, Bachelor of Technology)",AI,EWS,Female-only (including Supernumerary),3113,3215
"Indian Institute of Information Technology, Design & Manufacturing, Kancheepuram","Computer Science and Engineering (4 Years, Bachelor of Technology)",AI,EWS (PwD),Gender-Neutral,173,173
"Indian Institute of Information Technology, Design & Manufacturing, Kancheepuram","Computer Science and Engineering (4 Years, Bachelor of Technology)",AI,OBC-NCL,Gender-Neutral,4300,6856
"Indian Institute of Information Technology, Design & Manufacturing, Kancheepuram","Computer Science and Engineering (4 Years, Bachelor of Technology)",AI,OBC-NCL,Female-only (including Supernumerary),5188,9258
"Indian Institute of Information Technology, Design & Manufacturing, Kancheepuram","Computer Science and Engineering (4 Years, Bachelor of Technology)",AI,OBC-NCL (PwD),Gender-Neutral,265,265
"Indian Institute of Information Technology, Design & Manufacturing, Kancheepuram","Computer Science and Engineering (4 Years, Bachelor of Technology)",AI,SC,Gender-Neutral,2162,4366
"Indian Institute of Information Technology, Design & Manufacturing, Kancheepuram","Computer Science and Engineering (4 Years, Bachelor of Technology)",AI,SC,Female-only (including Supernumerary),3179,5547
"Indian Institute of Information Technology, Design & Manufacturing, Kancheepuram","Computer Science and Engineering (4 Years, Bachelor of Technology)",AI,ST,Gender-Neutral,1476,2146
"Indian Institute of Information Technology, Design & Manufacturing, Kancheepuram","Computer Science and Engineering (4 Years, Bachelor of Technology)",AI,ST,Female-only (including Supernumerary),1976,1976
"Indian Institute of Information Technology, Design & Manufacturing, Kancheepuram","Computer Science and Engineering (5 Years, Bachelor and Master of Technology (Dual Degree))",AI,OPEN,Gender-Neutral,6616,21440
"Indian Institute of Information Technology, Design & Manufacturing, Kancheepuram","Computer Science and Engineering (5 Years, Bachelor and Master of Technology (Dual Degree))",AI,OPEN,Female-only (including Supernumerary),21711,26500
"Indian Institute of Information Technology, Design & Manufacturing, Kancheepuram","Computer Science and Engineering (5 Years, Bachelor and Master of Technology (Dual Degree))",AI,OPEN (PwD),Gender-Neutral,866,866
"Indian Institute of Information Technology, Design & Manufacturing, Kancheepuram","Computer Science and Engineering (5 Years, Bachelor and Master of Technology (Dual Degree))",AI,EWS,Gender-Neutral,3340,3873
"Indian Institute of Information Technology, Design & Manufacturing, Kancheepuram","Computer Science and Engineering (5 Years, Bachelor and Master of Technology (Dual Degree))",AI,EWS,Female-only (including Supernumerary),5384,5384
"Indian Institute of Information Technology, Design & Manufacturing, Kancheepuram","Computer Science and Engineering (5 Years, Bachelor and Master of Technology (Dual Degree))",AI,OBC-NCL,Gender-Neutral,6828,8479
"Indian Institute of Information Technology, Design & Manufacturing, Kancheepuram","Computer Science and Engineering (5 Years, Bachelor and Master of Technology (Dual Degree))",AI,OBC-NCL,Female-only (including Supernumerary),12015,13194
"Indian Institute of Information Technology, Design & Manufacturing, Kancheepuram","Computer Science and Engineering (5 Years, Bachelor and Master of Technology (Dual Degree))",AI,OBC-NCL (PwD),Gender-Neutral,594,594
"Indian Institute of Information Technology, Design & Manufacturing, Kancheepuram","Computer Science and Engineering (5 Years, Bachelor and Master of Technology (Dual Degree))",AI,SC,Gender-Neutral,3794,5281
"Indian Institute of Information Technology, Design & Manufacturing, Kancheepuram","Computer Science and Engineering (5 Years, Bachelor and Master of Technology (Dual Degree))",AI,SC,Female-only (including Supernumerary),5681,6597
"Indian Institute of Information Technology, Design & Manufacturing, Kancheepuram","Computer Science and Engineering (5 Years, Bachelor and Master of Technology (Dual Degree))",AI,SC (PwD),Gender-Neutral,302,302
"Indian Institute of Information Technology, Design & Manufacturing, Kancheepuram","Computer Science and Engineering (5 Years, Bachelor and Master of Technology (Dual Degree))",AI,ST,Gender-Neutral,2219,2375
"Indian Institute of Information Technology, Design & Manufacturing, Kancheepuram","Computer Science and Engineering (5 Years, Bachelor and Master of Technology (Dual Degree))",AI,ST,Female-only (including Supernumerary),2683,2683
"Indian Institute of Information Technology, Design & Manufacturing, Kancheepuram","Computer Science and Engineering with Major in Artificial Intelligence (4 Years, Bachelor of Technology)",AI,OPEN,Gender-Neutral,11923,17585
"Indian Institute of Information Technology, Design & Manufacturing, Kancheepuram","Computer Science and Engineering with Major in Artificial Intelligence (4 Years, Bachelor of Technology)",AI,OPEN,Female-only (including Supernumerary),16255,21805
"Indian Institute of Information Technology, Design & Manufacturing, Kancheepuram","Computer Science and Engineering with Major in Artificial Intelligence (4 Years, Bachelor of Technology)",AI,OPEN (PwD),Gender-Neutral,436,436
"Indian Institute of Information Technology, Design & Manufacturing, Kancheepuram","Computer Science and Engineering with Major in Artificial Intelligence (4 Years, Bachelor of Technology)",AI,EWS,Gender-Neutral,2760,3093
"Indian Institute of Information Technology, Design & Manufacturing, Kancheepuram","Computer Science and Engineering with Major in Artificial Intelligence (4 Years, Bachelor of Technology)",AI,EWS,Female-only (including Supernumerary),3765,3765
"Indian Institute of Information Technology, Design & Manufacturing, Kancheepuram","Computer Science and Engineering with Major in Artificial Intelligence (4 Years, Bachelor of Technology)",AI,OBC-NCL,Gender-Neutral,6221,7532
"Indian Institute of Information Technology, Design & Manufacturing, Kancheepuram","Computer Science and Engineering with Major in Artificial Intelligence (4 Years, Bachelor of Technology)",AI,OBC-NCL,Female-only (including Supernumerary),10721,11166
"Indian Institute of Information Technology, Design & Manufacturing, Kancheepuram","Computer Science and Engineering with Major in Artificial Intelligence (4 Years, Bachelor of Technology)",AI,OBC-NCL (PwD),Gender-Neutral,385,385
"Indian Institute of Information Technology, Design & Manufacturing, Kancheepuram","Computer Science and Engineering with Major in Artificial Intelligence (4 Years, Bachelor of Technology)",AI,SC,Gender-Neutral,4092,4455
"Indian Institute of Information Technology, Design & Manufacturing, Kancheepuram","Computer Science and Engineering with Major in Artificial Intelligence (4 Years, Bachelor of Technology)",AI,SC,Female-only (including Supernumerary),5862,5862
"Indian Institute of Information Technology, Design & Manufacturing, Kancheepuram","Computer Science and Engineering with Major in Artificial Intelligence (4 Years, Bachelor of Technology)",AI,ST,Gender-Neutral,1662,2148
"Indian Institute of Information Technology, Design & Manufacturing, Kancheepuram","Computer Science and Engineering with Major in Artificial Intelligence (4 Years, Bachelor of Technology)",AI,ST,Female-only (including Supernumerary),2009,2009
"Indian Institute of Information Technology, Design & Manufacturing, Kancheepuram","Electronics and Communication Engineering (4 Years, Bachelor of Technology)",AI,OPEN,Gender-Neutral,18066,25385
"Indian Institute of Information Technology, Design & Manufacturing, Kancheepuram","Electronics and Communication Engineering (4 Years, Bachelor of Technology)",AI,OPEN,Female-only (including Supernumerary),23341,26711
"Indian Institute of Information Technology, Design & Manufacturing, Kancheepuram","Electronics and Communication Engineering (4 Years, Bachelor of Technology)",AI,OPEN (PwD),Gender-Neutral,859,1007
"Indian Institute of Information Technology, Design & Manufacturing, Kancheepuram","Electronics and Communication Engineering (4 Years, Bachelor of Technology)",AI,OPEN (PwD),Female-only (including Supernumerary),654,654
"Indian Institute of Information Technology, Design & Manufacturing, Kancheepuram","Electronics and Communication Engineering (4 Years, Bachelor of Technology)",AI,EWS,Gender-Neutral,4038,4555
"Indian Institute of Information Technology, Design & Manufacturing, Kancheepuram","Electronics and Communication Engineering (4 Years, Bachelor of Technology)",AI,EWS,Female-only (including Supernumerary),4699,4954
"Indian Institute of Information Technology, Design & Manufacturing, Kancheepuram","Electronics and Communication Engineering (4 Years, Bachelor of Technology)",AI,EWS (PwD),Gender-Neutral,186,186
"Indian Institute of Information Technology, Design & Manufacturing, Kancheepuram","Electronics and Communication Engineering (4 Years, Bachelor of Technology)",AI,OBC-NCL,Gender-Neutral,6719,9440
"Indian Institute of Information Technology, Design & Manufacturing, Kancheepuram","Electronics and Communication Engineering (4 Years, Bachelor of Technology)",AI,OBC-NCL,Female-only (including Supernumerary),10230,13591
"Indian Institute of Information Technology, Design & Manufacturing, Kancheepuram","Electronics and Communication Engineering (4 Years, Bachelor of Technology)",AI,OBC-NCL (PwD),Gender-Neutral,615,615
"Indian Institute of Information Technology, Design & Manufacturing, Kancheepuram","Electronics and Communication Engineering (4 Years, Bachelor of Technology)",AI,SC,Gender-Neutral,4952,6140
"Indian Institute of Information Technology, Design & Manufacturing, Kancheepuram","Electronics and Communication Engineering (4 Years, Bachelor of Technology)",AI,SC,Female-only (including Supernumerary),4928,6855
"Indian Institute of Information Technology, Design & Manufacturing, Kancheepuram","Electronics and Communication Engineering (4 Years, Bachelor of Technology)",AI,ST,Gender-Neutral,1836,2533
"Indian Institute of Information Technology, Design & Manufacturing, Kancheepuram","Electronics and Communication Engineering (4 Years, Bachelor of Technology)",AI,ST,Female-only (including Supernumerary),2528,2575
"Indian Institute of Information Technology, Design & Manufacturing, Kancheepuram","Mechanical Engineering (4 Years, Bachelor of Technology)",AI,OPEN,Gender-Neutral,19452,41878
"Indian Institute of Information Technology, Design & Manufacturing, Kancheepuram","Mechanical Engineering (4 Years, Bachelor of Technology)",AI,OPEN,Female-only (including Supernumerary),45347,47534
"Indian Institute of Information Technology, Design & Manufacturing, Kancheepuram","Mechanical Engineering (4 Years, Bachelor of Technology)",AI,OPEN (PwD),Gender-Neutral,2030,2030
"Indian Institute of Information Technology, Design & Manufacturing, Kancheepuram","Mechanical Engineering (4 Years, Bachelor of Technology)",AI,OPEN (PwD),Female-only (including Supernumerary),2249,2249
"Indian Institute of Information Technology, Design & Manufacturing, Kancheepuram","Mechanical Engineering (4 Years, Bachelor of Technology)",AI,EWS,Gender-Neutral,7107,7441
"Indian Institute of Information Technology, Design & Manufacturing, Kancheepuram","Mechanical Engineering (4 Years, Bachelor of Technology)",AI,EWS,Female-only (including Supernumerary),9059,9275
"Indian Institute of Information Technology, Design & Manufacturing, Kancheepuram","Mechanical Engineering (4 Years, Bachelor of Technology)",AI,OBC-NCL,Gender-Neutral,12644,15810
"Indian Institute of Information Technology, Design & Manufacturing, Kancheepuram","Mechanical Engineering (4 Years, Bachelor of Technology)",AI,OBC-NCL,Female-only (including Supernumerary),15779,18463
"Indian Institute of Information Technology, Design & Manufacturing, Kancheepuram","Mechanical Engineering (4 Years, Bachelor of Technology)",AI,OBC-NCL (PwD),Gender-Neutral,1186,1186
"Indian Institute of Information Technology, Design & Manufacturing, Kancheepuram","Mechanical Engineering (4 Years, Bachelor of Technology)",AI,SC,Gender-Neutral,6455,8018
"Indian Institute of Information Technology, Design & Manufacturing, Kancheepuram","Mechanical Engineering (4 Years, Bachelor of Technology)",AI,SC,Female-only (including Supernumerary),6911,9024
"Indian Institute of Information Technology, Design & Manufacturing, Kancheepuram","Mechanical Engineering (4 Years, Bachelor of Technology)",AI,ST,Gender-Neutral,2977,3320
"Indian Institute of Information Technology, Design & Manufacturing, Kancheepuram","Mechanical Engineering (4 Years, Bachelor of Technology)",AI,ST,Female-only (including Supernumerary),3247,3247
"Indian Institute of Information Technology, Design & Manufacturing, Kancheepuram","Smart Manufacturing (4 Years, Bachelor of Technology)",AI,OPEN,Gender-Neutral,31783,44503
"Indian Institute of Information Technology, Design & Manufacturing, Kancheepuram","Smart Manufacturing (4 Years, Bachelor of Technology)",AI,OPEN,Female-only (including Supernumerary),42975,51781
"Indian Institute of Information Technology, Design & Manufacturing, Kancheepuram","Smart Manufacturing (4 Years, Bachelor of Technology)",AI,OPEN (PwD),Gender-Neutral,1828,1828
"Indian Institute of Information Technology, Design & Manufacturing, Kancheepuram","Smart Manufacturing (4 Years, Bachelor of Technology)",AI,EWS,Gender-Neutral,8145,8587
"Indian Institute of Information Technology, Design & Manufacturing, Kancheepuram","Smart Manufacturing (4 Years, Bachelor of Technology)",AI,EWS,Female-only (including Supernumerary),9625,9625
"Indian Institute of Information Technology, Design & Manufacturing, Kancheepuram","Smart Manufacturing (4 Years, Bachelor of Technology)",AI,OBC-NCL,Gender-Neutral,14059,16665
"Indian Institute of Information Technology, Design & Manufacturing, Kancheepuram","Smart Manufacturing (4 Years, Bachelor of Technology)",AI,OBC-NCL,Female-only (including Supernumerary),18808,19308
"Indian Institute of Information Technology, Design & Manufacturing, Kancheepuram","Smart Manufacturing (4 Years, Bachelor of Technology)",AI,OBC-NCL (PwD),Gender-Neutral,1173,1173
"Indian Institute of Information Technology, Design & Manufacturing, Kancheepuram","Smart Manufacturing (4 Years, Bachelor of Technology)",AI,SC,Gender-Neutral,8144,9063
"Indian Institute of Information Technology, Design & Manufacturing, Kancheepuram","Smart Manufacturing (4 Years, Bachelor of Technology)",AI,SC,Female-only (including Supernumerary),9853,9853
"Indian Institute of Information Technology, Design & Manufacturing, Kancheepuram","Smart Manufacturing (4 Years, Bachelor of Technology)",AI,ST,Gender-Neutral,3599,3652
"Indian Institute of Information Technology, Design & Manufacturing, Kancheepuram","Smart Manufacturing (4 Years, Bachelor of Technology)",AI,ST,Female-only (including Supernumerary),4853,4853
"Pt. Dwarka Prasad Mishra Indian Institute of Information Technology, Design & Manufacture Jabalpur","Computer Science and Engineering (4 Years, Bachelor of Technology)",AI,OPEN,Gender-Neutral,8044,14280
"Pt. Dwarka Prasad Mishra Indian Institute of Information Technology, Design & Manufacture Jabalpur","Computer Science and Engineering (4 Years, Bachelor of Technology)",AI,OPEN,Female-only (including Supernumerary),12414,21165
"Pt. Dwarka Prasad Mishra Indian Institute of Information Technology, Design & Manufacture Jabalpur","Computer Science and Engineering (4 Years, Bachelor of Technology)",AI,OPEN (PwD),Gender-Neutral,425,823
"Pt. Dwarka Prasad Mishra Indian Institute of Information Technology, Design & Manufacture Jabalpur","Computer Science and Engineering (4 Years, Bachelor of Technology)",AI,OPEN (PwD),Female-only (including Supernumerary),1402,1402
"Pt. Dwarka Prasad Mishra Indian Institute of Information Technology, Design & Manufacture Jabalpur","Computer Science and Engineering (4 Years, Bachelor of Technology)",AI,EWS,Gender-Neutral,2120,2364
"Pt. Dwarka Prasad Mishra Indian Institute of Information Technology, Design & Manufacture Jabalpur","Computer Science and Engineering (4 Years, Bachelor of Technology)",AI,EWS,Female-only (including Supernumerary),3392,4084
"Pt. Dwarka Prasad Mishra Indian Institute of Information Technology, Design & Manufacture Jabalpur","Computer Science and Engineering (4 Years, Bachelor of Technology)",AI,EWS (PwD),Gender-Neutral,179,179
"Pt. Dwarka Prasad Mishra Indian Institute of Information Technology, Design & Manufacture Jabalpur","Computer Science and Engineering (4 Years, Bachelor of Technology)",AI,OBC-NCL,Gender-Neutral,3558,5741
"Pt. Dwarka Prasad Mishra Indian Institute of Information Technology, Design & Manufacture Jabalpur","Computer Science and Engineering (4 Years, Bachelor of Technology)",AI,OBC-NCL,Female-only (including Supernumerary),7265,9619
"Pt. Dwarka Prasad Mishra Indian Institute of Information Technology, Design & Manufacture Jabalpur","Computer Science and Engineering (4 Years, Bachelor of Technology)",AI,OBC-NCL (PwD),Gender-Neutral,380,497
"Pt. Dwarka Prasad Mishra Indian Institute of Information Technology, Design & Manufacture Jabalpur","Computer Science and Engineering (4 Years, Bachelor of Technology)",AI,OBC-NCL (PwD),Female-only (including Supernumerary),728,728
"Pt. Dwarka Prasad Mishra Indian Institute of Information Technology, Design & Manufacture Jabalpur","Computer Science and Engineering (4 Years, Bachelor of Technology)",AI,SC,Gender-Neutral,863,3871
"Pt. Dwarka Prasad Mishra Indian Institute of Information Technology, Design & Manufacture Jabalpur","Computer Science and Engineering (4 Years, Bachelor of Technology)",AI,SC,Female-only (including Supernumerary),3656,5201
"Pt. Dwarka Prasad Mishra Indian Institute of Information Technology, Design & Manufacture Jabalpur","Computer Science and Engineering (4 Years, Bachelor of Technology)",AI,SC (PwD),Gender-Neutral,107,107
"Pt. Dwarka Prasad Mishra Indian Institute of Information Technology, Design & Manufacture Jabalpur","Computer Science and Engineering (4 Years, Bachelor of Technology)",AI,ST,Gender-Neutral,1222,1935
"Pt. Dwarka Prasad Mishra Indian Institute of Information Technology, Design & Manufacture Jabalpur","Computer Science and Engineering (4 Years, Bachelor of Technology)",AI,ST,Female-only (including Supernumerary),2205,2610
"Pt. Dwarka Prasad Mishra Indian Institute of Information Technology, Design & Manufacture Jabalpur","Electronics and Communication Engineering (4 Years, Bachelor of Technology)",AI,OPEN,Gender-Neutral,12242,17869
"Pt. Dwarka Prasad Mishra Indian Institute of Information Technology, Design & Manufacture Jabalpur","Electronics and Communication Engineering (4 Years, Bachelor of Technology)",AI,OPEN,Female-only (including Supernumerary),18506,25897
"Pt. Dwarka Prasad Mishra Indian Institute of Information Technology, Design & Manufacture Jabalpur","Electronics and Communication Engineering (4 Years, Bachelor of Technology)",AI,OPEN (PwD),Gender-Neutral,974,1190
"Pt. Dwarka Prasad Mishra Indian Institute of Information Technology, Design & Manufacture Jabalpur","Electronics and Communication Engineering (4 Years, Bachelor of Technology)",AI,OPEN (PwD),Female-only (including Supernumerary),1925,1925
"Pt. Dwarka Prasad Mishra Indian Institute of Information Technology, Design & Manufacture Jabalpur","Electronics and Communication Engineering (4 Years, Bachelor of Technology)",AI,EWS,Gender-Neutral,2772,3050
"Pt. Dwarka Prasad Mishra Indian Institute of Information Technology, Design & Manufacture Jabalpur","Electronics and Communication Engineering (4 Years, Bachelor of Technology)",AI,EWS,Female-only (including Supernumerary),4103,4566
"Pt. Dwarka Prasad Mishra Indian Institute of Information Technology, Design & Manufacture Jabalpur","Electronics and Communication Engineering (4 Years, Bachelor of Technology)",AI,EWS (PwD),Gender-Neutral,284,284
"Pt. Dwarka Prasad Mishra Indian Institute of Information Technology, Design & Manufacture Jabalpur","Electronics and Communication Engineering (4 Years, Bachelor of Technology)",AI,OBC-NCL,Gender-Neutral,5767,7433
"Pt. Dwarka Prasad Mishra Indian Institute of Information Technology, Design & Manufacture Jabalpur","Electronics and Communication Engineering (4 Years, Bachelor of Technology)",AI,OBC-NCL,Female-only (including Supernumerary),10550,12756
"Pt. Dwarka Prasad Mishra Indian Institute of Information Technology, Design & Manufacture Jabalpur","Electronics and Communication Engineering (4 Years, Bachelor of Technology)",AI,OBC-NCL (PwD),Gender-Neutral,768,768
"Pt. Dwarka Prasad Mishra Indian Institute of Information Technology, Design & Manufacture Jabalpur","Electronics and Communication Engineering (4 Years, Bachelor of Technology)",AI,SC,Gender-Neutral,3737,4800
"Pt. Dwarka Prasad Mishra Indian Institute of Information Technology, Design & Manufacture Jabalpur","Electronics and Communication Engineering (4 Years, Bachelor of Technology)",AI,SC,Female-only (including Supernumerary),5425,6654
"Pt. Dwarka Prasad Mishra Indian Institute of Information Technology, Design & Manufacture Jabalpur","Electronics and Communication Engineering (4 Years, Bachelor of Technology)",AI,ST,Gender-Neutral,1994,2464
"Pt. Dwarka Prasad Mishra Indian Institute of Information Technology, Design & Manufacture Jabalpur","Electronics and Communication Engineering (4 Years, Bachelor of Technology)",AI,ST,Female-only (including Supernumerary),2894,3103
"Pt. Dwarka Prasad Mishra Indian Institute of Information Technology, Design & Manufacture Jabalpur","Mechanical Engineering (4 Years, Bachelor of Technology)",AI,OPEN,Gender-Neutral,28690,38454
"Pt. Dwarka Prasad Mishra Indian Institute of Information Technology, Design & Manufacture Jabalpur","Mechanical Engineering (4 Years, Bachelor of Technology)",AI,OPEN,Female-only (including Supernumerary),41894,47036
"Pt. Dwarka Prasad Mishra Indian Institute of Information Technology, Design & Manufacture Jabalpur","Mechanical Engineering (4 Years, Bachelor of Technology)",AI,OPEN (PwD),Gender-Neutral,2412,2412
"Pt. Dwarka Prasad Mishra Indian Institute of Information Technology, Design & Manufacture Jabalpur","Mechanical Engineering (4 Years, Bachelor of Technology)",AI,EWS,Gender-Neutral,6259,7070
"Pt. Dwarka Prasad Mishra Indian Institute of Information Technology, Design & Manufacture Jabalpur","Mechanical Engineering (4 Years, Bachelor of Technology)",AI,EWS,Female-only (including Supernumerary),8257,8257
"Pt. Dwarka Prasad Mishra Indian Institute of Information Technology, Design & Manufacture Jabalpur","Mechanical Engineering (4 Years, Bachelor of Technology)",AI,OBC-NCL,Gender-Neutral,11100,15640
"Pt. Dwarka Prasad Mishra Indian Institute of Information Technology, Design & Manufacture Jabalpur","Mechanical Engineering (4 Years, Bachelor of Technology)",AI,OBC-NCL,Female-only (including Supernumerary),18068,20538
"Pt. Dwarka Prasad Mishra Indian Institute of Information Technology, Design & Manufacture Jabalpur","Mechanical Engineering (4 Years, Bachelor of Technology)",AI,SC,Gender-Neutral,5818,7331
"Pt. Dwarka Prasad Mishra Indian Institute of Information Technology, Design & Manufacture Jabalpur","Mechanical Engineering (4 Years, Bachelor of Technology)",AI,SC,Female-only (including Supernumerary),5674,9237
"Pt. Dwarka Prasad Mishra Indian Institute of Information Technology, Design & Manufacture Jabalpur","Mechanical Engineering (4 Years, Bachelor of Technology)",AI,ST,Gender-Neutral,2739,2964
"Pt. Dwarka Prasad Mishra Indian Institute of Information Technology, Design & Manufacture Jabalpur","Mechanical Engineering (4 Years, Bachelor of Technology)",AI,ST,Female-only (including Supernumerary),4155,4155
"Pt. Dwarka Prasad Mishra Indian Institute of Information Technology, Design & Manufacture Jabalpur","Smart Manufacturing (4 Years, Bachelor of Technology)",AI,OPEN,Gender-Neutral,35995,46514
"Pt. Dwarka Prasad Mishra Indian Institute of Information Technology, Design & Manufacture Jabalpur","Smart Manufacturing (4 Years, Bachelor of Technology)",AI,OPEN,Female-only (including Supernumerary),43821,53023
"Pt. Dwarka Prasad Mishra Indian Institute of Information Technology, Design & Manufacture Jabalpur","Smart Manufacturing (4 Years, Bachelor of Technology)",AI,OPEN (PwD),Gender-Neutral,3322,3322
"Pt. Dwarka Prasad Mishra Indian Institute of Information Technology, Design & Manufacture Jabalpur","Smart Manufacturing (4 Years, Bachelor of Technology)",AI,EWS,Gender-Neutral,7775,8152
"Pt. Dwarka Prasad Mishra Indian Institute of Information Technology, Design & Manufacture Jabalpur","Smart Manufacturing (4 Years, Bachelor of Technology)",AI,EWS,Female-only (including Supernumerary),9071,9071
"Pt. Dwarka Prasad Mishra Indian Institute of Information Technology, Design & Manufacture Jabalpur","Smart Manufacturing (4 Years, Bachelor of Technology)",AI,OBC-NCL,Gender-Neutral,16022,17705
"Pt. Dwarka Prasad Mishra Indian Institute of Information Technology, Design & Manufacture Jabalpur","Smart Manufacturing (4 Years, Bachelor of Technology)",AI,OBC-NCL,Female-only (including Supernumerary),19925,22009
"Pt. Dwarka Prasad Mishra Indian Institute of Information Technology, Design & Manufacture Jabalpur","Smart Manufacturing (4 Years, Bachelor of Technology)",AI,SC,Gender-Neutral,7597,9013
"Pt. Dwarka Prasad Mishra Indian Institute of Information Technology, Design & Manufacture Jabalpur","Smart Manufacturing (4 Years, Bachelor of Technology)",AI,SC,Female-only (including Supernumerary),11116,11422
"Pt. Dwarka Prasad Mishra Indian Institute of Information Technology, Design & Manufacture Jabalpur","Smart Manufacturing (4 Years, Bachelor of Technology)",AI,ST,Gender-Neutral,3462,3552
"Pt. Dwarka Prasad Mishra Indian Institute of Information Technology, Design & Manufacture Jabalpur","Smart Manufacturing (4 Years, Bachelor of Technology)",AI,ST,Female-only (including Supernumerary),4862,4862
INDIAN INSTITUTE OF INFORMATION TECHNOLOGY SENAPATI MANIPUR,"Computer Science and Engineering (4 Years, Bachelor of Technology)",AI,OPEN,Gender-Neutral,38263,47949
INDIAN INSTITUTE OF INFORMATION TECHNOLOGY SENAPATI MANIPUR,"Computer Science and Engineering (4 Years, Bachelor of Technology)",AI,OPEN,Female-only (including Supernumerary),44722,48650
INDIAN INSTITUTE OF INFORMATION TECHNOLOGY SENAPATI MANIPUR,"Computer Science and Engineering (4 Years, Bachelor of Technology)",AI,EWS,Gender-Neutral,7915,8361
INDIAN INSTITUTE OF INFORMATION TECHNOLOGY SENAPATI MANIPUR,"Computer Science and Engineering (4 Years, Bachelor of Technology)",AI,EWS,Female-only (including Supernumerary),8433,8600
INDIAN INSTITUTE OF INFORMATION TECHNOLOGY SENAPATI MANIPUR,"Computer Science and Engineering (4 Years, Bachelor of Technology)",AI,OBC-NCL,Gender-Neutral,15370,18020
INDIAN INSTITUTE OF INFORMATION TECHNOLOGY SENAPATI MANIPUR,"Computer Science and Engineering (4 Years, Bachelor of Technology)",AI,OBC-NCL,Female-only (including Supernumerary),20233,21812
INDIAN INSTITUTE OF INFORMATION TECHNOLOGY SENAPATI MANIPUR,"Computer Science and Engineering (4 Years, Bachelor of Technology)",AI,SC,Gender-Neutral,9487,10623
INDIAN INSTITUTE OF INFORMATION TECHNOLOGY SENAPATI MANIPUR,"Computer Science and Engineering (4 Years, Bachelor of Technology)",AI,SC,Female-only (including Supernumerary),10674,11636
INDIAN INSTITUTE OF INFORMATION TECHNOLOGY SENAPATI MANIPUR,"Computer Science and Engineering (4 Years, Bachelor of Technology)",AI,ST,Gender-Neutral,4051,4697
INDIAN INSTITUTE OF INFORMATION TECHNOLOGY SENAPATI MANIPUR,"Computer Science and Engineering (4 Years, Bachelor of Technology)",AI,ST,Female-only (including Supernumerary),5014,5132
INDIAN INSTITUTE OF INFORMATION TECHNOLOGY SENAPATI MANIPUR,"Computer Science and Engineering with specialization in Artificial Intelligence and Data Science (4 Years, Bachelor of Technology)",AI,OPEN,Gender-Neutral,37547,44519
INDIAN INSTITUTE OF INFORMATION TECHNOLOGY SENAPATI MANIPUR,"Computer Science and Engineering with specialization in Artificial Intelligence and Data Science (4 Years, Bachelor of Technology)",AI,EWS,Gender-Neutral,7662,8337
INDIAN INSTITUTE OF INFORMATION TECHNOLOGY SENAPATI MANIPUR,"Computer Science and Engineering with specialization in Artificial Intelligence and Data Science (4 Years, Bachelor of Technology)",AI,OBC-NCL,Gender-Neutral,15700,17578
INDIAN INSTITUTE OF INFORMATION TECHNOLOGY SENAPATI MANIPUR,"Computer Science and Engineering with specialization in Artificial Intelligence and Data Science (4 Years, Bachelor of Technology)",AI,SC,Gender-Neutral,9058,10255
INDIAN INSTITUTE OF INFORMATION TECHNOLOGY SENAPATI MANIPUR,"Computer Science and Engineering with specialization in Artificial Intelligence and Data Science (4 Years, Bachelor of Technology)",AI,ST,Gender-Neutral,4416,4768
INDIAN INSTITUTE OF INFORMATION TECHNOLOGY SENAPATI MANIPUR,"Electronics and Communication Engineering (4 Years, Bachelor of Technology)",AI,OPEN,Gender-Neutral,45152,54987
INDIAN INSTITUTE OF INFORMATION TECHNOLOGY SENAPATI MANIPUR,"Electronics and Communication Engineering (4 Years, Bachelor of Technology)",AI,OPEN,Female-only (including Supernumerary),53308,66063
INDIAN INSTITUTE OF INFORMATION TECHNOLOGY SENAPATI MANIPUR,"Electronics and Communication Engineering (4 Years, Bachelor of Technology)",AI,EWS,Gender-Neutral,8968,9338
INDIAN INSTITUTE OF INFORMATION TECHNOLOGY SENAPATI MANIPUR,"Electronics and Communication Engineering (4 Years, Bachelor of Technology)",AI,EWS,Female-only (including Supernumerary),10797,10882
INDIAN INSTITUTE OF INFORMATION TECHNOLOGY SENAPATI MANIPUR,"Electronics and Communication Engineering (4 Years, Bachelor of Technology)",AI,OBC-NCL,Gender-Neutral,17234,19371
INDIAN INSTITUTE OF INFORMATION TECHNOLOGY SENAPATI MANIPUR,"Electronics and Communication Engineering (4 Years, Bachelor of Technology)",AI,OBC-NCL,Female-only (including Supernumerary),22255,23787
INDIAN INSTITUTE OF INFORMATION TECHNOLOGY SENAPATI MANIPUR,"Electronics and Communication Engineering (4 Years, Bachelor of Technology)",AI,SC,Gender-Neutral,10383,11153
INDIAN INSTITUTE OF INFORMATION TECHNOLOGY SENAPATI MANIPUR,"Electronics and Communication Engineering (4 Years, Bachelor of Technology)",AI,SC,Female-only (including Supernumerary),10921,12252
INDIAN INSTITUTE OF INFORMATION TECHNOLOGY SENAPATI MANIPUR,"Electronics and Communication Engineering (4 Years, Bachelor of Technology)",AI,ST,Gender-Neutral,4614,5101
INDIAN INSTITUTE OF INFORMATION TECHNOLOGY SENAPATI MANIPUR,"Electronics and Communication Engineering (4 Years, Bachelor of Technology)",AI,ST,Female-only (including Supernumerary),5118,5194
INDIAN INSTITUTE OF INFORMATION TECHNOLOGY SENAPATI MANIPUR,"Electronics and Communication Engineering with specialization in VLSI and Embedded Systems (4 Years, Bachelor of Technology)",AI,OPEN,Gender-Neutral,45745,55098
INDIAN INSTITUTE OF INFORMATION TECHNOLOGY SENAPATI MANIPUR,"Electronics and Communication Engineering with specialization in VLSI and Embedded Systems (4 Years, Bachelor of Technology)",AI,EWS,Gender-Neutral,9006,9358
INDIAN INSTITUTE OF INFORMATION TECHNOLOGY SENAPATI MANIPUR,"Electronics and Communication Engineering with specialization in VLSI and Embedded Systems (4 Years, Bachelor of Technology)",AI,OBC-NCL,Gender-Neutral,18010,18952
INDIAN INSTITUTE OF INFORMATION TECHNOLOGY SENAPATI MANIPUR,"Electronics and Communication Engineering with specialization in VLSI and Embedded Systems (4 Years, Bachelor of Technology)",AI,SC,Gender-Neutral,9682,11145
INDIAN INSTITUTE OF INFORMATION TECHNOLOGY SENAPATI MANIPUR,"Electronics and Communication Engineering with specialization in VLSI and Embedded Systems (4 Years, Bachelor of Technology)",AI,ST,Gender-Neutral,4799,5124
Indian Institute of Information Technology Tiruchirappalli,"Computer Science and Engineering (4 Years, Bachelor of Technology)",AI,OPEN,Gender-Neutral,10666,27705
Indian Institute of Information Technology Tiruchirappalli,"Computer Science and Engineering (4 Years, Bachelor of Technology)",AI,OPEN,Female-only (including Supernumerary),15479,31045
Indian Institute of Information Technology Tiruchirappalli,"Computer Science and Engineering (4 Years, Bachelor of Technology)",AI,OPEN (PwD),Gender-Neutral,827,827
Indian Institute of Information Technology Tiruchirappalli,"Computer Science and Engineering (4 Years, Bachelor of Technology)",AI,OPEN (PwD),Female-only (including Supernumerary),1710,1710
Indian Institute of Information Technology Tiruchirappalli,"Computer Science and Engineering (4 Years, Bachelor of Technology)",AI,EWS,Gender-Neutral,4430,4914
Indian Institute of Information Technology Tiruchirappalli,"Computer Science and Engineering (4 Years, Bachelor of Technology)",AI,EWS,Female-only (including Supernumerary),5947,6398
Indian Institute of Information Technology Tiruchirappalli,"Computer Science and Engineering (4 Years, Bachelor of Technology)",AI,OBC-NCL,Gender-Neutral,7941,11661
Indian Institute of Information Technology Tiruchirappalli,"Computer Science and Engineering (4 Years, Bachelor of Technology)",AI,OBC-NCL,Female-only (including Supernumerary),13035,14955
Indian Institute of Information Technology Tiruchirappalli,"Computer Science and Engineering (4 Years, Bachelor of Technology)",AI,SC,Gender-Neutral,1360,5985
Indian Institute of Information Technology Tiruchirappalli,"Computer Science and Engineering (4 Years, Bachelor of Technology)",AI,SC,Female-only (including Supernumerary),5596,7936
Indian Institute of Information Technology Tiruchirappalli,"Computer Science and Engineering (4 Years, Bachelor of Technology)",AI,ST,Gender-Neutral,1400,2170
Indian Institute of Information Technology Tiruchirappalli,"Computer Science and Engineering (4 Years, Bachelor of Technology)",AI,ST,Female-only (including Supernumerary),3086,3293
Indian Institute of Information Technology Tiruchirappalli,"Electronics and Communication Engineering (4 Years, Bachelor of Technology)",AI,OPEN,Gender-Neutral,11247,33973
Indian Institute of Information Technology Tiruchirappalli,"Electronics and Communication Engineering (4 Years, Bachelor of Technology)",AI,OPEN,Female-only (including Supernumerary),38333,40724
Indian Institute of Information Technology Tiruchirappalli,"Electronics and Communication Engineering (4 Years, Bachelor of Technology)",AI,OPEN (PwD),Gender-Neutral,1699,1699
Indian Institute of Information Technology Tiruchirappalli,"Electronics and Communication Engineering (4 Years, Bachelor of Technology)",AI,EWS,Gender-Neutral,5528,6463
Indian Institute of Information Technology Tiruchirappalli,"Electronics and Communication Engineering (4 Years, Bachelor of Technology)",AI,EWS,Female-only (including Supernumerary),6638,7134
Indian Institute of Information Technology Tiruchirappalli,"Electronics and Communication Engineering (4 Years, Bachelor of Technology)",AI,OBC-NCL,Gender-Neutral,10675,14660
Indian Institute of Information Technology Tiruchirappalli,"Electronics and Communication Engineering (4 Years, Bachelor of Technology)",AI,OBC-NCL,Female-only (including Supernumerary),15792,17280
Indian Institute of Information Technology Tiruchirappalli,"Electronics and Communication Engineering (4 Years, Bachelor of Technology)",AI,OBC-NCL (PwD),Gender-Neutral,1104,1104
Indian Institute of Information Technology Tiruchirappalli,"Electronics and Communication Engineering (4 Years, Bachelor of Technology)",AI,OBC-NCL (PwD),Female-only (including Supernumerary),996,996
Indian Institute of Information Technology Tiruchirappalli,"Electronics and Communication Engineering (4 Years, Bachelor of Technology)",AI,SC,Gender-Neutral,5644,7890
Indian Institute of Information Technology Tiruchirappalli,"Electronics and Communication Engineering (4 Years, Bachelor of Technology)",AI,SC,Female-only (including Supernumerary),8674,9721
Indian Institute of Information Technology Tiruchirappalli,"Electronics and Communication Engineering (4 Years, Bachelor of Technology)",AI,ST,Gender-Neutral,2387,3061
Indian Institute of Information Technology Tiruchirappalli,"Electronics and Communication Engineering (4 Years, Bachelor of Technology)",AI,ST,Female-only (including Supernumerary),1183,3688
Indian Institute of Information Technology Lucknow,"Computer Science (4 Years, Bachelor of Technology)",AI,OPEN,Gender-Neutral,7341,9123
Indian Institute of Information Technology Lucknow,"Computer Science (4 Years, Bachelor of Technology)",AI,OPEN,Female-only (including Supernumerary),10857,13117
Indian Institute of Information Technology Lucknow,"Computer Science (4 Years, Bachelor of Technology)",AI,OPEN (PwD),Gender-Neutral,482,482
Indian Institute of Information Technology Lucknow,"Computer Science (4 Years, Bachelor of Technology)",AI,EWS,Gender-Neutral,1410,1550
Indian Institute of Information Technology Lucknow,"Computer Science (4 Years, Bachelor of Technology)",AI,OBC-NCL,Gender-Neutral,2778,4134
Indian Institute of Information Technology Lucknow,"Computer Science (4 Years, Bachelor of Technology)",AI,OBC-NCL,Female-only (including Supernumerary),6458,7118
Indian Institute of Information Technology Lucknow,"Computer Science (4 Years, Bachelor of Technology)",AI,OBC-NCL (PwD),Gender-Neutral,403,403
Indian Institute of Information Technology Lucknow,"Computer Science (4 Years, Bachelor of Technology)",AI,SC,Gender-Neutral,2211,3112
Indian Institute of Information Technology Lucknow,"Computer Science (4 Years, Bachelor of Technology)",AI,SC,Female-only (including Supernumerary),4672,5463
Indian Institute of Information Technology Lucknow,"Computer Science (4 Years, Bachelor of Technology)",AI,ST,Gender-Neutral,1202,1776
Indian Institute of Information Technology Lucknow,"Computer Science (4 Years, Bachelor of Technology)",AI,ST,Female-only (including Supernumerary),2783,2783
Indian Institute of Information Technology Lucknow,"Computer Science and Artificial Intelligence (4 Years, Bachelor of Technology)",AI,OPEN,Gender-Neutral,6127,9011
Indian Institute of Information Technology Lucknow,"Computer Science and Artificial Intelligence (4 Years, Bachelor of Technology)",AI,OPEN,Female-only (including Supernumerary),8984,13178
Indian Institute of Information Technology Lucknow,"Computer Science and Artificial Intelligence (4 Years, Bachelor of Technology)",AI,OPEN (PwD),Gender-Neutral,230,230
Indian Institute of Information Technology Lucknow,"Computer Science and Artificial Intelligence (4 Years, Bachelor of Technology)",AI,EWS,Gender-Neutral,1282,1510
Indian Institute of Information Technology Lucknow,"Computer Science and Artificial Intelligence (4 Years, Bachelor of Technology)",AI,EWS,Female-only (including Supernumerary),2048,2048
Indian Institute of Information Technology Lucknow,"Computer Science and Artificial Intelligence (4 Years, Bachelor of Technology)",AI,OBC-NCL,Gender-Neutral,2553,4029
Indian Institute of Information Technology Lucknow,"Computer Science and Artificial Intelligence (4 Years, Bachelor of Technology)",AI,OBC-NCL,Female-only (including Supernumerary),7134,8046
Indian Institute of Information Technology Lucknow,"Computer Science and Artificial Intelligence (4 Years, Bachelor of Technology)",AI,OBC-NCL (PwD),Gender-Neutral,264,264
Indian Institute of Information Technology Lucknow,"Computer Science and Artificial Intelligence (4 Years, Bachelor of Technology)",AI,SC,Gender-Neutral,1362,2693
Indian Institute of Information Technology Lucknow,"Computer Science and Artificial Intelligence (4 Years, Bachelor of Technology)",AI,SC,Female-only (including Supernumerary),5200,5200
Indian Institute of Information Technology Lucknow,"Computer Science and Artificial Intelligence (4 Years, Bachelor of Technology)",AI,SC (PwD),Female-only (including Supernumerary),170,170
Indian Institute of Information Technology Lucknow,"Computer Science and Artificial Intelligence (4 Years, Bachelor of Technology)",AI,ST,Gender-Neutral,922,1751
Indian Institute of Information Technology Lucknow,"Computer Science and Artificial Intelligence (4 Years, Bachelor of Technology)",AI,ST,Female-only (including Supernumerary),1822,1822
Indian Institute of Information Technology Lucknow,"Computer Science and Business (4 Years, Bachelor of Technology)",AI,OPEN,Gender-Neutral,8437,10174
Indian Institute of Information Technology Lucknow,"Computer Science and Business (4 Years, Bachelor of Technology)",AI,OPEN,Female-only (including Supernumerary),14156,18246
Indian Institute of Information Technology Lucknow,"Computer Science and Business (4 Years, Bachelor of Technology)",AI,OPEN (PwD),Gender-Neutral,528,528
Indian Institute of Information Technology Lucknow,"Computer Science and Business (4 Years, Bachelor of Technology)",AI,EWS,Gender-Neutral,1489,1743
Indian Institute of Information Technology Lucknow,"Computer Science and Business (4 Years, Bachelor of Technology)",AI,EWS,Female-only (including Supernumerary),2800,2800
Indian Institute of Information Technology Lucknow,"Computer Science and Business (4 Years, Bachelor of Technology)",AI,OBC-NCL,Gender-Neutral,3472,4884
Indian Institute of Information Technology Lucknow,"Computer Science and Business (4 Years, Bachelor of Technology)",AI,OBC-NCL,Female-only (including Supernumerary),8180,8268
Indian Institute of Information Technology Lucknow,"Computer Science and Business (4 Years, Bachelor of Technology)",AI,OBC-NCL (PwD),Gender-Neutral,437,437
Indian Institute of Information Technology Lucknow,"Computer Science and Business (4 Years, Bachelor of Technology)",AI,OBC-NCL (PwD),Female-only (including Supernumerary),1035,1035
Indian Institute of Information Technology Lucknow,"Computer Science and Business (4 Years, Bachelor of Technology)",AI,SC,Gender-Neutral,2599,3577
Indian Institute of Information Technology Lucknow,"Computer Science and Business (4 Years, Bachelor of Technology)",AI,SC,Female-only (including Supernumerary),5190,6157
Indian Institute of Information Technology Lucknow,"Computer Science and Business (4 Years, Bachelor of Technology)",AI,ST,Gender-Neutral,2110,2318
Indian Institute of Information Technology Lucknow,"Computer Science and Business (4 Years, Bachelor of Technology)",AI,ST,Female-only (including Supernumerary),3442,3442
Indian Institute of Information Technology Lucknow,"Information Technology (4 Years, Bachelor of Technology)",AI,OPEN,Gender-Neutral,5814,10583
Indian Institute of Information Technology Lucknow,"Information Technology (4 Years, Bachelor of Technology)",AI,OPEN,Female-only (including Supernumerary),15112,16257
Indian Institute of Information Technology Lucknow,"Information Technology (4 Years, Bachelor of Technology)",AI,OPEN (PwD),Gender-Neutral,648,648
Indian Institute of Information Technology Lucknow,"Information Technology (4 Years, Bachelor of Technology)",AI,OPEN (PwD),Female-only (including Supernumerary),1586,1586
Indian Institute of Information Technology Lucknow,"Information Technology (4 Years, Bachelor of Technology)",AI,EWS,Gender-Neutral,1556,1785
Indian Institute of Information Technology Lucknow,"Information Technology (4 Years, Bachelor of Technology)",AI,EWS,Female-only (including Supernumerary),2928,2928
Indian Institute of Information Technology Lucknow,"Information Technology (4 Years, Bachelor of Technology)",AI,OBC-NCL,Gender-Neutral,4116,4929
Indian Institute of Information Technology Lucknow,"Information Technology (4 Years, Bachelor of Technology)",AI,OBC-NCL,Female-only (including Supernumerary),8960,9152
Indian Institute of Information Technology Lucknow,"Information Technology (4 Years, Bachelor of Technology)",AI,OBC-NCL (PwD),Gender-Neutral,630,630
Indian Institute of Information Technology Lucknow,"Information Technology (4 Years, Bachelor of Technology)",AI,SC,Gender-Neutral,3139,3888
Indian Institute of Information Technology Lucknow,"Information Technology (4 Years, Bachelor of Technology)",AI,SC,Female-only (including Supernumerary),5519,6111
Indian Institute of Information Technology Lucknow,"Information Technology (4 Years, Bachelor of Technology)",AI,ST,Gender-Neutral,2061,2178
Indian Institute of Information Technology Lucknow,"Information Technology (4 Years, Bachelor of Technology)",AI,ST,Female-only (including Supernumerary),3716,3716
Indian Institute of Information Technology(IIIT) Dharwad,"Computer Science and Engineering (4 Years, Bachelor of Technology)",AI,OPEN,Gender-Neutral,16600,35437
Indian Institute of Information Technology(IIIT) Dharwad,"Computer Science and Engineering (4 Years, Bachelor of Technology)",AI,OPEN,Female-only (including Supernumerary),20028,36869
Indian Institute of Information Technology(IIIT) Dharwad,"Computer Science and Engineering (4 Years, Bachelor of Technology)",AI,OPEN (PwD),Gender-Neutral,601,1246
Indian Institute of Information Technology(IIIT) Dharwad,"Computer Science and Engineering (4 Years, Bachelor of Technology)",AI,EWS,Gender-Neutral,5744,6322
Indian Institute of Information Technology(IIIT) Dharwad,"Computer Science and Engineering (4 Years, Bachelor of Technology)",AI,EWS,Female-only (including Supernumerary),6126,6813
Indian Institute of Information Technology(IIIT) Dharwad,"Computer Science and Engineering (4 Years, Bachelor of Technology)",AI,EWS (PwD),Gender-Neutral,308,308
Indian Institute of Information Technology(IIIT) Dharwad,"Computer Science and Engineering (4 Years, Bachelor of Technology)",AI,OBC-NCL,Gender-Neutral,11172,15301
Indian Institute of Information Technology(IIIT) Dharwad,"Computer Science and Engineering (4 Years, Bachelor of Technology)",AI,OBC-NCL,Female-only (including Supernumerary),14252,17726
Indian Institute of Information Technology(IIIT) Dharwad,"Computer Science and Engineering (4 Years, Bachelor of Technology)",AI,OBC-NCL (PwD),Gender-Neutral,519,785
Indian Institute of Information Technology(IIIT) Dharwad,"Computer Science and Engineering (4 Years, Bachelor of Technology)",AI,SC,Gender-Neutral,2716,9227
Indian Institute of Information Technology(IIIT) Dharwad,"Computer Science and Engineering (4 Years, Bachelor of Technology)",AI,SC,Female-only (including Supernumerary),5920,9070
Indian Institute of Information Technology(IIIT) Dharwad,"Computer Science and Engineering (4 Years, Bachelor of Technology)",AI,SC (PwD),Gender-Neutral,99,99
Indian Institute of Information Technology(IIIT) Dharwad,"Computer Science and Engineering (4 Years, Bachelor of Technology)",AI,ST,Gender-Neutral,2789,3974
Indian Institute of Information Technology(IIIT) Dharwad,"Computer Science and Engineering (4 Years, Bachelor of Technology)",AI,ST,Female-only (including Supernumerary),1812,2087
Indian Institute of Information Technology(IIIT) Dharwad,"Data Science and Artificial Intelligence (4 Years, Bachelor of Technology)",AI,OPEN,Gender-Neutral,28213,36980
Indian Institute of Information Technology(IIIT) Dharwad,"Data Science and Artificial Intelligence (4 Years, Bachelor of Technology)",AI,OPEN,Female-only (including Supernumerary),37154,40481
Indian Institute of Information Technology(IIIT) Dharwad,"Data Science and Artificial Intelligence (4 Years, Bachelor of Technology)",AI,OPEN (PwD),Gender-Neutral,448,990
Indian Institute of Information Technology(IIIT) Dharwad,"Data Science and Artificial Intelligence (4 Years, Bachelor of Technology)",AI,EWS,Gender-Neutral,6332,6737
Indian Institute of Information Technology(IIIT) Dharwad,"Data Science and Artificial Intelligence (4 Years, Bachelor of Technology)",AI,EWS,Female-only (including Supernumerary),6913,7570
Indian Institute of Information Technology(IIIT) Dharwad,"Data Science and Artificial Intelligence (4 Years, Bachelor of Technology)",AI,EWS (PwD),Gender-Neutral,223,373
Indian Institute of Information Technology(IIIT) Dharwad,"Data Science and Artificial Intelligence (4 Years, Bachelor of Technology)",AI,OBC-NCL,Gender-Neutral,11912,15939
Indian Institute of Information Technology(IIIT) Dharwad,"Data Science and Artificial Intelligence (4 Years, Bachelor of Technology)",AI,OBC-NCL,Female-only (including Supernumerary),15470,18223
Indian Institute of Information Technology(IIIT) Dharwad,"Data Science and Artificial Intelligence (4 Years, Bachelor of Technology)",AI,OBC-NCL (PwD),Gender-Neutral,1135,1135
Indian Institute of Information Technology(IIIT) Dharwad,"Data Science and Artificial Intelligence (4 Years, Bachelor of Technology)",AI,SC,Gender-Neutral,8720,9779
Indian Institute of Information Technology(IIIT) Dharwad,"Data Science and Artificial Intelligence (4 Years, Bachelor of Technology)",AI,SC,Female-only (including Supernumerary),8124,9994
Indian Institute of Information Technology(IIIT) Dharwad,"Data Science and Artificial Intelligence (4 Years, Bachelor of Technology)",AI,ST,Gender-Neutral,3725,4440
Indian Institute of Information Technology(IIIT) Dharwad,"Data Science and Artificial Intelligence (4 Years, Bachelor of Technology)",AI,ST,Female-only (including Supernumerary),3514,3514
Indian Institute of Information Technology(IIIT) Dharwad,"Electronics and Communication Engineering (4 Years, Bachelor of Technology)",AI,OPEN,Gender-Neutral,11215,39481
Indian Institute of Information Technology(IIIT) Dharwad,"Electronics and Communication Engineering (4 Years, Bachelor of Technology)",AI,OPEN,Female-only (including Supernumerary),41208,42793
Indian Institute of Information Technology(IIIT) Dharwad,"Electronics and Communication Engineering (4 Years, Bachelor of Technology)",AI,OPEN (PwD),Gender-Neutral,1253,1378
Indian Institute of Information Technology(IIIT) Dharwad,"Electronics and Communication Engineering (4 Years, Bachelor of Technology)",AI,EWS,Gender-Neutral,6841,6995
Indian Institute of Information Technology(IIIT) Dharwad,"Electronics and Communication Engineering (4 Years, Bachelor of Technology)",AI,EWS,Female-only (including Supernumerary),6983,7285
Indian Institute of Information Technology(IIIT) Dharwad,"Electronics and Communication Engineering (4 Years, Bachelor of Technology)",AI,OBC-NCL,Gender-Neutral,14136,16297
Indian Institute of Information Technology(IIIT) Dharwad,"Electronics and Communication Engineering (4 Years, Bachelor of Technology)",AI,OBC-NCL,Female-only (including Supernumerary),18133,18755
Indian Institute of Information Technology(IIIT) Dharwad,"Electronics and Communication Engineering (4 Years, Bachelor of Technology)",AI,OBC-NCL (PwD),Gender-Neutral,635,635
Indian Institute of Information Technology(IIIT) Dharwad,"Electronics and Communication Engineering (4 Years, Bachelor of Technology)",AI,SC,Gender-Neutral,6091,10168
Indian Institute of Information Technology(IIIT) Dharwad,"Electronics and Communication Engineering (4 Years, Bachelor of Technology)",AI,SC,Female-only (including Supernumerary),9822,10261
Indian Institute of Information Technology(IIIT) Dharwad,"Electronics and Communication Engineering (4 Years, Bachelor of Technology)",AI,SC (PwD),Gender-Neutral,144,144
Indian Institute of Information Technology(IIIT) Dharwad,"Electronics and Communication Engineering (4 Years, Bachelor of Technology)",AI,ST,Gender-Neutral,2967,4515
Indian Institute of Information Technology(IIIT) Dharwad,"Electronics and Communication Engineering (4 Years, Bachelor of Technology)",AI,ST,Female-only (including Supernumerary),3771,3771
Indian Institute of Information Technology(IIIT) Dharwad,"Electronics and Communication Engineering (4 Years, Bachelor of Technology)",AI,ST (PwD),Gender-Neutral,92,92
"Indian Institute of Information Technology Design & Manufacturing Kurnool, Andhra Pradesh","Artificial Intelligence and Data Science (4 Years, Bachelor of Technology)",AI,OPEN,Gender-Neutral,20771,35599
"Indian Institute of Information Technology Design & Manufacturing Kurnool, Andhra Pradesh","Artificial Intelligence and Data Science (4 Years, Bachelor of Technology)",AI,OPEN,Female-only (including Supernumerary),33001,37832
"Indian Institute of Information Technology Design & Manufacturing Kurnool, Andhra Pradesh","Artificial Intelligence and Data Science (4 Years, Bachelor of Technology)",AI,OPEN (PwD),Gender-Neutral,578,578
"Indian Institute of Information Technology Design & Manufacturing Kurnool, Andhra Pradesh","Artificial Intelligence and Data Science (4 Years, Bachelor of Technology)",AI,EWS,Gender-Neutral,5727,5884
"Indian Institute of Information Technology Design & Manufacturing Kurnool, Andhra Pradesh","Artificial Intelligence and Data Science (4 Years, Bachelor of Technology)",AI,EWS,Female-only (including Supernumerary),6571,6571
"Indian Institute of Information Technology Design & Manufacturing Kurnool, Andhra Pradesh","Artificial Intelligence and Data Science (4 Years, Bachelor of Technology)",AI,OBC-NCL,Gender-Neutral,10305,13985
"Indian Institute of Information Technology Design & Manufacturing Kurnool, Andhra Pradesh","Artificial Intelligence and Data Science (4 Years, Bachelor of Technology)",AI,OBC-NCL,Female-only (including Supernumerary),13128,13672
"Indian Institute of Information Technology Design & Manufacturing Kurnool, Andhra Pradesh","Artificial Intelligence and Data Science (4 Years, Bachelor of Technology)",AI,OBC-NCL (PwD),Gender-Neutral,412,412
"Indian Institute of Information Technology Design & Manufacturing Kurnool, Andhra Pradesh","Artificial Intelligence and Data Science (4 Years, Bachelor of Technology)",AI,SC,Gender-Neutral,4717,6190
"Indian Institute of Information Technology Design & Manufacturing Kurnool, Andhra Pradesh","Artificial Intelligence and Data Science (4 Years, Bachelor of Technology)",AI,SC,Female-only (including Supernumerary),6661,6661
"Indian Institute of Information Technology Design & Manufacturing Kurnool, Andhra Pradesh","Artificial Intelligence and Data Science (4 Years, Bachelor of Technology)",AI,ST,Gender-Neutral,2155,2934
"Indian Institute of Information Technology Design & Manufacturing Kurnool, Andhra Pradesh","Artificial Intelligence and Data Science (4 Years, Bachelor of Technology)",AI,ST,Female-only (including Supernumerary),3498,3498
"Indian Institute of Information Technology Design & Manufacturing Kurnool, Andhra Pradesh","Computer Science and Engineering (4 Years, Bachelor of Technology)",AI,OPEN,Gender-Neutral,20446,31393
"Indian Institute of Information Technology Design & Manufacturing Kurnool, Andhra Pradesh","Computer Science and Engineering (4 Years, Bachelor of Technology)",AI,OPEN,Female-only (including Supernumerary),22839,32140
"Indian Institute of Information Technology Design & Manufacturing Kurnool, Andhra Pradesh","Computer Science and Engineering (4 Years, Bachelor of Technology)",AI,OPEN (PwD),Gender-Neutral,491,491
"Indian Institute of Information Technology Design & Manufacturing Kurnool, Andhra Pradesh","Computer Science and Engineering (4 Years, Bachelor of Technology)",AI,EWS,Gender-Neutral,5054,5680
"Indian Institute of Information Technology Design & Manufacturing Kurnool, Andhra Pradesh","Computer Science and Engineering (4 Years, Bachelor of Technology)",AI,EWS,Female-only (including Supernumerary),5702,5702
"Indian Institute of Information Technology Design & Manufacturing Kurnool, Andhra Pradesh","Computer Science and Engineering (4 Years, Bachelor of Technology)",AI,OBC-NCL,Gender-Neutral,8618,12949
"Indian Institute of Information Technology Design & Manufacturing Kurnool, Andhra Pradesh","Computer Science and Engineering (4 Years, Bachelor of Technology)",AI,OBC-NCL,Female-only (including Supernumerary),11429,12540
"Indian Institute of Information Technology Design & Manufacturing Kurnool, Andhra Pradesh","Computer Science and Engineering (4 Years, Bachelor of Technology)",AI,OBC-NCL (PwD),Gender-Neutral,317,317
"Indian Institute of Information Technology Design & Manufacturing Kurnool, Andhra Pradesh","Computer Science and Engineering (4 Years, Bachelor of Technology)",AI,SC,Gender-Neutral,4291,5459
"Indian Institute of Information Technology Design & Manufacturing Kurnool, Andhra Pradesh","Computer Science and Engineering (4 Years, Bachelor of Technology)",AI,SC,Female-only (including Supernumerary),5148,5148
"Indian Institute of Information Technology Design & Manufacturing Kurnool, Andhra Pradesh","Computer Science and Engineering (4 Years, Bachelor of Technology)",AI,ST,Gender-Neutral,2003,2233
"Indian Institute of Information Technology Design & Manufacturing Kurnool, Andhra Pradesh","Computer Science and Engineering (4 Years, Bachelor of Technology)",AI,ST,Female-only (including Supernumerary),2129,2129
"Indian Institute of Information Technology Design & Manufacturing Kurnool, Andhra Pradesh","Computer Science and Engineering (5 Years, Bachelor and Master of Technology (Dual Degree))",AI,OPEN,Gender-Neutral,31320,34900
"Indian Institute of Information Technology Design & Manufacturing Kurnool, Andhra Pradesh","Computer Science and Engineering (5 Years, Bachelor and Master of Technology (Dual Degree))",AI,EWS,Gender-Neutral,5803,5988
"Indian Institute of Information Technology Design & Manufacturing Kurnool, Andhra Pradesh","Computer Science and Engineering (5 Years, Bachelor and Master of Technology (Dual Degree))",AI,OBC-NCL,Gender-Neutral,13283,14516
"Indian Institute of Information Technology Design & Manufacturing Kurnool, Andhra Pradesh","Computer Science and Engineering (5 Years, Bachelor and Master of Technology (Dual Degree))",AI,OBC-NCL (PwD),Gender-Neutral,546,546
"Indian Institute of Information Technology Design & Manufacturing Kurnool, Andhra Pradesh","Computer Science and Engineering (5 Years, Bachelor and Master of Technology (Dual Degree))",AI,SC,Gender-Neutral,6318,6939
"Indian Institute of Information Technology Design & Manufacturing Kurnool, Andhra Pradesh","Computer Science and Engineering (5 Years, Bachelor and Master of Technology (Dual Degree))",AI,ST,Gender-Neutral,1814,1814
"Indian Institute of Information Technology Design & Manufacturing Kurnool, Andhra Pradesh","Electronics and Communication Engineering (5 Years, Bachelor and Master of Technology (Dual Degree))",AI,OPEN,Gender-Neutral,38897,40519
"Indian Institute of Information Technology Design & Manufacturing Kurnool, Andhra Pradesh","Electronics and Communication Engineering (5 Years, Bachelor and Master of Technology (Dual Degree))",AI,OPEN (PwD),Gender-Neutral,2076,2076
"Indian Institute of Information Technology Design & Manufacturing Kurnool, Andhra Pradesh","Electronics and Communication Engineering (5 Years, Bachelor and Master of Technology (Dual Degree))",AI,EWS,Gender-Neutral,6896,6914
"Indian Institute of Information Technology Design & Manufacturing Kurnool, Andhra Pradesh","Electronics and Communication Engineering (5 Years, Bachelor and Master of Technology (Dual Degree))",AI,OBC-NCL,Gender-Neutral,14604,16402
"Indian Institute of Information Technology Design & Manufacturing Kurnool, Andhra Pradesh","Electronics and Communication Engineering (5 Years, Bachelor and Master of Technology (Dual Degree))",AI,SC,Gender-Neutral,5066,7695
"Indian Institute of Information Technology Design & Manufacturing Kurnool, Andhra Pradesh","Electronics and Communication Engineering (5 Years, Bachelor and Master of Technology (Dual Degree))",AI,ST,Gender-Neutral,3357,3398
"Indian Institute of Information Technology Design & Manufacturing Kurnool, Andhra Pradesh","Electronics and Communication Engineering with specialization in Design and Manufacturing (4 Years, Bachelor of Technology)",AI,OPEN,Gender-Neutral,33048,39691
"Indian Institute of Information Technology Design & Manufacturing Kurnool, Andhra Pradesh","Electronics and Communication Engineering with specialization in Design and Manufacturing (4 Years, Bachelor of Technology)",AI,OPEN,Female-only (including Supernumerary),35056,37555
"Indian Institute of Information Technology Design & Manufacturing Kurnool, Andhra Pradesh","Electronics and Communication Engineering with specialization in Design and Manufacturing (4 Years, Bachelor of Technology)",AI,OPEN (PwD),Gender-Neutral,926,926
"Indian Institute of Information Technology Design & Manufacturing Kurnool, Andhra Pradesh","Electronics and Communication Engineering with specialization in Design and Manufacturing (4 Years, Bachelor of Technology)",AI,EWS,Gender-Neutral,6361,6650
"Indian Institute of Information Technology Design & Manufacturing Kurnool, Andhra Pradesh","Electronics and Communication Engineering with specialization in Design and Manufacturing (4 Years, Bachelor of Technology)",AI,EWS,Female-only (including Supernumerary),7043,7043
"Indian Institute of Information Technology Design & Manufacturing Kurnool, Andhra Pradesh","Electronics and Communication Engineering with specialization in Design and Manufacturing (4 Years, Bachelor of Technology)",AI,OBC-NCL,Gender-Neutral,13258,15836
"Indian Institute of Information Technology Design & Manufacturing Kurnool, Andhra Pradesh","Electronics and Communication Engineering with specialization in Design and Manufacturing (4 Years, Bachelor of Technology)",AI,OBC-NCL,Female-only (including Supernumerary),13679,13679
"Indian Institute of Information Technology Design & Manufacturing Kurnool, Andhra Pradesh","Electronics and Communication Engineering with specialization in Design and Manufacturing (4 Years, Bachelor of Technology)",AI,SC,Gender-Neutral,7044,7677
"Indian Institute of Information Technology Design & Manufacturing Kurnool, Andhra Pradesh","Electronics and Communication Engineering with specialization in Design and Manufacturing (4 Years, Bachelor of Technology)",AI,SC,Female-only (including Supernumerary),7776,7776
"Indian Institute of Information Technology Design & Manufacturing Kurnool, Andhra Pradesh","Electronics and Communication Engineering with specialization in Design and Manufacturing (4 Years, Bachelor of Technology)",AI,ST,Gender-Neutral,2713,3301
"Indian Institute of Information Technology Design & Manufacturing Kurnool, Andhra Pradesh","Mechanical Engineering (5 Years, Bachelor and Master of Technology (Dual Degree))",AI,OPEN,Gender-Neutral,39952,48823
"Indian Institute of Information Technology Design & Manufacturing Kurnool, Andhra Pradesh","Mechanical Engineering (5 Years, Bachelor and Master of Technology (Dual Degree))",AI,EWS,Gender-Neutral,8147,8425
"Indian Institute of Information Technology Design & Manufacturing Kurnool, Andhra Pradesh","Mechanical Engineering (5 Years, Bachelor and Master of Technology (Dual Degree))",AI,OBC-NCL,Gender-Neutral,14877,17912
"Indian Institute of Information Technology Design & Manufacturing Kurnool, Andhra Pradesh","Mechanical Engineering (5 Years, Bachelor and Master of Technology (Dual Degree))",AI,SC,Gender-Neutral,6428,8903
"Indian Institute of Information Technology Design & Manufacturing Kurnool, Andhra Pradesh","Mechanical Engineering (5 Years, Bachelor and Master of Technology (Dual Degree))",AI,ST,Gender-Neutral,3582,3824
"Indian Institute of Information Technology Design & Manufacturing Kurnool, Andhra Pradesh","Mechanical Engineering with specialization in Design and Manufacturing (4 Years, Bachelor of Technology)",AI,OPEN,Gender-Neutral,41905,46952
"Indian Institute of Information Technology Design & Manufacturing Kurnool, Andhra Pradesh","Mechanical Engineering with specialization in Design and Manufacturing (4 Years, Bachelor of Technology)",AI,OPEN,Female-only (including Supernumerary),50261,52652
"Indian Institute of Information Technology Design & Manufacturing Kurnool, Andhra Pradesh","Mechanical Engineering with specialization in Design and Manufacturing (4 Years, Bachelor of Technology)",AI,OPEN (PwD),Gender-Neutral,2884,2884
"Indian Institute of Information Technology Design & Manufacturing Kurnool, Andhra Pradesh","Mechanical Engineering with specialization in Design and Manufacturing (4 Years, Bachelor of Technology)",AI,EWS,Gender-Neutral,7743,8051
"Indian Institute of Information Technology Design & Manufacturing Kurnool, Andhra Pradesh","Mechanical Engineering with specialization in Design and Manufacturing (4 Years, Bachelor of Technology)",AI,OBC-NCL,Gender-Neutral,16403,17262
"Indian Institute of Information Technology Design & Manufacturing Kurnool, Andhra Pradesh","Mechanical Engineering with specialization in Design and Manufacturing (4 Years, Bachelor of Technology)",AI,OBC-NCL,Female-only (including Supernumerary),19787,19787
"Indian Institute of Information Technology Design & Manufacturing Kurnool, Andhra Pradesh","Mechanical Engineering with specialization in Design and Manufacturing (4 Years, Bachelor of Technology)",AI,OBC-NCL (PwD),Gender-Neutral,1477,1477
"Indian Institute of Information Technology Design & Manufacturing Kurnool, Andhra Pradesh","Mechanical Engineering with specialization in Design and Manufacturing (4 Years, Bachelor of Technology)",AI,SC,Gender-Neutral,7583,8833
"Indian Institute of Information Technology Design & Manufacturing Kurnool, Andhra Pradesh","Mechanical Engineering with specialization in Design and Manufacturing (4 Years, Bachelor of Technology)",AI,SC,Female-only (including Supernumerary),10907,10907
"Indian Institute of Information Technology Design & Manufacturing Kurnool, Andhra Pradesh","Mechanical Engineering with specialization in Design and Manufacturing (4 Years, Bachelor of Technology)",AI,ST,Gender-Neutral,3549,3817
Indian Institute of Information Technology(IIIT) Kottayam,"Computer Science and Engineering (4 Years, Bachelor of Technology)",AI,OPEN,Gender-Neutral,13429,33689
Indian Institute of Information Technology(IIIT) Kottayam,"Computer Science and Engineering (4 Years, Bachelor of Technology)",AI,OPEN,Female-only (including Supernumerary),19945,37884
Indian Institute of Information Technology(IIIT) Kottayam,"Computer Science and Engineering (4 Years, Bachelor of Technology)",AI,OPEN (PwD),Gender-Neutral,1349,2524
Indian Institute of Information Technology(IIIT) Kottayam,"Computer Science and Engineering (4 Years, Bachelor of Technology)",AI,OPEN (PwD),Female-only (including Supernumerary),1475,1475
Indian Institute of Information Technology(IIIT) Kottayam,"Computer Science and Engineering (4 Years, Bachelor of Technology)",AI,EWS,Gender-Neutral,5416,6228
Indian Institute of Information Technology(IIIT) Kottayam,"Computer Science and Engineering (4 Years, Bachelor of Technology)",AI,EWS,Female-only (including Supernumerary),6528,7343
Indian Institute of Information Technology(IIIT) Kottayam,"Computer Science and Engineering (4 Years, Bachelor of Technology)",AI,EWS (PwD),Gender-Neutral,378,378
Indian Institute of Information Technology(IIIT) Kottayam,"Computer Science and Engineering (4 Years, Bachelor of Technology)",AI,OBC-NCL,Gender-Neutral,9917,14269
Indian Institute of Information Technology(IIIT) Kottayam,"Computer Science and Engineering (4 Years, Bachelor of Technology)",AI,OBC-NCL,Female-only (including Supernumerary),11726,15292
Indian Institute of Information Technology(IIIT) Kottayam,"Computer Science and Engineering (4 Years, Bachelor of Technology)",AI,OBC-NCL (PwD),Gender-Neutral,1207,1502
Indian Institute of Information Technology(IIIT) Kottayam,"Computer Science and Engineering (4 Years, Bachelor of Technology)",AI,OBC-NCL (PwD),Female-only (including Supernumerary),1136,1136
Indian Institute of Information Technology(IIIT) Kottayam,"Computer Science and Engineering (4 Years, Bachelor of Technology)",AI,SC,Gender-Neutral,5635,9791
Indian Institute of Information Technology(IIIT) Kottayam,"Computer Science and Engineering (4 Years, Bachelor of Technology)",AI,SC,Female-only (including Supernumerary),6953,10470
Indian Institute of Information Technology(IIIT) Kottayam,"Computer Science and Engineering (4 Years, Bachelor of Technology)",AI,ST,Gender-Neutral,2355,4140
Indian Institute of Information Technology(IIIT) Kottayam,"Computer Science and Engineering (4 Years, Bachelor of Technology)",AI,ST,Female-only (including Supernumerary),3526,4454
Indian Institute of Information Technology(IIIT) Kottayam,"Computer Science and Engineering with specialization in Artificial Intelligence and Data Science (4 Years, Bachelor of Technology)",AI,OPEN,Gender-Neutral,9741,30619
Indian Institute of Information Technology(IIIT) Kottayam,"Computer Science and Engineering with specialization in Artificial Intelligence and Data Science (4 Years, Bachelor of Technology)",AI,OPEN,Female-only (including Supernumerary),18954,33437
Indian Institute of Information Technology(IIIT) Kottayam,"Computer Science and Engineering with specialization in Artificial Intelligence and Data Science (4 Years, Bachelor of Technology)",AI,OPEN (PwD),Gender-Neutral,961,961
Indian Institute of Information Technology(IIIT) Kottayam,"Computer Science and Engineering with specialization in Artificial Intelligence and Data Science (4 Years, Bachelor of Technology)",AI,EWS,Gender-Neutral,4942,5364
Indian Institute of Information Technology(IIIT) Kottayam,"Computer Science and Engineering with specialization in Artificial Intelligence and Data Science (4 Years, Bachelor of Technology)",AI,EWS,Female-only (including Supernumerary),6782,6782
Indian Institute of Information Technology(IIIT) Kottayam,"Computer Science and Engineering with specialization in Artificial Intelligence and Data Science (4 Years, Bachelor of Technology)",AI,OBC-NCL,Gender-Neutral,9265,11945
Indian Institute of Information Technology(IIIT) Kottayam,"Computer Science and Engineering with specialization in Artificial Intelligence and Data Science (4 Years, Bachelor of Technology)",AI,OBC-NCL,Female-only (including Supernumerary),11290,12777
Indian Institute of Information Technology(IIIT) Kottayam,"Computer Science and Engineering with specialization in Artificial Intelligence and Data Science (4 Years, Bachelor of Technology)",AI,OBC-NCL (PwD),Gender-Neutral,488,488
Indian Institute of Information Technology(IIIT) Kottayam,"Computer Science and Engineering with specialization in Artificial Intelligence and Data Science (4 Years, Bachelor of Technology)",AI,SC,Gender-Neutral,3545,8046
Indian Institute of Information Technology(IIIT) Kottayam,"Computer Science and Engineering with specialization in Artificial Intelligence and Data Science (4 Years, Bachelor of Technology)",AI,SC,Female-only (including Supernumerary),9185,9891
Indian Institute of Information Technology(IIIT) Kottayam,"Computer Science and Engineering with specialization in Artificial Intelligence and Data Science (4 Years, Bachelor of Technology)",AI,ST,Gender-Neutral,2806,3731
Indian Institute of Information Technology(IIIT) Kottayam,"Computer Science and Engineering with specialization in Artificial Intelligence and Data Science (4 Years, Bachelor of Technology)",AI,ST,Female-only (including Supernumerary),4576,4576
Indian Institute of Information Technology(IIIT) Kottayam,"Computer Science and Engineering with specialization in Cyber Security (4 Years, Bachelor of Technology)",AI,OPEN,Gender-Neutral,25771,34641
Indian Institute of Information Technology(IIIT) Kottayam,"Computer Science and Engineering with specialization in Cyber Security (4 Years, Bachelor of Technology)",AI,OPEN,Female-only (including Supernumerary),34751,40028
Indian Institute of Information Technology(IIIT) Kottayam,"Computer Science and Engineering with specialization in Cyber Security (4 Years, Bachelor of Technology)",AI,OPEN (PwD),Gender-Neutral,1597,1597
Indian Institute of Information Technology(IIIT) Kottayam,"Computer Science and Engineering with specialization in Cyber Security (4 Years, Bachelor of Technology)",AI,EWS,Gender-Neutral,6057,6356
Indian Institute of Information Technology(IIIT) Kottayam,"Computer Science and Engineering with specialization in Cyber Security (4 Years, Bachelor of Technology)",AI,EWS,Female-only (including Supernumerary),7432,7432
Indian Institute of Information Technology(IIIT) Kottayam,"Computer Science and Engineering with specialization in Cyber Security (4 Years, Bachelor of Technology)",AI,OBC-NCL,Gender-Neutral,12191,14494
Indian Institute of Information Technology(IIIT) Kottayam,"Computer Science and Engineering with specialization in Cyber Security (4 Years, Bachelor of Technology)",AI,OBC-NCL,Female-only (including Supernumerary),11664,15371
Indian Institute of Information Technology(IIIT) Kottayam,"Computer Science and Engineering with specialization in Cyber Security (4 Years, Bachelor of Technology)",AI,OBC-NCL (PwD),Gender-Neutral,931,931
Indian Institute of Information Technology(IIIT) Kottayam,"Computer Science and Engineering with specialization in Cyber Security (4 Years, Bachelor of Technology)",AI,SC,Gender-Neutral,6998,9215
Indian Institute of Information Technology(IIIT) Kottayam,"Computer Science and Engineering with specialization in Cyber Security (4 Years, Bachelor of Technology)",AI,SC,Female-only (including Supernumerary),9433,9786
Indian Institute of Information Technology(IIIT) Kottayam,"Computer Science and Engineering with specialization in Cyber Security (4 Years, Bachelor of Technology)",AI,ST,Gender-Neutral,3378,4198
Indian Institute of Information Technology(IIIT) Kottayam,"Computer Science and Engineering with specialization in Cyber Security (4 Years, Bachelor of Technology)",AI,ST,Female-only (including Supernumerary),4706,4706
Indian Institute of Information Technology(IIIT) Kottayam,"Electronics and Communication Engineering (4 Years, Bachelor of Technology)",AI,OPEN,Gender-Neutral,19045,36849
Indian Institute of Information Technology(IIIT) Kottayam,"Electronics and Communication Engineering (4 Years, Bachelor of Technology)",AI,OPEN,Female-only (including Supernumerary),34914,39581
Indian Institute of Information Technology(IIIT) Kottayam,"Electronics and Communication Engineering (4 Years, Bachelor of Technology)",AI,OPEN (PwD),Gender-Neutral,2395,2395
Indian Institute of Information Technology(IIIT) Kottayam,"Electronics and Communication Engineering (4 Years, Bachelor of Technology)",AI,EWS,Gender-Neutral,6366,6710
Indian Institute of Information Technology(IIIT) Kottayam,"Electronics and Communication Engineering (4 Years, Bachelor of Technology)",AI,EWS,Female-only (including Supernumerary),7599,7599
Indian Institute of Information Technology(IIIT) Kottayam,"Electronics and Communication Engineering (4 Years, Bachelor of Technology)",AI,OBC-NCL,Gender-Neutral,11160,14983
Indian Institute of Information Technology(IIIT) Kottayam,"Electronics and Communication Engineering (4 Years, Bachelor of Technology)",AI,OBC-NCL,Female-only (including Supernumerary),15340,15589
Indian Institute of Information Technology(IIIT) Kottayam,"Electronics and Communication Engineering (4 Years, Bachelor of Technology)",AI,OBC-NCL (PwD),Gender-Neutral,1509,1509
Indian Institute of Information Technology(IIIT) Kottayam,"Electronics and Communication Engineering (4 Years, Bachelor of Technology)",AI,SC,Gender-Neutral,9377,9967
Indian Institute of Information Technology(IIIT) Kottayam,"Electronics and Communication Engineering (4 Years, Bachelor of Technology)",AI,SC,Female-only (including Supernumerary),9468,10207
Indian Institute of Information Technology(IIIT) Kottayam,"Electronics and Communication Engineering (4 Years, Bachelor of Technology)",AI,ST,Gender-Neutral,3809,4152
Indian Institute of Information Technology(IIIT) Kottayam,"Electronics and Communication Engineering (4 Years, Bachelor of Technology)",AI,ST,Female-only (including Supernumerary),4659,4659
Indian Institute of Information Technology (IIIT) Ranchi,"Computer Science and Engineering (4 Years, Bachelor of Technology)",AI,OPEN,Gender-Neutral,20175,30962
Indian Institute of Information Technology (IIIT) Ranchi,"Computer Science and Engineering (4 Years, Bachelor of Technology)",AI,OPEN (PwD),Gender-Neutral,1044,1538
Indian Institute of Information Technology (IIIT) Ranchi,"Computer Science and Engineering (4 Years, Bachelor of Technology)",AI,EWS,Gender-Neutral,4934,5511
Indian Institute of Information Technology (IIIT) Ranchi,"Computer Science and Engineering (4 Years, Bachelor of Technology)",AI,EWS (PwD),Gender-Neutral,255,255
Indian Institute of Information Technology (IIIT) Ranchi,"Computer Science and Engineering (4 Years, Bachelor of Technology)",AI,OBC-NCL,Gender-Neutral,8707,13456
Indian Institute of Information Technology (IIIT) Ranchi,"Computer Science and Engineering (4 Years, Bachelor of Technology)",AI,OBC-NCL (PwD),Gender-Neutral,1377,1588
Indian Institute of Information Technology (IIIT) Ranchi,"Computer Science and Engineering (4 Years, Bachelor of Technology)",AI,SC,Gender-Neutral,6142,8439
Indian Institute of Information Technology (IIIT) Ranchi,"Computer Science and Engineering (4 Years, Bachelor of Technology)",AI,ST,Gender-Neutral,2581,3966
Indian Institute of Information Technology (IIIT) Ranchi,"Computer Science and Engineering (with Specialization of Data Science and Artificial Intelligence) (4 Years, B. Tech / B. Tech (Hons.))",AI,OPEN,Gender-Neutral,25552,29448
Indian Institute of Information Technology (IIIT) Ranchi,"Computer Science and Engineering (with Specialization of Data Science and Artificial Intelligence) (4 Years, B. Tech / B. Tech (Hons.))",AI,OPEN (PwD),Gender-Neutral,1514,1514
Indian Institute of Information Technology (IIIT) Ranchi,"Computer Science and Engineering (with Specialization of Data Science and Artificial Intelligence) (4 Years, B. Tech / B. Tech (Hons.))",AI,EWS,Gender-Neutral,4964,5113
Indian Institute of Information Technology (IIIT) Ranchi,"Computer Science and Engineering (with Specialization of Data Science and Artificial Intelligence) (4 Years, B. Tech / B. Tech (Hons.))",AI,OBC-NCL,Gender-Neutral,8903,13175
Indian Institute of Information Technology (IIIT) Ranchi,"Computer Science and Engineering (with Specialization of Data Science and Artificial Intelligence) (4 Years, B. Tech / B. Tech (Hons.))",AI,SC,Gender-Neutral,7471,8131
Indian Institute of Information Technology (IIIT) Ranchi,"Computer Science and Engineering (with Specialization of Data Science and Artificial Intelligence) (4 Years, B. Tech / B. Tech (Hons.))",AI,ST,Gender-Neutral,4172,4267
Indian Institute of Information Technology (IIIT) Ranchi,"Electronics and Communication Engineering (4 Years, Bachelor of Technology)",AI,OPEN,Gender-Neutral,30138,38058
Indian Institute of Information Technology (IIIT) Ranchi,"Electronics and Communication Engineering (4 Years, Bachelor of Technology)",AI,OPEN (PwD),Gender-Neutral,2141,2651
Indian Institute of Information Technology (IIIT) Ranchi,"Electronics and Communication Engineering (4 Years, Bachelor of Technology)",AI,EWS,Gender-Neutral,6172,6709
Indian Institute of Information Technology (IIIT) Ranchi,"Electronics and Communication Engineering (4 Years, Bachelor of Technology)",AI,OBC-NCL,Gender-Neutral,11678,16256
Indian Institute of Information Technology (IIIT) Ranchi,"Electronics and Communication Engineering (4 Years, Bachelor of Technology)",AI,OBC-NCL (PwD),Gender-Neutral,1355,1355
Indian Institute of Information Technology (IIIT) Ranchi,"Electronics and Communication Engineering (4 Years, Bachelor of Technology)",AI,SC,Gender-Neutral,9064,9977
Indian Institute of Information Technology (IIIT) Ranchi,"Electronics and Communication Engineering (4 Years, Bachelor of Technology)",AI,ST,Gender-Neutral,4567,4846
Indian Institute of Information Technology (IIIT) Ranchi,"Electronics and Communication Engineering (with Specialization of Embedded Systems and Internet of Things) (4 Years, B. Tech / B. Tech (Hons.))",AI,OPEN,Gender-Neutral,34056,37678
Indian Institute of Information Technology (IIIT) Ranchi,"Electronics and Communication Engineering (with Specialization of Embedded Systems and Internet of Things) (4 Years, B. Tech / B. Tech (Hons.))",AI,OPEN (PwD),Gender-Neutral,3250,3250
Indian Institute of Information Technology (IIIT) Ranchi,"Electronics and Communication Engineering (with Specialization of Embedded Systems and Internet of Things) (4 Years, B. Tech / B. Tech (Hons.))",AI,EWS,Gender-Neutral,6270,6658
Indian Institute of Information Technology (IIIT) Ranchi,"Electronics and Communication Engineering (with Specialization of Embedded Systems and Internet of Things) (4 Years, B. Tech / B. Tech (Hons.))",AI,OBC-NCL,Gender-Neutral,13586,15941
Indian Institute of Information Technology (IIIT) Ranchi,"Electronics and Communication Engineering (with Specialization of Embedded Systems and Internet of Things) (4 Years, B. Tech / B. Tech (Hons.))",AI,OBC-NCL (PwD),Gender-Neutral,1662,1662
Indian Institute of Information Technology (IIIT) Ranchi,"Electronics and Communication Engineering (with Specialization of Embedded Systems and Internet of Things) (4 Years, B. Tech / B. Tech (Hons.))",AI,SC,Gender-Neutral,7220,9958
Indian Institute of Information Technology (IIIT) Ranchi,"Electronics and Communication Engineering (with Specialization of Embedded Systems and Internet of Things) (4 Years, B. Tech / B. Tech (Hons.))",AI,ST,Gender-Neutral,3404,4628
Indian Institute of Information Technology (IIIT) Nagpur,"Computer Science and Engineering (4 Years, Bachelor of Technology)",AI,OPEN,Gender-Neutral,17234,26132
Indian Institute of Information Technology (IIIT) Nagpur,"Computer Science and Engineering (4 Years, Bachelor of Technology)",AI,OPEN (PwD),Gender-Neutral,830,914
Indian Institute of Information Technology (IIIT) Nagpur,"Computer Science and Engineering (4 Years, Bachelor of Technology)",AI,EWS,Gender-Neutral,4231,4721
Indian Institute of Information Technology (IIIT) Nagpur,"Computer Science and Engineering (4 Years, Bachelor of Technology)",AI,EWS (PwD),Gender-Neutral,165,165
Indian Institute of Information Technology (IIIT) Nagpur,"Computer Science and Engineering (4 Years, Bachelor of Technology)",AI,OBC-NCL,Gender-Neutral,7531,11648
Indian Institute of Information Technology (IIIT) Nagpur,"Computer Science and Engineering (4 Years, Bachelor of Technology)",AI,OBC-NCL (PwD),Gender-Neutral,469,620
Indian Institute of Information Technology (IIIT) Nagpur,"Computer Science and Engineering (4 Years, Bachelor of Technology)",AI,SC,Gender-Neutral,3999,7944
Indian Institute of Information Technology (IIIT) Nagpur,"Computer Science and Engineering (4 Years, Bachelor of Technology)",AI,SC (PwD),Gender-Neutral,211,211
Indian Institute of Information Technology (IIIT) Nagpur,"Computer Science and Engineering (4 Years, Bachelor of Technology)",AI,ST,Gender-Neutral,2181,3640
Indian Institute of Information Technology (IIIT) Nagpur,"Computer Science Engineering (Artificial lntelligence and Machine Learning) (4 Years, Bachelor of Technology)",AI,OPEN,Gender-Neutral,9838,24649
Indian Institute of Information Technology (IIIT) Nagpur,"Computer Science Engineering (Artificial lntelligence and Machine Learning) (4 Years, Bachelor of Technology)",AI,OPEN (PwD),Gender-Neutral,986,986
Indian Institute of Information Technology (IIIT) Nagpur,"Computer Science Engineering (Artificial lntelligence and Machine Learning) (4 Years, Bachelor of Technology)",AI,EWS,Gender-Neutral,4276,4776
Indian Institute of Information Technology (IIIT) Nagpur,"Computer Science Engineering (Artificial lntelligence and Machine Learning) (4 Years, Bachelor of Technology)",AI,OBC-NCL,Gender-Neutral,7167,11261
Indian Institute of Information Technology (IIIT) Nagpur,"Computer Science Engineering (Artificial lntelligence and Machine Learning) (4 Years, Bachelor of Technology)",AI,OBC-NCL (PwD),Gender-Neutral,510,510
Indian Institute of Information Technology (IIIT) Nagpur,"Computer Science Engineering (Artificial lntelligence and Machine Learning) (4 Years, Bachelor of Technology)",AI,SC,Gender-Neutral,4086,6986
Indian Institute of Information Technology (IIIT) Nagpur,"Computer Science Engineering (Artificial lntelligence and Machine Learning) (4 Years, Bachelor of Technology)",AI,ST,Gender-Neutral,2412,3381
Indian Institute of Information Technology (IIIT) Nagpur,"Computer Science Engineering (Data Science and Analytics) (4 Years, Bachelor of Technology)",AI,OPEN,Gender-Neutral,14871,27466
Indian Institute of Information Technology (IIIT) Nagpur,"Computer Science Engineering (Data Science and Analytics) (4 Years, Bachelor of Technology)",AI,OPEN (PwD),Gender-Neutral,1008,1008
Indian Institute of Information Technology (IIIT) Nagpur,"Computer Science Engineering (Data Science and Analytics) (4 Years, Bachelor of Technology)",AI,EWS,Gender-Neutral,4470,4938
Indian Institute of Information Technology (IIIT) Nagpur,"Computer Science Engineering (Data Science and Analytics) (4 Years, Bachelor of Technology)",AI,OBC-NCL,Gender-Neutral,8121,12082
Indian Institute of Information Technology (IIIT) Nagpur,"Computer Science Engineering (Data Science and Analytics) (4 Years, Bachelor of Technology)",AI,OBC-NCL (PwD),Gender-Neutral,741,741
Indian Institute of Information Technology (IIIT) Nagpur,"Computer Science Engineering (Data Science and Analytics) (4 Years, Bachelor of Technology)",AI,SC,Gender-Neutral,4075,8217
Indian Institute of Information Technology (IIIT) Nagpur,"Computer Science Engineering (Data Science and Analytics) (4 Years, Bachelor of Technology)",AI,ST,Gender-Neutral,2759,3395
Indian Institute of Information Technology (IIIT) Nagpur,"Computer Science Engineering (Human Computer lnteraction and Gaming Technology) (4 Years, Bachelor of Technology)",AI,OPEN,Gender-Neutral,23181,29120
Indian Institute of Information Technology (IIIT) Nagpur,"Computer Science Engineering (Human Computer lnteraction and Gaming Technology) (4 Years, Bachelor of Technology)",AI,OPEN (PwD),Gender-Neutral,1022,1070
Indian Institute of Information Technology (IIIT) Nagpur,"Computer Science Engineering (Human Computer lnteraction and Gaming Technology) (4 Years, Bachelor of Technology)",AI,EWS,Gender-Neutral,4913,5264
Indian Institute of Information Technology (IIIT) Nagpur,"Computer Science Engineering (Human Computer lnteraction and Gaming Technology) (4 Years, Bachelor of Technology)",AI,OBC-NCL,Gender-Neutral,10565,12913
Indian Institute of Information Technology (IIIT) Nagpur,"Computer Science Engineering (Human Computer lnteraction and Gaming Technology) (4 Years, Bachelor of Technology)",AI,OBC-NCL (PwD),Gender-Neutral,987,987
Indian Institute of Information Technology (IIIT) Nagpur,"Computer Science Engineering (Human Computer lnteraction and Gaming Technology) (4 Years, Bachelor of Technology)",AI,SC,Gender-Neutral,6209,8418
Indian Institute of Information Technology (IIIT) Nagpur,"Computer Science Engineering (Human Computer lnteraction and Gaming Technology) (4 Years, Bachelor of Technology)",AI,ST,Gender-Neutral,3927,4174
Indian Institute of Information Technology (IIIT) Nagpur,"Electronics and Communication Engineering (4 Years, Bachelor of Technology)",AI,OPEN,Gender-Neutral,27481,35228
Indian Institute of Information Technology (IIIT) Nagpur,"Electronics and Communication Engineering (4 Years, Bachelor of Technology)",AI,OPEN (PwD),Gender-Neutral,559,2341
Indian Institute of Information Technology (IIIT) Nagpur,"Electronics and Communication Engineering (4 Years, Bachelor of Technology)",AI,EWS,Gender-Neutral,5683,6255
Indian Institute of Information Technology (IIIT) Nagpur,"Electronics and Communication Engineering (4 Years, Bachelor of Technology)",AI,EWS (PwD),Gender-Neutral,383,383
Indian Institute of Information Technology (IIIT) Nagpur,"Electronics and Communication Engineering (4 Years, Bachelor of Technology)",AI,OBC-NCL,Gender-Neutral,10606,15154
Indian Institute of Information Technology (IIIT) Nagpur,"Electronics and Communication Engineering (4 Years, Bachelor of Technology)",AI,OBC-NCL (PwD),Gender-Neutral,1694,1808
Indian Institute of Information Technology (IIIT) Nagpur,"Electronics and Communication Engineering (4 Years, Bachelor of Technology)",AI,SC,Gender-Neutral,8190,9649
Indian Institute of Information Technology (IIIT) Nagpur,"Electronics and Communication Engineering (4 Years, Bachelor of Technology)",AI,ST,Gender-Neutral,3708,4624
Indian Institute of Information Technology (IIIT) Nagpur,"Electronics and Communication Engineering (Internet of Things) (4 Years, Bachelor of Technology)",AI,OPEN,Gender-Neutral,19507,33744
Indian Institute of Information Technology (IIIT) Nagpur,"Electronics and Communication Engineering (Internet of Things) (4 Years, Bachelor of Technology)",AI,OPEN (PwD),Gender-Neutral,1558,1558
Indian Institute of Information Technology (IIIT) Nagpur,"Electronics and Communication Engineering (Internet of Things) (4 Years, Bachelor of Technology)",AI,EWS,Gender-Neutral,5580,6287
Indian Institute of Information Technology (IIIT) Nagpur,"Electronics and Communication Engineering (Internet of Things) (4 Years, Bachelor of Technology)",AI,OBC-NCL,Gender-Neutral,12080,14997
Indian Institute of Information Technology (IIIT) Nagpur,"Electronics and Communication Engineering (Internet of Things) (4 Years, Bachelor of Technology)",AI,OBC-NCL (PwD),Gender-Neutral,1607,1607
Indian Institute of Information Technology (IIIT) Nagpur,"Electronics and Communication Engineering (Internet of Things) (4 Years, Bachelor of Technology)",AI,SC,Gender-Neutral,4463,9340
Indian Institute of Information Technology (IIIT) Nagpur,"Electronics and Communication Engineering (Internet of Things) (4 Years, Bachelor of Technology)",AI,ST,Gender-Neutral,536,4481
Indian Institute of Information Technology (IIIT) Pune,"Computer Science and Engineering (4 Years, Bachelor of Technology)",AI,OPEN,Gender-Neutral,5320,16691
Indian Institute of Information Technology (IIIT) Pune,"Computer Science and Engineering (4 Years, Bachelor of Technology)",AI,OPEN,Female-only (including Supernumerary),18487,25481
Indian Institute of Information Technology (IIIT) Pune,"Computer Science and Engineering (4 Years, Bachelor of Technology)",AI,OPEN (PwD),Gender-Neutral,460,856
Indian Institute of Information Technology (IIIT) Pune,"Computer Science and Engineering (4 Years, Bachelor of Technology)",AI,OPEN (PwD),Female-only (including Supernumerary),396,396
Indian Institute of Information Technology (IIIT) Pune,"Computer Science and Engineering (4 Years, Bachelor of Technology)",AI,EWS,Gender-Neutral,2558,3187
Indian Institute of Information Technology (IIIT) Pune,"Computer Science and Engineering (4 Years, Bachelor of Technology)",AI,EWS,Female-only (including Supernumerary),4068,4608
Indian Institute of Information Technology (IIIT) Pune,"Computer Science and Engineering (4 Years, Bachelor of Technology)",AI,EWS (PwD),Gender-Neutral,247,247
Indian Institute of Information Technology (IIIT) Pune,"Computer Science and Engineering (4 Years, Bachelor of Technology)",AI,OBC-NCL,Gender-Neutral,4449,7985
Indian Institute of Information Technology (IIIT) Pune,"Computer Science and Engineering (4 Years, Bachelor of Technology)",AI,OBC-NCL,Female-only (including Supernumerary),8888,11342
Indian Institute of Information Technology (IIIT) Pune,"Computer Science and Engineering (4 Years, Bachelor of Technology)",AI,OBC-NCL (PwD),Gender-Neutral,665,773
Indian Institute of Information Technology (IIIT) Pune,"Computer Science and Engineering (4 Years, Bachelor of Technology)",AI,OBC-NCL (PwD),Female-only (including Supernumerary),454,454
Indian Institute of Information Technology (IIIT) Pune,"Computer Science and Engineering (4 Years, Bachelor of Technology)",AI,SC,Gender-Neutral,2845,5476
Indian Institute of Information Technology (IIIT) Pune,"Computer Science and Engineering (4 Years, Bachelor of Technology)",AI,SC,Female-only (including Supernumerary),4061,5883
Indian Institute of Information Technology (IIIT) Pune,"Computer Science and Engineering (4 Years, Bachelor of Technology)",AI,SC (PwD),Gender-Neutral,93,129
Indian Institute of Information Technology (IIIT) Pune,"Computer Science and Engineering (4 Years, Bachelor of Technology)",AI,ST,Gender-Neutral,2019,2905
Indian Institute of Information Technology (IIIT) Pune,"Computer Science and Engineering (4 Years, Bachelor of Technology)",AI,ST,Female-only (including Supernumerary),1906,2311
Indian Institute of Information Technology (IIIT) Pune,"Electronics and Communication Engineering (4 Years, Bachelor of Technology)",AI,OPEN,Gender-Neutral,17155,22733
Indian Institute of Information Technology (IIIT) Pune,"Electronics and Communication Engineering (4 Years, Bachelor of Technology)",AI,OPEN,Female-only (including Supernumerary),25571,30045
Indian Institute of Information Technology (IIIT) Pune,"Electronics and Communication Engineering (4 Years, Bachelor of Technology)",AI,OPEN (PwD),Gender-Neutral,973,1068
Indian Institute of Information Technology (IIIT) Pune,"Electronics and Communication Engineering (4 Years, Bachelor of Technology)",AI,EWS,Gender-Neutral,3568,4019
Indian Institute of Information Technology (IIIT) Pune,"Electronics and Communication Engineering (4 Years, Bachelor of Technology)",AI,EWS,Female-only (including Supernumerary),5155,5445
Indian Institute of Information Technology (IIIT) Pune,"Electronics and Communication Engineering (4 Years, Bachelor of Technology)",AI,OBC-NCL,Gender-Neutral,8044,10916
Indian Institute of Information Technology (IIIT) Pune,"Electronics and Communication Engineering (4 Years, Bachelor of Technology)",AI,OBC-NCL,Female-only (including Supernumerary),12232,14550
Indian Institute of Information Technology (IIIT) Pune,"Electronics and Communication Engineering (4 Years, Bachelor of Technology)",AI,OBC-NCL (PwD),Gender-Neutral,925,925
Indian Institute of Information Technology (IIIT) Pune,"Electronics and Communication Engineering (4 Years, Bachelor of Technology)",AI,SC,Gender-Neutral,5558,7837
Indian Institute of Information Technology (IIIT) Pune,"Electronics and Communication Engineering (4 Years, Bachelor of Technology)",AI,SC,Female-only (including Supernumerary),8403,8827
Indian Institute of Information Technology (IIIT) Pune,"Electronics and Communication Engineering (4 Years, Bachelor of Technology)",AI,ST,Gender-Neutral,2587,3346
Indian Institute of Information Technology (IIIT) Pune,"Electronics and Communication Engineering (4 Years, Bachelor of Technology)",AI,ST,Female-only (including Supernumerary),3394,3394
Indian Institute of Information Technology Bhagalpur,"Computer Science and Engineering (4 Years, Bachelor of Technology)",AI,OPEN,Gender-Neutral,24375,37010
Indian Institute of Information Technology Bhagalpur,"Computer Science and Engineering (4 Years, Bachelor of Technology)",AI,OPEN,Female-only (including Supernumerary),32777,40603
Indian Institute of Information Technology Bhagalpur,"Computer Science and Engineering (4 Years, Bachelor of Technology)",AI,EWS,Gender-Neutral,5969,6487
Indian Institute of Information Technology Bhagalpur,"Computer Science and Engineering (4 Years, Bachelor of Technology)",AI,EWS,Female-only (including Supernumerary),6645,6786
Indian Institute of Information Technology Bhagalpur,"Computer Science and Engineering (4 Years, Bachelor of Technology)",AI,OBC-NCL,Gender-Neutral,11807,15196
Indian Institute of Information Technology Bhagalpur,"Computer Science and Engineering (4 Years, Bachelor of Technology)",AI,OBC-NCL,Female-only (including Supernumerary),13124,17427
Indian Institute of Information Technology Bhagalpur,"Computer Science and Engineering (4 Years, Bachelor of Technology)",AI,SC,Gender-Neutral,5416,9090
Indian Institute of Information Technology Bhagalpur,"Computer Science and Engineering (4 Years, Bachelor of Technology)",AI,SC,Female-only (including Supernumerary),8195,9129
Indian Institute of Information Technology Bhagalpur,"Computer Science and Engineering (4 Years, Bachelor of Technology)",AI,ST,Gender-Neutral,3542,4905
Indian Institute of Information Technology Bhagalpur,"Computer Science and Engineering (4 Years, Bachelor of Technology)",AI,ST,Female-only (including Supernumerary),4662,4662
Indian Institute of Information Technology Bhagalpur,"Electronics and Communication Engineering (4 Years, Bachelor of Technology)",AI,OPEN,Gender-Neutral,37935,40879
Indian Institute of Information Technology Bhagalpur,"Electronics and Communication Engineering (4 Years, Bachelor of Technology)",AI,OPEN,Female-only (including Supernumerary),39570,41199
Indian Institute of Information Technology Bhagalpur,"Electronics and Communication Engineering (4 Years, Bachelor of Technology)",AI,EWS,Gender-Neutral,6705,6821
Indian Institute of Information Technology Bhagalpur,"Electronics and Communication Engineering (4 Years, Bachelor of Technology)",AI,EWS,Female-only (including Supernumerary),7668,7668
Indian Institute of Information Technology Bhagalpur,"Electronics and Communication Engineering (4 Years, Bachelor of Technology)",AI,OBC-NCL,Gender-Neutral,15379,16654
Indian Institute of Information Technology Bhagalpur,"Electronics and Communication Engineering (4 Years, Bachelor of Technology)",AI,OBC-NCL,Female-only (including Supernumerary),16492,16492
Indian Institute of Information Technology Bhagalpur,"Electronics and Communication Engineering (4 Years, Bachelor of Technology)",AI,SC,Gender-Neutral,9438,9990
Indian Institute of Information Technology Bhagalpur,"Electronics and Communication Engineering (4 Years, Bachelor of Technology)",AI,SC,Female-only (including Supernumerary),10406,11219
Indian Institute of Information Technology Bhagalpur,"Electronics and Communication Engineering (4 Years, Bachelor of Technology)",AI,ST,Gender-Neutral,4516,4974
Indian Institute of Information Technology Bhagalpur,"Electronics and Communication Engineering (4 Years, Bachelor of Technology)",AI,ST,Female-only (including Supernumerary),4931,4931
Indian Institute of Information Technology Bhagalpur,"Mathematics and Computing (4 Years, Bachelor of Technology)",AI,OPEN,Gender-Neutral,22083,37811
Indian Institute of Information Technology Bhagalpur,"Mathematics and Computing (4 Years, Bachelor of Technology)",AI,EWS,Gender-Neutral,6423,6423
Indian Institute of Information Technology Bhagalpur,"Mathematics and Computing (4 Years, Bachelor of Technology)",AI,EWS,Female-only (including Supernumerary),7698,7698
Indian Institute of Information Technology Bhagalpur,"Mathematics and Computing (4 Years, Bachelor of Technology)",AI,OBC-NCL,Gender-Neutral,15311,16189
Indian Institute of Information Technology Bhagalpur,"Mathematics and Computing (4 Years, Bachelor of Technology)",AI,OBC-NCL,Female-only (including Supernumerary),17805,17805
Indian Institute of Information Technology Bhagalpur,"Mathematics and Computing (4 Years, Bachelor of Technology)",AI,SC,Gender-Neutral,6856,10021
Indian Institute of Information Technology Bhagalpur,"Mathematics and Computing (4 Years, Bachelor of Technology)",AI,ST,Gender-Neutral,4652,4987
Indian Institute of Information Technology Bhagalpur,"Mathematics and Computing (4 Years, Bachelor of Technology)",AI,ST,Female-only (including Supernumerary),5003,5003
Indian Institute of Information Technology Bhagalpur,"Mechatronics and Automation Engineering (4 Years, Bachelor of Technology)",AI,OPEN,Gender-Neutral,19718,45334
Indian Institute of Information Technology Bhagalpur,"Mechatronics and Automation Engineering (4 Years, Bachelor of Technology)",AI,OPEN,Female-only (including Supernumerary),42319,45233
Indian Institute of Information Technology Bhagalpur,"Mechatronics and Automation Engineering (4 Years, Bachelor of Technology)",AI,EWS,Gender-Neutral,7339,7604
Indian Institute of Information Technology Bhagalpur,"Mechatronics and Automation Engineering (4 Years, Bachelor of Technology)",AI,EWS,Female-only (including Supernumerary),8329,8329
Indian Institute of Information Technology Bhagalpur,"Mechatronics and Automation Engineering (4 Years, Bachelor of Technology)",AI,OBC-NCL,Gender-Neutral,16742,17728
Indian Institute of Information Technology Bhagalpur,"Mechatronics and Automation Engineering (4 Years, Bachelor of Technology)",AI,OBC-NCL,Female-only (including Supernumerary),20225,21609
Indian Institute of Information Technology Bhagalpur,"Mechatronics and Automation Engineering (4 Years, Bachelor of Technology)",AI,SC,Gender-Neutral,10152,10438
Indian Institute of Information Technology Bhagalpur,"Mechatronics and Automation Engineering (4 Years, Bachelor of Technology)",AI,SC,Female-only (including Supernumerary),11213,11213
Indian Institute of Information Technology Bhagalpur,"Mechatronics and Automation Engineering (4 Years, Bachelor of Technology)",AI,ST,Gender-Neutral,4027,5139
Indian Institute of Information Technology Bhopal,"Computer Science and Engineering (4 Years, Bachelor of Technology)",AI,OPEN,Gender-Neutral,14339,23305
Indian Institute of Information Technology Bhopal,"Computer Science and Engineering (4 Years, Bachelor of Technology)",AI,OPEN (PwD),Gender-Neutral,1111,1581
Indian Institute of Information Technology Bhopal,"Computer Science and Engineering (4 Years, Bachelor of Technology)",AI,EWS,Gender-Neutral,3748,4368
Indian Institute of Information Technology Bhopal,"Computer Science and Engineering (4 Years, Bachelor of Technology)",AI,OBC-NCL,Gender-Neutral,6771,10797
Indian Institute of Information Technology Bhopal,"Computer Science and Engineering (4 Years, Bachelor of Technology)",AI,OBC-NCL (PwD),Gender-Neutral,725,755
Indian Institute of Information Technology Bhopal,"Computer Science and Engineering (4 Years, Bachelor of Technology)",AI,SC,Gender-Neutral,4374,6708
Indian Institute of Information Technology Bhopal,"Computer Science and Engineering (4 Years, Bachelor of Technology)",AI,ST,Gender-Neutral,3159,3841
Indian Institute of Information Technology Bhopal,"Computer Science and Engineering (Artificial Intelligence) (4 Years, Bachelor of Technology)",AI,OPEN,Gender-Neutral,11406,21878
Indian Institute of Information Technology Bhopal,"Computer Science and Engineering (Artificial Intelligence) (4 Years, Bachelor of Technology)",AI,OPEN (PwD),Gender-Neutral,692,692
Indian Institute of Information Technology Bhopal,"Computer Science and Engineering (Artificial Intelligence) (4 Years, Bachelor of Technology)",AI,EWS,Gender-Neutral,3640,3704
Indian Institute of Information Technology Bhopal,"Computer Science and Engineering (Artificial Intelligence) (4 Years, Bachelor of Technology)",AI,EWS (PwD),Gender-Neutral,269,269
Indian Institute of Information Technology Bhopal,"Computer Science and Engineering (Artificial Intelligence) (4 Years, Bachelor of Technology)",AI,OBC-NCL,Gender-Neutral,7573,10421
Indian Institute of Information Technology Bhopal,"Computer Science and Engineering (Artificial Intelligence) (4 Years, Bachelor of Technology)",AI,SC,Gender-Neutral,5420,5954
Indian Institute of Information Technology Bhopal,"Computer Science and Engineering (Artificial Intelligence) (4 Years, Bachelor of Technology)",AI,ST,Gender-Neutral,3068,3097
Indian Institute of Information Technology Bhopal,"Computer Science and Engineering (Cyber Physical System) (4 Years, Bachelor of Technology)",AI,OPEN,Gender-Neutral,24564,28502
Indian Institute of Information Technology Bhopal,"Computer Science and Engineering (Cyber Physical System) (4 Years, Bachelor of Technology)",AI,EWS,Gender-Neutral,4551,4947
Indian Institute of Information Technology Bhopal,"Computer Science and Engineering (Cyber Physical System) (4 Years, Bachelor of Technology)",AI,OBC-NCL,Gender-Neutral,10835,11911
Indian Institute of Information Technology Bhopal,"Computer Science and Engineering (Cyber Physical System) (4 Years, Bachelor of Technology)",AI,SC,Gender-Neutral,5646,7342
Indian Institute of Information Technology Bhopal,"Computer Science and Engineering (Cyber Physical System) (4 Years, Bachelor of Technology)",AI,ST,Gender-Neutral,3915,3996
Indian Institute of Information Technology Bhopal,"Computer Science and Engineering (Cyber Security) (4 Years, Bachelor of Technology)",AI,OPEN,Gender-Neutral,16823,24677
Indian Institute of Information Technology Bhopal,"Computer Science and Engineering (Cyber Security) (4 Years, Bachelor of Technology)",AI,EWS,Gender-Neutral,4248,4582
Indian Institute of Information Technology Bhopal,"Computer Science and Engineering (Cyber Security) (4 Years, Bachelor of Technology)",AI,OBC-NCL,Gender-Neutral,7138,11073
Indian Institute of Information Technology Bhopal,"Computer Science and Engineering (Cyber Security) (4 Years, Bachelor of Technology)",AI,OBC-NCL (PwD),Gender-Neutral,983,983
Indian Institute of Information Technology Bhopal,"Computer Science and Engineering (Cyber Security) (4 Years, Bachelor of Technology)",AI,SC,Gender-Neutral,6416,6873
Indian Institute of Information Technology Bhopal,"Computer Science and Engineering (Cyber Security) (4 Years, Bachelor of Technology)",AI,ST,Gender-Neutral,3759,3997
Indian Institute of Information Technology Bhopal,"Computer Science and Engineering (Data Science) (4 Years, Bachelor of Technology)",AI,OPEN,Gender-Neutral,12196,22017
Indian Institute of Information Technology Bhopal,"Computer Science and Engineering (Data Science) (4 Years, Bachelor of Technology)",AI,OPEN (PwD),Gender-Neutral,903,903
Indian Institute of Information Technology Bhopal,"Computer Science and Engineering (Data Science) (4 Years, Bachelor of Technology)",AI,EWS,Gender-Neutral,3452,3784
Indian Institute of Information Technology Bhopal,"Computer Science and Engineering (Data Science) (4 Years, Bachelor of Technology)",AI,OBC-NCL,Gender-Neutral,7241,10316
Indian Institute of Information Technology Bhopal,"Computer Science and Engineering (Data Science) (4 Years, Bachelor of Technology)",AI,SC,Gender-Neutral,3604,5621
Indian Institute of Information Technology Bhopal,"Computer Science and Engineering (Data Science) (4 Years, Bachelor of Technology)",AI,ST,Gender-Neutral,2612,2816
Indian Institute of Information Technology Bhopal,"Electronics and Communication Engineering (4 Years, Bachelor of Technology)",AI,OPEN,Gender-Neutral,20535,33296
Indian Institute of Information Technology Bhopal,"Electronics and Communication Engineering (4 Years, Bachelor of Technology)",AI,OPEN (PwD),Gender-Neutral,2648,2844
Indian Institute of Information Technology Bhopal,"Electronics and Communication Engineering (4 Years, Bachelor of Technology)",AI,EWS,Gender-Neutral,5428,5889
Indian Institute of Information Technology Bhopal,"Electronics and Communication Engineering (4 Years, Bachelor of Technology)",AI,OBC-NCL,Gender-Neutral,10132,14255
Indian Institute of Information Technology Bhopal,"Electronics and Communication Engineering (4 Years, Bachelor of Technology)",AI,OBC-NCL (PwD),Gender-Neutral,1648,1648
Indian Institute of Information Technology Bhopal,"Electronics and Communication Engineering (4 Years, Bachelor of Technology)",AI,SC,Gender-Neutral,7232,8851
Indian Institute of Information Technology Bhopal,"Electronics and Communication Engineering (4 Years, Bachelor of Technology)",AI,ST,Gender-Neutral,2766,4632
Indian Institute of Information Technology Bhopal,"Information Technology (4 Years, Bachelor of Technology)",AI,OPEN,Gender-Neutral,15057,27958
Indian Institute of Information Technology Bhopal,"Information Technology (4 Years, Bachelor of Technology)",AI,OPEN (PwD),Gender-Neutral,1531,1726
Indian Institute of Information Technology Bhopal,"Information Technology (4 Years, Bachelor of Technology)",AI,EWS,Gender-Neutral,4494,5099
Indian Institute of Information Technology Bhopal,"Information Technology (4 Years, Bachelor of Technology)",AI,OBC-NCL,Gender-Neutral,9161,12164
Indian Institute of Information Technology Bhopal,"Information Technology (4 Years, Bachelor of Technology)",AI,OBC-NCL (PwD),Gender-Neutral,775,811
Indian Institute of Information Technology Bhopal,"Information Technology (4 Years, Bachelor of Technology)",AI,SC,Gender-Neutral,6198,7949
Indian Institute of Information Technology Bhopal,"Information Technology (4 Years, Bachelor of Technology)",AI,ST,Gender-Neutral,2688,4354
Indian Institute of Information Technology Surat,"Computer Science and Engineering (4 Years, Bachelor of Technology)",AI,OPEN,Gender-Neutral,12117,23136
Indian Institute of Information Technology Surat,"Computer Science and Engineering (4 Years, Bachelor of Technology)",AI,OPEN,Female-only (including Supernumerary),28828,32078
Indian Institute of Information Technology Surat,"Computer Science and Engineering (4 Years, Bachelor of Technology)",AI,OPEN (PwD),Gender-Neutral,971,1644
Indian Institute of Information Technology Surat,"Computer Science and Engineering (4 Years, Bachelor of Technology)",AI,EWS,Gender-Neutral,3722,4218
Indian Institute of Information Technology Surat,"Computer Science and Engineering (4 Years, Bachelor of Technology)",AI,EWS,Female-only (including Supernumerary),5190,5269
Indian Institute of Information Technology Surat,"Computer Science and Engineering (4 Years, Bachelor of Technology)",AI,OBC-NCL,Gender-Neutral,8876,10871
Indian Institute of Information Technology Surat,"Computer Science and Engineering (4 Years, Bachelor of Technology)",AI,OBC-NCL,Female-only (including Supernumerary),12521,14791
Indian Institute of Information Technology Surat,"Computer Science and Engineering (4 Years, Bachelor of Technology)",AI,OBC-NCL (PwD),Gender-Neutral,846,846
Indian Institute of Information Technology Surat,"Computer Science and Engineering (4 Years, Bachelor of Technology)",AI,SC,Gender-Neutral,3175,7562
Indian Institute of Information Technology Surat,"Computer Science and Engineering (4 Years, Bachelor of Technology)",AI,SC,Female-only (including Supernumerary),8026,8505
Indian Institute of Information Technology Surat,"Computer Science and Engineering (4 Years, Bachelor of Technology)",AI,ST,Gender-Neutral,2114,3089
Indian Institute of Information Technology Surat,"Computer Science and Engineering (4 Years, Bachelor of Technology)",AI,ST,Female-only (including Supernumerary),3540,3540
Indian Institute of Information Technology Surat,"Electronics and Communication Engineering (4 Years, Bachelor of Technology)",AI,OPEN,Gender-Neutral,21650,31699
Indian Institute of Information Technology Surat,"Electronics and Communication Engineering (4 Years, Bachelor of Technology)",AI,OPEN,Female-only (including Supernumerary),32016,35500
Indian Institute of Information Technology Surat,"Electronics and Communication Engineering (4 Years, Bachelor of Technology)",AI,OPEN (PwD),Gender-Neutral,2399,2722
Indian Institute of Information Technology Surat,"Electronics and Communication Engineering (4 Years, Bachelor of Technology)",AI,EWS,Gender-Neutral,5249,6101
Indian Institute of Information Technology Surat,"Electronics and Communication Engineering (4 Years, Bachelor of Technology)",AI,EWS,Female-only (including Supernumerary),7177,7363
Indian Institute of Information Technology Surat,"Electronics and Communication Engineering (4 Years, Bachelor of Technology)",AI,OBC-NCL,Gender-Neutral,10936,14703
Indian Institute of Information Technology Surat,"Electronics and Communication Engineering (4 Years, Bachelor of Technology)",AI,OBC-NCL,Female-only (including Supernumerary),14977,16770
Indian Institute of Information Technology Surat,"Electronics and Communication Engineering (4 Years, Bachelor of Technology)",AI,OBC-NCL (PwD),Gender-Neutral,1608,1608
Indian Institute of Information Technology Surat,"Electronics and Communication Engineering (4 Years, Bachelor of Technology)",AI,SC,Gender-Neutral,5294,8782
Indian Institute of Information Technology Surat,"Electronics and Communication Engineering (4 Years, Bachelor of Technology)",AI,SC,Female-only (including Supernumerary),9166,9986
Indian Institute of Information Technology Surat,"Electronics and Communication Engineering (4 Years, Bachelor of Technology)",AI,ST,Gender-Neutral,2721,3755
Indian Institute of Information Technology Surat,"Electronics and Communication Engineering (4 Years, Bachelor of Technology)",AI,ST,Female-only (including Supernumerary),4558,4558
"Indian Institute of Information Technology, Agartala","Computer Science and Engineering (4 Years, Bachelor of Technology)",AI,OPEN,Gender-Neutral,23898,37788
"Indian Institute of Information Technology, Agartala","Computer Science and Engineering (4 Years, Bachelor of Technology)",AI,OPEN,Female-only (including Supernumerary),30606,42934
"Indian Institute of Information Technology, Agartala","Computer Science and Engineering (4 Years, Bachelor of Technology)",AI,EWS,Gender-Neutral,6079,6602
"Indian Institute of Information Technology, Agartala","Computer Science and Engineering (4 Years, Bachelor of Technology)",AI,EWS,Female-only (including Supernumerary),7848,7848
"Indian Institute of Information Technology, Agartala","Computer Science and Engineering (4 Years, Bachelor of Technology)",AI,OBC-NCL,Gender-Neutral,12044,15595
"Indian Institute of Information Technology, Agartala","Computer Science and Engineering (4 Years, Bachelor of Technology)",AI,OBC-NCL,Female-only (including Supernumerary),18037,19007
"Indian Institute of Information Technology, Agartala","Computer Science and Engineering (4 Years, Bachelor of Technology)",AI,SC,Gender-Neutral,4576,9014
"Indian Institute of Information Technology, Agartala","Computer Science and Engineering (4 Years, Bachelor of Technology)",AI,SC,Female-only (including Supernumerary),9794,11310
"Indian Institute of Information Technology, Agartala","Computer Science and Engineering (4 Years, Bachelor of Technology)",AI,ST,Gender-Neutral,3557,4278
"Indian Institute of Information Technology, Agartala","Computer Science and Engineering (4 Years, Bachelor of Technology)",AI,ST,Female-only (including Supernumerary),4749,4749
"Indian institute of information technology, Raichur, Karnataka","Artificial Intelligence and Data Science (4 Years, Bachelor of Technology)",AI,OPEN,Gender-Neutral,15185,35446
"Indian institute of information technology, Raichur, Karnataka","Artificial Intelligence and Data Science (4 Years, Bachelor of Technology)",AI,OPEN,Female-only (including Supernumerary),38721,40444
"Indian institute of information technology, Raichur, Karnataka","Artificial Intelligence and Data Science (4 Years, Bachelor of Technology)",AI,OPEN (PwD),Gender-Neutral,1090,1719
"Indian institute of information technology, Raichur, Karnataka","Artificial Intelligence and Data Science (4 Years, Bachelor of Technology)",AI,EWS,Gender-Neutral,6048,6439
"Indian institute of information technology, Raichur, Karnataka","Artificial Intelligence and Data Science (4 Years, Bachelor of Technology)",AI,EWS,Female-only (including Supernumerary),6840,7471
"Indian institute of information technology, Raichur, Karnataka","Artificial Intelligence and Data Science (4 Years, Bachelor of Technology)",AI,OBC-NCL,Gender-Neutral,11531,15093
"Indian institute of information technology, Raichur, Karnataka","Artificial Intelligence and Data Science (4 Years, Bachelor of Technology)",AI,OBC-NCL,Female-only (including Supernumerary),15983,16798
"Indian institute of information technology, Raichur, Karnataka","Artificial Intelligence and Data Science (4 Years, Bachelor of Technology)",AI,OBC-NCL (PwD),Gender-Neutral,1237,1237
"Indian institute of information technology, Raichur, Karnataka","Artificial Intelligence and Data Science (4 Years, Bachelor of Technology)",AI,SC,Gender-Neutral,6707,9254
"Indian institute of information technology, Raichur, Karnataka","Artificial Intelligence and Data Science (4 Years, Bachelor of Technology)",AI,SC,Female-only (including Supernumerary),6690,6902
"Indian institute of information technology, Raichur, Karnataka","Artificial Intelligence and Data Science (4 Years, Bachelor of Technology)",AI,ST,Gender-Neutral,3306,3896
"Indian institute of information technology, Raichur, Karnataka","Artificial Intelligence and Data Science (4 Years, Bachelor of Technology)",AI,ST,Female-only (including Supernumerary),3727,3727
"Indian institute of information technology, Raichur, Karnataka","Computer Science and Engineering (4 Years, Bachelor of Technology)",AI,OPEN,Gender-Neutral,21174,32785
"Indian institute of information technology, Raichur, Karnataka","Computer Science and Engineering (4 Years, Bachelor of Technology)",AI,OPEN,Female-only (including Supernumerary),31894,38447
"Indian institute of information technology, Raichur, Karnataka","Computer Science and Engineering (4 Years, Bachelor of Technology)",AI,OPEN (PwD),Gender-Neutral,674,674
"Indian institute of information technology, Raichur, Karnataka","Computer Science and Engineering (4 Years, Bachelor of Technology)",AI,EWS,Gender-Neutral,5331,5474
"Indian institute of information technology, Raichur, Karnataka","Computer Science and Engineering (4 Years, Bachelor of Technology)",AI,EWS,Female-only (including Supernumerary),6233,6273
"Indian institute of information technology, Raichur, Karnataka","Computer Science and Engineering (4 Years, Bachelor of Technology)",AI,EWS (PwD),Gender-Neutral,230,230
"Indian institute of information technology, Raichur, Karnataka","Computer Science and Engineering (4 Years, Bachelor of Technology)",AI,OBC-NCL,Gender-Neutral,11332,13784
"Indian institute of information technology, Raichur, Karnataka","Computer Science and Engineering (4 Years, Bachelor of Technology)",AI,OBC-NCL,Female-only (including Supernumerary),12962,15948
"Indian institute of information technology, Raichur, Karnataka","Computer Science and Engineering (4 Years, Bachelor of Technology)",AI,OBC-NCL (PwD),Gender-Neutral,506,506
"Indian institute of information technology, Raichur, Karnataka","Computer Science and Engineering (4 Years, Bachelor of Technology)",AI,SC,Gender-Neutral,4887,8933
"Indian institute of information technology, Raichur, Karnataka","Computer Science and Engineering (4 Years, Bachelor of Technology)",AI,SC,Female-only (including Supernumerary),8342,8427
"Indian institute of information technology, Raichur, Karnataka","Computer Science and Engineering (4 Years, Bachelor of Technology)",AI,ST,Gender-Neutral,1954,3655
"Indian institute of information technology, Raichur, Karnataka","Computer Science and Engineering (4 Years, Bachelor of Technology)",AI,ST,Female-only (including Supernumerary),2997,2997
"Indian institute of information technology, Raichur, Karnataka","Mathematics and Computing (4 Years, Bachelor of Technology)",AI,OPEN,Gender-Neutral,25874,37248
"Indian institute of information technology, Raichur, Karnataka","Mathematics and Computing (4 Years, Bachelor of Technology)",AI,OPEN,Female-only (including Supernumerary),34619,40508
"Indian institute of information technology, Raichur, Karnataka","Mathematics and Computing (4 Years, Bachelor of Technology)",AI,OPEN (PwD),Gender-Neutral,1431,1431
"Indian institute of information technology, Raichur, Karnataka","Mathematics and Computing (4 Years, Bachelor of Technology)",AI,EWS,Gender-Neutral,6453,6747
"Indian institute of information technology, Raichur, Karnataka","Mathematics and Computing (4 Years, Bachelor of Technology)",AI,EWS,Female-only (including Supernumerary),7621,7621
"Indian institute of information technology, Raichur, Karnataka","Mathematics and Computing (4 Years, Bachelor of Technology)",AI,OBC-NCL,Gender-Neutral,12307,15834
"Indian institute of information technology, Raichur, Karnataka","Mathematics and Computing (4 Years, Bachelor of Technology)",AI,OBC-NCL,Female-only (including Supernumerary),16693,17292
"Indian institute of information technology, Raichur, Karnataka","Mathematics and Computing (4 Years, Bachelor of Technology)",AI,SC,Gender-Neutral,8333,10055
"Indian institute of information technology, Raichur, Karnataka","Mathematics and Computing (4 Years, Bachelor of Technology)",AI,SC,Female-only (including Supernumerary),10660,11471
"Indian institute of information technology, Raichur, Karnataka","Mathematics and Computing (4 Years, Bachelor of Technology)",AI,ST,Gender-Neutral,3696,3904
"Indian institute of information technology, Raichur, Karnataka","Mathematics and Computing (4 Years, Bachelor of Technology)",AI,ST,Female-only (including Supernumerary),4685,4685
"Indian Institute of Information Technology, Vadodara International Campus Diu (IIITVICD)","Computer Science and Engineering (4 Years, Bachelor of Technology)",AI,OPEN,Gender-Neutral,17310,30343
"Indian Institute of Information Technology, Vadodara International Campus Diu (IIITVICD)","Computer Science and Engineering (4 Years, Bachelor of Technology)",AI,OPEN,Female-only (including Supernumerary),33644,37804
"Indian Institute of Information Technology, Vadodara International Campus Diu (IIITVICD)","Computer Science and Engineering (4 Years, Bachelor of Technology)",AI,OPEN (PwD),Gender-Neutral,1924,2211
"Indian Institute of Information Technology, Vadodara International Campus Diu (IIITVICD)","Computer Science and Engineering (4 Years, Bachelor of Technology)",AI,OPEN (PwD),Female-only (including Supernumerary),2221,2221
"Indian Institute of Information Technology, Vadodara International Campus Diu (IIITVICD)","Computer Science and Engineering (4 Years, Bachelor of Technology)",AI,EWS,Gender-Neutral,4909,5354
"Indian Institute of Information Technology, Vadodara International Campus Diu (IIITVICD)","Computer Science and Engineering (4 Years, Bachelor of Technology)",AI,EWS,Female-only (including Supernumerary),6850,7291
"Indian Institute of Information Technology, Vadodara International Campus Diu (IIITVICD)","Computer Science and Engineering (4 Years, Bachelor of Technology)",AI,OBC-NCL,Gender-Neutral,8672,14723
"Indian Institute of Information Technology, Vadodara International Campus Diu (IIITVICD)","Computer Science and Engineering (4 Years, Bachelor of Technology)",AI,OBC-NCL,Female-only (including Supernumerary),15567,17907
"Indian Institute of Information Technology, Vadodara International Campus Diu (IIITVICD)","Computer Science and Engineering (4 Years, Bachelor of Technology)",AI,OBC-NCL (PwD),Gender-Neutral,1077,1077
"Indian Institute of Information Technology, Vadodara International Campus Diu (IIITVICD)","Computer Science and Engineering (4 Years, Bachelor of Technology)",AI,SC,Gender-Neutral,4212,9163
"Indian Institute of Information Technology, Vadodara International Campus Diu (IIITVICD)","Computer Science and Engineering (4 Years, Bachelor of Technology)",AI,SC,Female-only (including Supernumerary),8542,10777
"Indian Institute of Information Technology, Vadodara International Campus Diu (IIITVICD)","Computer Science and Engineering (4 Years, Bachelor of Technology)",AI,ST,Gender-Neutral,3469,4568
"Indian Institute of Information Technology, Vadodara International Campus Diu (IIITVICD)","Computer Science and Engineering (4 Years, Bachelor of Technology)",AI,ST,Female-only (including Supernumerary),4099,4099
"Assam University, Silchar","Agricultural Engineering (4 Years, Bachelor of Technology)",AI,OPEN,Gender-Neutral,57699,72331
"Assam University, Silchar","Agricultural Engineering (4 Years, Bachelor of Technology)",AI,OPEN,Female-only (including Supernumerary),66731,66731
"Assam University, Silchar","Agricultural Engineering (4 Years, Bachelor of Technology)",AI,EWS,Gender-Neutral,12126,13730
"Assam University, Silchar","Agricultural Engineering (4 Years, Bachelor of Technology)",AI,OBC-NCL,Gender-Neutral,23145,27405
"Assam University, Silchar","Agricultural Engineering (4 Years, Bachelor of Technology)",AI,OBC-NCL,Female-only (including Supernumerary),25124,25124
"Assam University, Silchar","Agricultural Engineering (4 Years, Bachelor of Technology)",AI,SC,Gender-Neutral,10159,11897
"Assam University, Silchar","Agricultural Engineering (4 Years, Bachelor of Technology)",AI,ST,Gender-Neutral,5504,5529
"Assam University, Silchar","Agricultural Engineering (4 Years, Bachelor of Technology)",HS,OPEN,Gender-Neutral,129172,233102
"Assam University, Silchar","Agricultural Engineering (4 Years, Bachelor of Technology)",HS,OPEN,Female-only (including Supernumerary),134705,134705
"Assam University, Silchar","Agricultural Engineering (4 Years, Bachelor of Technology)",HS,EWS,Gender-Neutral,37659,40384
"Assam University, Silchar","Agricultural Engineering (4 Years, Bachelor of Technology)",HS,OBC-NCL,Gender-Neutral,88617,109630
"Assam University, Silchar","Agricultural Engineering (4 Years, Bachelor of Technology)",HS,OBC-NCL,Female-only (including Supernumerary),97172,97172
"Assam University, Silchar","Agricultural Engineering (4 Years, Bachelor of Technology)",HS,SC,Gender-Neutral,21045,25710
"Assam University, Silchar","Agricultural Engineering (4 Years, Bachelor of Technology)",HS,SC,Female-only (including Supernumerary),20184,20184
"Assam University, Silchar","Agricultural Engineering (4 Years, Bachelor of Technology)",HS,ST,Gender-Neutral,6721,7509
"Assam University, Silchar","Computer Science and Engineering (4 Years, Bachelor of Technology)",AI,OPEN,Gender-Neutral,36208,46675
"Assam University, Silchar","Computer Science and Engineering (4 Years, Bachelor of Technology)",AI,OPEN,Female-only (including Supernumerary),45992,45992
"Assam University, Silchar","Computer Science and Engineering (4 Years, Bachelor of Technology)",AI,OPEN (PwD),Gender-Neutral,3213,3213
"Assam University, Silchar","Computer Science and Engineering (4 Years, Bachelor of Technology)",AI,EWS,Gender-Neutral,7728,8451
"Assam University, Silchar","Computer Science and Engineering (4 Years, Bachelor of Technology)",AI,OBC-NCL,Gender-Neutral,17774,18966
"Assam University, Silchar","Computer Science and Engineering (4 Years, Bachelor of Technology)",AI,OBC-NCL,Female-only (including Supernumerary),16318,16318
"Assam University, Silchar","Computer Science and Engineering (4 Years, Bachelor of Technology)",AI,SC,Gender-Neutral,8748,10342
"Assam University, Silchar","Computer Science and Engineering (4 Years, Bachelor of Technology)",AI,ST,Gender-Neutral,948,3587
"Assam University, Silchar","Computer Science and Engineering (4 Years, Bachelor of Technology)",HS,OPEN,Gender-Neutral,71669,96305
"Assam University, Silchar","Computer Science and Engineering (4 Years, Bachelor of Technology)",HS,OPEN,Female-only (including Supernumerary),55594,55594
"Assam University, Silchar","Computer Science and Engineering (4 Years, Bachelor of Technology)",HS,OPEN (PwD),Gender-Neutral,3505,3505
"Assam University, Silchar","Computer Science and Engineering (4 Years, Bachelor of Technology)",HS,EWS,Gender-Neutral,18040,20014
"Assam University, Silchar","Computer Science and Engineering (4 Years, Bachelor of Technology)",HS,OBC-NCL,Gender-Neutral,40817,54011
"Assam University, Silchar","Computer Science and Engineering (4 Years, Bachelor of Technology)",HS,OBC-NCL,Female-only (including Supernumerary),68589,68589
"Assam University, Silchar","Computer Science and Engineering (4 Years, Bachelor of Technology)",HS,SC,Gender-Neutral,11271,16105
"Assam University, Silchar","Computer Science and Engineering (4 Years, Bachelor of Technology)",HS,SC,Female-only (including Supernumerary),16723,16723
"Assam University, Silchar","Computer Science and Engineering (4 Years, Bachelor of Technology)",HS,ST,Gender-Neutral,4280,4500
"Assam University, Silchar","Electronics and Communication Engineering (4 Years, Bachelor of Technology)",AI,OPEN,Gender-Neutral,49306,55057
"Assam University, Silchar","Electronics and Communication Engineering (4 Years, Bachelor of Technology)",AI,OPEN,Female-only (including Supernumerary),56760,56760
"Assam University, Silchar","Electronics and Communication Engineering (4 Years, Bachelor of Technology)",AI,EWS,Gender-Neutral,8962,9546
"Assam University, Silchar","Electronics and Communication Engineering (4 Years, Bachelor of Technology)",AI,OBC-NCL,Gender-Neutral,16743,20559
"Assam University, Silchar","Electronics and Communication Engineering (4 Years, Bachelor of Technology)",AI,OBC-NCL,Female-only (including Supernumerary),23076,23076
"Assam University, Silchar","Electronics and Communication Engineering (4 Years, Bachelor of Technology)",AI,SC,Gender-Neutral,10231,10900
"Assam University, Silchar","Electronics and Communication Engineering (4 Years, Bachelor of Technology)",AI,ST,Gender-Neutral,3662,4260
"Assam University, Silchar","Electronics and Communication Engineering (4 Years, Bachelor of Technology)",HS,OPEN,Gender-Neutral,95469,123822
"Assam University, Silchar","Electronics and Communication Engineering (4 Years, Bachelor of Technology)",HS,OPEN,Female-only (including Supernumerary),114979,114979
"Assam University, Silchar","Electronics and Communication Engineering (4 Years, Bachelor of Technology)",HS,EWS,Gender-Neutral,21973,24543
"Assam University, Silchar","Electronics and Communication Engineering (4 Years, Bachelor of Technology)",HS,OBC-NCL,Gender-Neutral,55437,68473
"Assam University, Silchar","Electronics and Communication Engineering (4 Years, Bachelor of Technology)",HS,OBC-NCL,Female-only (including Supernumerary),79757,79757
"Assam University, Silchar","Electronics and Communication Engineering (4 Years, Bachelor of Technology)",HS,SC,Gender-Neutral,16927,19772
"Assam University, Silchar","Electronics and Communication Engineering (4 Years, Bachelor of Technology)",HS,SC,Female-only (including Supernumerary),17430,17430
"Assam University, Silchar","Electronics and Communication Engineering (4 Years, Bachelor of Technology)",HS,ST,Gender-Neutral,5944,6665
"Birla Institute of Technology, Mesra, Ranchi","Architecture (5 Years, Bachelor of Architecture)",AI,OPEN,Gender-Neutral,785,1528
"Birla Institute of Technology, Mesra, Ranchi","Architecture (5 Years, Bachelor of Architecture)",AI,EWS,Gender-Neutral,424,665
"Birla Institute of Technology, Mesra, Ranchi","Architecture (5 Years, Bachelor of Architecture)",AI,OBC-NCL,Gender-Neutral,597,917
"Birla Institute of Technology, Mesra, Ranchi","Architecture (5 Years, Bachelor of Architecture)",AI,SC,Gender-Neutral,351,431
"Birla Institute of Technology, Mesra, Ranchi","Architecture (5 Years, Bachelor of Architecture)",AI,ST,Gender-Neutral,169,215
"Birla Institute of Technology, Mesra, Ranchi","Architecture (5 Years, Bachelor of Architecture)",HS,OPEN,Gender-Neutral,1948,9022
"Birla Institute of Technology, Mesra, Ranchi","Architecture (5 Years, Bachelor of Architecture)",HS,EWS,Gender-Neutral,6218,6218
"Birla Institute of Technology, Mesra, Ranchi","Architecture (5 Years, Bachelor of Architecture)",HS,SC,Gender-Neutral,3588,3677
"Birla Institute of Technology, Mesra, Ranchi","Artificial Intelligence and Machine Learning (4 Years, Bachelor of Technology)",AI,OPEN,Gender-Neutral,15530,18137
"Birla Institute of Technology, Mesra, Ranchi","Artificial Intelligence and Machine Learning (4 Years, Bachelor of Technology)",AI,OPEN,Female-only (including Supernumerary),24376,26305
"Birla Institute of Technology, Mesra, Ranchi","Artificial Intelligence and Machine Learning (4 Years, Bachelor of Technology)",AI,OPEN (PwD),Gender-Neutral,1263,1263
"Birla Institute of Technology, Mesra, Ranchi","Artificial Intelligence and Machine Learning (4 Years, Bachelor of Technology)",AI,EWS,Gender-Neutral,3116,3374
"Birla Institute of Technology, Mesra, Ranchi","Artificial Intelligence and Machine Learning (4 Years, Bachelor of Technology)",AI,OBC-NCL,Gender-Neutral,8324,8649
"Birla Institute of Technology, Mesra, Ranchi","Artificial Intelligence and Machine Learning (4 Years, Bachelor of Technology)",AI,SC,Gender-Neutral,3996,5487
"Birla Institute of Technology, Mesra, Ranchi","Artificial Intelligence and Machine Learning (4 Years, Bachelor of Technology)",AI,ST,Gender-Neutral,2982,3401
"Birla Institute of Technology, Mesra, Ranchi","Artificial Intelligence and Machine Learning (4 Years, Bachelor of Technology)",HS,OPEN,Gender-Neutral,30213,32648
"Birla Institute of Technology, Mesra, Ranchi","Artificial Intelligence and Machine Learning (4 Years, Bachelor of Technology)",HS,OPEN,Female-only (including Supernumerary),42917,50188
"Birla Institute of Technology, Mesra, Ranchi","Artificial Intelligence and Machine Learning (4 Years, Bachelor of Technology)",HS,EWS,Gender-Neutral,8190,8278
"Birla Institute of Technology, Mesra, Ranchi","Artificial Intelligence and Machine Learning (4 Years, Bachelor of Technology)",HS,SC,Gender-Neutral,7782,11295
"Birla Institute of Technology, Mesra, Ranchi","Artificial Intelligence and Machine Learning (4 Years, Bachelor of Technology)",HS,ST,Gender-Neutral,7462,8510
"Birla Institute of Technology, Mesra, Ranchi","Bio Technology (4 Years, Bachelor of Technology)",AI,OPEN,Gender-Neutral,51528,55914
"Birla Institute of Technology, Mesra, Ranchi","Bio Technology (4 Years, Bachelor of Technology)",AI,OPEN,Female-only (including Supernumerary),56005,56005
"Birla Institute of Technology, Mesra, Ranchi","Bio Technology (4 Years, Bachelor of Technology)",AI,OPEN (PwD),Gender-Neutral,4107,4107
"Birla Institute of Technology, Mesra, Ranchi","Bio Technology (4 Years, Bachelor of Technology)",AI,EWS,Gender-Neutral,9410,9416
"Birla Institute of Technology, Mesra, Ranchi","Bio Technology (4 Years, Bachelor of Technology)",AI,OBC-NCL,Gender-Neutral,17998,19014
"Birla Institute of Technology, Mesra, Ranchi","Bio Technology (4 Years, Bachelor of Technology)",AI,SC,Gender-Neutral,9545,11255
"Birla Institute of Technology, Mesra, Ranchi","Bio Technology (4 Years, Bachelor of Technology)",AI,ST,Gender-Neutral,5217,5217
"Birla Institute of Technology, Mesra, Ranchi","Bio Technology (4 Years, Bachelor of Technology)",HS,OPEN,Gender-Neutral,82385,91376
"Birla Institute of Technology, Mesra, Ranchi","Bio Technology (4 Years, Bachelor of Technology)",HS,OPEN,Female-only (including Supernumerary),75883,103780
"Birla Institute of Technology, Mesra, Ranchi","Bio Technology (4 Years, Bachelor of Technology)",HS,EWS,Gender-Neutral,17978,21535
"Birla Institute of Technology, Mesra, Ranchi","Bio Technology (4 Years, Bachelor of Technology)",HS,SC,Gender-Neutral,18066,21374
"Birla Institute of Technology, Mesra, Ranchi","Bio Technology (4 Years, Bachelor of Technology)",HS,ST,Gender-Neutral,8782,23727
"Birla Institute of Technology, Mesra, Ranchi","Chemical Engineering (4 Years, Bachelor of Technology)",AI,OPEN,Gender-Neutral,39389,47817
"Birla Institute of Technology, Mesra, Ranchi","Chemical Engineering (4 Years, Bachelor of Technology)",AI,OPEN,Female-only (including Supernumerary),41881,53667
"Birla Institute of Technology, Mesra, Ranchi","Chemical Engineering (4 Years, Bachelor of Technology)",AI,OPEN (PwD),Gender-Neutral,3436,3436
"Birla Institute of Technology, Mesra, Ranchi","Chemical Engineering (4 Years, Bachelor of Technology)",AI,EWS,Gender-Neutral,7853,8431
"Birla Institute of Technology, Mesra, Ranchi","Chemical Engineering (4 Years, Bachelor of Technology)",AI,OBC-NCL,Gender-Neutral,15871,19046
"Birla Institute of Technology, Mesra, Ranchi","Chemical Engineering (4 Years, Bachelor of Technology)",AI,SC,Gender-Neutral,5195,11139
"Birla Institute of Technology, Mesra, Ranchi","Chemical Engineering (4 Years, Bachelor of Technology)",AI,ST,Gender-Neutral,4894,5622
"Birla Institute of Technology, Mesra, Ranchi","Chemical Engineering (4 Years, Bachelor of Technology)",HS,OPEN,Gender-Neutral,55520,81587
"Birla Institute of Technology, Mesra, Ranchi","Chemical Engineering (4 Years, Bachelor of Technology)",HS,OPEN,Female-only (including Supernumerary),74966,86118
"Birla Institute of Technology, Mesra, Ranchi","Chemical Engineering (4 Years, Bachelor of Technology)",HS,EWS,Gender-Neutral,13467,15939
"Birla Institute of Technology, Mesra, Ranchi","Chemical Engineering (4 Years, Bachelor of Technology)",HS,SC,Gender-Neutral,19733,23614
"Birla Institute of Technology, Mesra, Ranchi","Chemical Engineering (4 Years, Bachelor of Technology)",HS,ST,Gender-Neutral,10592,20337
"Birla Institute of Technology, Mesra, Ranchi","Civil Engineering (4 Years, Bachelor of Technology)",AI,OPEN,Gender-Neutral,24167,49978
"Birla Institute of Technology, Mesra, Ranchi","Civil Engineering (4 Years, Bachelor of Technology)",AI,OPEN,Female-only (including Supernumerary),49272,57562
"Birla Institute of Technology, Mesra, Ranchi","Civil Engineering (4 Years, Bachelor of Technology)",AI,OPEN (PwD),Gender-Neutral,4021,4021
"Birla Institute of Technology, Mesra, Ranchi","Civil Engineering (4 Years, Bachelor of Technology)",AI,EWS,Gender-Neutral,8253,8744
"Birla Institute of Technology, Mesra, Ranchi","Civil Engineering (4 Years, Bachelor of Technology)",AI,OBC-NCL,Gender-Neutral,17793,18688
"Birla Institute of Technology, Mesra, Ranchi","Civil Engineering (4 Years, Bachelor of Technology)",AI,SC,Gender-Neutral,8960,10612
"Birla Institute of Technology, Mesra, Ranchi","Civil Engineering (4 Years, Bachelor of Technology)",AI,ST,Gender-Neutral,3225,4233
"Birla Institute of Technology, Mesra, Ranchi","Civil Engineering (4 Years, Bachelor of Technology)",HS,OPEN,Gender-Neutral,53882,75023
"Birla Institute of Technology, Mesra, Ranchi","Civil Engineering (4 Years, Bachelor of Technology)",HS,OPEN,Female-only (including Supernumerary),87225,93314
"Birla Institute of Technology, Mesra, Ranchi","Civil Engineering (4 Years, Bachelor of Technology)",HS,EWS,Gender-Neutral,13333,13358
"Birla Institute of Technology, Mesra, Ranchi","Civil Engineering (4 Years, Bachelor of Technology)",HS,SC,Gender-Neutral,18397,19045
"Birla Institute of Technology, Mesra, Ranchi","Civil Engineering (4 Years, Bachelor of Technology)",HS,ST,Gender-Neutral,5617,13010
"Birla Institute of Technology, Mesra, Ranchi","Computer Science and Engineering (4 Years, Bachelor of Technology)",AI,OPEN,Gender-Neutral,6764,17070
"Birla Institute of Technology, Mesra, Ranchi","Computer Science and Engineering (4 Years, Bachelor of Technology)",AI,OPEN,Female-only (including Supernumerary),16893,23503
"Birla Institute of Technology, Mesra, Ranchi","Computer Science and Engineering (4 Years, Bachelor of Technology)",AI,OPEN (PwD),Gender-Neutral,880,1050
"Birla Institute of Technology, Mesra, Ranchi","Computer Science and Engineering (4 Years, Bachelor of Technology)",AI,EWS,Gender-Neutral,2615,3145
"Birla Institute of Technology, Mesra, Ranchi","Computer Science and Engineering (4 Years, Bachelor of Technology)",AI,OBC-NCL,Gender-Neutral,4842,8172
"Birla Institute of Technology, Mesra, Ranchi","Computer Science and Engineering (4 Years, Bachelor of Technology)",AI,OBC-NCL (PwD),Gender-Neutral,1119,1119
"Birla Institute of Technology, Mesra, Ranchi","Computer Science and Engineering (4 Years, Bachelor of Technology)",AI,SC,Gender-Neutral,3233,5237
"Birla Institute of Technology, Mesra, Ranchi","Computer Science and Engineering (4 Years, Bachelor of Technology)",AI,ST,Gender-Neutral,1587,2666
"Birla Institute of Technology, Mesra, Ranchi","Computer Science and Engineering (4 Years, Bachelor of Technology)",HS,OPEN,Gender-Neutral,18357,29325
"Birla Institute of Technology, Mesra, Ranchi","Computer Science and Engineering (4 Years, Bachelor of Technology)",HS,OPEN,Female-only (including Supernumerary),27403,41767
"Birla Institute of Technology, Mesra, Ranchi","Computer Science and Engineering (4 Years, Bachelor of Technology)",HS,EWS,Gender-Neutral,5048,7644
"Birla Institute of Technology, Mesra, Ranchi","Computer Science and Engineering (4 Years, Bachelor of Technology)",HS,SC,Gender-Neutral,5387,11042
"Birla Institute of Technology, Mesra, Ranchi","Computer Science and Engineering (4 Years, Bachelor of Technology)",HS,ST,Gender-Neutral,2682,7292
"Birla Institute of Technology, Mesra, Ranchi","Electrical and Electronics Engineering (4 Years, Bachelor of Technology)",AI,OPEN,Gender-Neutral,24787,28950
"Birla Institute of Technology, Mesra, Ranchi","Electrical and Electronics Engineering (4 Years, Bachelor of Technology)",AI,OPEN,Female-only (including Supernumerary),33585,38006
"Birla Institute of Technology, Mesra, Ranchi","Electrical and Electronics Engineering (4 Years, Bachelor of Technology)",AI,OPEN (PwD),Gender-Neutral,2617,2617
"Birla Institute of Technology, Mesra, Ranchi","Electrical and Electronics Engineering (4 Years, Bachelor of Technology)",AI,EWS,Gender-Neutral,4987,5930
"Birla Institute of Technology, Mesra, Ranchi","Electrical and Electronics Engineering (4 Years, Bachelor of Technology)",AI,OBC-NCL,Gender-Neutral,7913,14272
"Birla Institute of Technology, Mesra, Ranchi","Electrical and Electronics Engineering (4 Years, Bachelor of Technology)",AI,SC,Gender-Neutral,8964,9418
"Birla Institute of Technology, Mesra, Ranchi","Electrical and Electronics Engineering (4 Years, Bachelor of Technology)",AI,ST,Gender-Neutral,4639,4734
"Birla Institute of Technology, Mesra, Ranchi","Electrical and Electronics Engineering (4 Years, Bachelor of Technology)",HS,OPEN,Gender-Neutral,49243,52629
"Birla Institute of Technology, Mesra, Ranchi","Electrical and Electronics Engineering (4 Years, Bachelor of Technology)",HS,OPEN,Female-only (including Supernumerary),43789,65415
"Birla Institute of Technology, Mesra, Ranchi","Electrical and Electronics Engineering (4 Years, Bachelor of Technology)",HS,EWS,Gender-Neutral,9640,9993
"Birla Institute of Technology, Mesra, Ranchi","Electrical and Electronics Engineering (4 Years, Bachelor of Technology)",HS,SC,Gender-Neutral,13787,16403
"Birla Institute of Technology, Mesra, Ranchi","Electrical and Electronics Engineering (4 Years, Bachelor of Technology)",HS,ST,Gender-Neutral,9444,15107
"Birla Institute of Technology, Mesra, Ranchi","Electronics and Communication Engineering (4 Years, Bachelor of Technology)",AI,OPEN,Gender-Neutral,17615,25531
"Birla Institute of Technology, Mesra, Ranchi","Electronics and Communication Engineering (4 Years, Bachelor of Technology)",AI,OPEN,Female-only (including Supernumerary),21015,32314
"Birla Institute of Technology, Mesra, Ranchi","Electronics and Communication Engineering (4 Years, Bachelor of Technology)",AI,OPEN (PwD),Gender-Neutral,1265,1347
"Birla Institute of Technology, Mesra, Ranchi","Electronics and Communication Engineering (4 Years, Bachelor of Technology)",AI,EWS,Gender-Neutral,4419,5437
"Birla Institute of Technology, Mesra, Ranchi","Electronics and Communication Engineering (4 Years, Bachelor of Technology)",AI,OBC-NCL,Gender-Neutral,8665,12830
"Birla Institute of Technology, Mesra, Ranchi","Electronics and Communication Engineering (4 Years, Bachelor of Technology)",AI,SC,Gender-Neutral,5697,8742
"Birla Institute of Technology, Mesra, Ranchi","Electronics and Communication Engineering (4 Years, Bachelor of Technology)",AI,ST,Gender-Neutral,3732,4586
"Birla Institute of Technology, Mesra, Ranchi","Electronics and Communication Engineering (4 Years, Bachelor of Technology)",HS,OPEN,Gender-Neutral,31805,48761
"Birla Institute of Technology, Mesra, Ranchi","Electronics and Communication Engineering (4 Years, Bachelor of Technology)",HS,OPEN,Female-only (including Supernumerary),47572,59919
"Birla Institute of Technology, Mesra, Ranchi","Electronics and Communication Engineering (4 Years, Bachelor of Technology)",HS,EWS,Gender-Neutral,8301,9639
"Birla Institute of Technology, Mesra, Ranchi","Electronics and Communication Engineering (4 Years, Bachelor of Technology)",HS,SC,Gender-Neutral,10893,16058
"Birla Institute of Technology, Mesra, Ranchi","Electronics and Communication Engineering (4 Years, Bachelor of Technology)",HS,ST,Gender-Neutral,5264,11639
"Birla Institute of Technology, Mesra, Ranchi","Food Engineering and Technology (4 Years, Bachelor of Technology)",AI,OPEN,Gender-Neutral,49906,56701
"Birla Institute of Technology, Mesra, Ranchi","Food Engineering and Technology (4 Years, Bachelor of Technology)",AI,OPEN,Female-only (including Supernumerary),60795,60795
"Birla Institute of Technology, Mesra, Ranchi","Food Engineering and Technology (4 Years, Bachelor of Technology)",AI,OPEN (PwD),Gender-Neutral,3005,3005
"Birla Institute of Technology, Mesra, Ranchi","Food Engineering and Technology (4 Years, Bachelor of Technology)",AI,EWS,Gender-Neutral,9690,9756
"Birla Institute of Technology, Mesra, Ranchi","Food Engineering and Technology (4 Years, Bachelor of Technology)",AI,OBC-NCL,Gender-Neutral,19723,19950
"Birla Institute of Technology, Mesra, Ranchi","Food Engineering and Technology (4 Years, Bachelor of Technology)",AI,SC,Gender-Neutral,11315,12042
"Birla Institute of Technology, Mesra, Ranchi","Food Engineering and Technology (4 Years, Bachelor of Technology)",AI,ST,Gender-Neutral,4694,4694
"Birla Institute of Technology, Mesra, Ranchi","Food Engineering and Technology (4 Years, Bachelor of Technology)",HS,OPEN,Gender-Neutral,81795,97810
"Birla Institute of Technology, Mesra, Ranchi","Food Engineering and Technology (4 Years, Bachelor of Technology)",HS,OPEN,Female-only (including Supernumerary),119645,119833
"Birla Institute of Technology, Mesra, Ranchi","Food Engineering and Technology (4 Years, Bachelor of Technology)",HS,EWS,Gender-Neutral,19217,19905
"Birla Institute of Technology, Mesra, Ranchi","Food Engineering and Technology (4 Years, Bachelor of Technology)",HS,SC,Gender-Neutral,18833,27311
"Birla Institute of Technology, Mesra, Ranchi","Food Engineering and Technology (4 Years, Bachelor of Technology)",HS,ST,Gender-Neutral,24601,32498
"Birla Institute of Technology, Mesra, Ranchi","Mathematics and Computing (5 Years, Integrated Master of Science)",AI,OPEN,Gender-Neutral,22223,29585
"Birla Institute of Technology, Mesra, Ranchi","Mathematics and Computing (5 Years, Integrated Master of Science)",AI,OPEN,Female-only (including Supernumerary),32937,34067
"Birla Institute of Technology, Mesra, Ranchi","Mathematics and Computing (5 Years, Integrated Master of Science)",AI,EWS,Gender-Neutral,4785,6102
"Birla Institute of Technology, Mesra, Ranchi","Mathematics and Computing (5 Years, Integrated Master of Science)",AI,OBC-NCL,Gender-Neutral,8678,14332
"Birla Institute of Technology, Mesra, Ranchi","Mathematics and Computing (5 Years, Integrated Master of Science)",AI,SC,Gender-Neutral,8737,10330
"Birla Institute of Technology, Mesra, Ranchi","Mathematics and Computing (5 Years, Integrated Master of Science)",AI,ST,Gender-Neutral,4151,5174
"Birla Institute of Technology, Mesra, Ranchi","Mathematics and Computing (5 Years, Integrated Master of Science)",HS,OPEN,Gender-Neutral,49445,65352
"Birla Institute of Technology, Mesra, Ranchi","Mathematics and Computing (5 Years, Integrated Master of Science)",HS,OPEN,Female-only (including Supernumerary),51690,65932
"Birla Institute of Technology, Mesra, Ranchi","Mathematics and Computing (5 Years, Integrated Master of Science)",HS,EWS,Gender-Neutral,10687,10745
"Birla Institute of Technology, Mesra, Ranchi","Mathematics and Computing (5 Years, Integrated Master of Science)",HS,SC,Gender-Neutral,12272,17040
"Birla Institute of Technology, Mesra, Ranchi","Mathematics and Computing (5 Years, Integrated Master of Science)",HS,ST,Gender-Neutral,11504,43112
"Birla Institute of Technology, Mesra, Ranchi","Mechanical Engineering (4 Years, Bachelor of Technology)",AI,OPEN,Gender-Neutral,27269,41034
"Birla Institute of Technology, Mesra, Ranchi","Mechanical Engineering (4 Years, Bachelor of Technology)",AI,OPEN,Female-only (including Supernumerary),43915,50950
"Birla Institute of Technology, Mesra, Ranchi","Mechanical Engineering (4 Years, Bachelor of Technology)",AI,EWS,Gender-Neutral,7049,7709
"Birla Institute of Technology, Mesra, Ranchi","Mechanical Engineering (4 Years, Bachelor of Technology)",AI,OBC-NCL,Gender-Neutral,13840,17740
"Birla Institute of Technology, Mesra, Ranchi","Mechanical Engineering (4 Years, Bachelor of Technology)",AI,SC,Gender-Neutral,9380,10413
"Birla Institute of Technology, Mesra, Ranchi","Mechanical Engineering (4 Years, Bachelor of Technology)",AI,ST,Gender-Neutral,5119,5490
"Birla Institute of Technology, Mesra, Ranchi","Mechanical Engineering (4 Years, Bachelor of Technology)",HS,OPEN,Gender-Neutral,53005,63477
"Birla Institute of Technology, Mesra, Ranchi","Mechanical Engineering (4 Years, Bachelor of Technology)",HS,OPEN,Female-only (including Supernumerary),72803,84968
"Birla Institute of Technology, Mesra, Ranchi","Mechanical Engineering (4 Years, Bachelor of Technology)",HS,EWS,Gender-Neutral,10515,13316
"Birla Institute of Technology, Mesra, Ranchi","Mechanical Engineering (4 Years, Bachelor of Technology)",HS,SC,Gender-Neutral,15605,18705
"Birla Institute of Technology, Mesra, Ranchi","Mechanical Engineering (4 Years, Bachelor of Technology)",HS,ST,Gender-Neutral,11043,21703
"Birla Institute of Technology, Mesra, Ranchi","Physics (5 Years, Integrated Master of Science)",AI,OPEN,Gender-Neutral,33848,54536
"Birla Institute of Technology, Mesra, Ranchi","Physics (5 Years, Integrated Master of Science)",AI,OPEN,Female-only (including Supernumerary),59109,59109
"Birla Institute of Technology, Mesra, Ranchi","Physics (5 Years, Integrated Master of Science)",AI,EWS,Gender-Neutral,8894,9268
"Birla Institute of Technology, Mesra, Ranchi","Physics (5 Years, Integrated Master of Science)",AI,OBC-NCL,Gender-Neutral,18714,19988
"Birla Institute of Technology, Mesra, Ranchi","Physics (5 Years, Integrated Master of Science)",AI,SC,Gender-Neutral,4837,9982
"Birla Institute of Technology, Mesra, Ranchi","Physics (5 Years, Integrated Master of Science)",AI,ST,Gender-Neutral,4389,4389
"Birla Institute of Technology, Mesra, Ranchi","Physics (5 Years, Integrated Master of Science)",HS,OPEN,Gender-Neutral,70351,96905
"Birla Institute of Technology, Mesra, Ranchi","Physics (5 Years, Integrated Master of Science)",HS,OPEN,Female-only (including Supernumerary),99214,110795
"Birla Institute of Technology, Mesra, Ranchi","Physics (5 Years, Integrated Master of Science)",HS,EWS,Gender-Neutral,22207,22452
"Birla Institute of Technology, Mesra, Ranchi","Physics (5 Years, Integrated Master of Science)",HS,SC,Gender-Neutral,25447,25447
"Birla Institute of Technology, Mesra, Ranchi","Production and Industrial Engineering (4 Years, Bachelor of Technology)",AI,OPEN,Gender-Neutral,46644,53984
"Birla Institute of Technology, Mesra, Ranchi","Production and Industrial Engineering (4 Years, Bachelor of Technology)",AI,OPEN,Female-only (including Supernumerary),56611,58513
"Birla Institute of Technology, Mesra, Ranchi","Production and Industrial Engineering (4 Years, Bachelor of Technology)",AI,OPEN (PwD),Gender-Neutral,3666,3666
"Birla Institute of Technology, Mesra, Ranchi","Production and Industrial Engineering (4 Years, Bachelor of Technology)",AI,EWS,Gender-Neutral,9039,9317
"Birla Institute of Technology, Mesra, Ranchi","Production and Industrial Engineering (4 Years, Bachelor of Technology)",AI,OBC-NCL,Gender-Neutral,18730,19600
"Birla Institute of Technology, Mesra, Ranchi","Production and Industrial Engineering (4 Years, Bachelor of Technology)",AI,SC,Gender-Neutral,11280,11859
"Birla Institute of Technology, Mesra, Ranchi","Production and Industrial Engineering (4 Years, Bachelor of Technology)",AI,ST,Gender-Neutral,5219,6182
"Birla Institute of Technology, Mesra, Ranchi","Production and Industrial Engineering (4 Years, Bachelor of Technology)",HS,OPEN,Gender-Neutral,67695,92177
"Birla Institute of Technology, Mesra, Ranchi","Production and Industrial Engineering (4 Years, Bachelor of Technology)",HS,OPEN,Female-only (including Supernumerary),88813,96346
"Birla Institute of Technology, Mesra, Ranchi","Production and Industrial Engineering (4 Years, Bachelor of Technology)",HS,EWS,Gender-Neutral,17013,18122
"Birla Institute of Technology, Mesra, Ranchi","Production and Industrial Engineering (4 Years, Bachelor of Technology)",HS,SC,Gender-Neutral,22024,27737
"Birla Institute of Technology, Mesra, Ranchi","Quantitative Economics & Data Science (5 Years, Integrated Master of Science)",AI,OPEN,Gender-Neutral,24635,39760
"Birla Institute of Technology, Mesra, Ranchi","Quantitative Economics & Data Science (5 Years, Integrated Master of Science)",AI,OPEN,Female-only (including Supernumerary),39334,39334
"Birla Institute of Technology, Mesra, Ranchi","Quantitative Economics & Data Science (5 Years, Integrated Master of Science)",AI,EWS,Gender-Neutral,6937,6951
"Birla Institute of Technology, Mesra, Ranchi","Quantitative Economics & Data Science (5 Years, Integrated Master of Science)",AI,OBC-NCL,Gender-Neutral,13669,16276
"Birla Institute of Technology, Mesra, Ranchi","Quantitative Economics & Data Science (5 Years, Integrated Master of Science)",AI,SC,Gender-Neutral,9405,10942
"Birla Institute of Technology, Mesra, Ranchi","Quantitative Economics & Data Science (5 Years, Integrated Master of Science)",AI,ST,Gender-Neutral,3795,3795
"Birla Institute of Technology, Mesra, Ranchi","Quantitative Economics & Data Science (5 Years, Integrated Master of Science)",HS,OPEN,Gender-Neutral,65278,70085
"Birla Institute of Technology, Mesra, Ranchi","Quantitative Economics & Data Science (5 Years, Integrated Master of Science)",HS,OPEN,Female-only (including Supernumerary),80691,90331
"Birla Institute of Technology, Mesra, Ranchi","Quantitative Economics & Data Science (5 Years, Integrated Master of Science)",HS,EWS,Gender-Neutral,16109,16723
"Birla Institute of Technology, Mesra, Ranchi","Quantitative Economics & Data Science (5 Years, Integrated Master of Science)",HS,SC,Gender-Neutral,25108,25108
"Gurukula Kangri Vishwavidyalaya, Haridwar","Computer Science and Engineering (4 Years, Bachelor of Technology)",AI,OPEN,Gender-Neutral,36375,69184
"Gurukula Kangri Vishwavidyalaya, Haridwar","Computer Science and Engineering (4 Years, Bachelor of Technology)",AI,OPEN (PwD),Gender-Neutral,3608,3608
"Gurukula Kangri Vishwavidyalaya, Haridwar","Computer Science and Engineering (4 Years, Bachelor of Technology)",AI,EWS,Gender-Neutral,11330,12160
"Gurukula Kangri Vishwavidyalaya, Haridwar","Computer Science and Engineering (4 Years, Bachelor of Technology)",AI,OBC-NCL,Gender-Neutral,21290,25262
"Gurukula Kangri Vishwavidyalaya, Haridwar","Computer Science and Engineering (4 Years, Bachelor of Technology)",AI,SC,Gender-Neutral,8113,12619
"Gurukula Kangri Vishwavidyalaya, Haridwar","Computer Science and Engineering (4 Years, Bachelor of Technology)",AI,ST,Gender-Neutral,3158,6288
"Gurukula Kangri Vishwavidyalaya, Haridwar","Electrical Engineering (4 Years, Bachelor of Technology)",AI,OPEN,Gender-Neutral,46279,74723
"Gurukula Kangri Vishwavidyalaya, Haridwar","Electrical Engineering (4 Years, Bachelor of Technology)",AI,EWS,Gender-Neutral,12347,13434
"Gurukula Kangri Vishwavidyalaya, Haridwar","Electrical Engineering (4 Years, Bachelor of Technology)",AI,OBC-NCL,Gender-Neutral,23597,28888
"Gurukula Kangri Vishwavidyalaya, Haridwar","Electrical Engineering (4 Years, Bachelor of Technology)",AI,SC,Gender-Neutral,8929,13249
"Gurukula Kangri Vishwavidyalaya, Haridwar","Electrical Engineering (4 Years, Bachelor of Technology)",AI,ST,Gender-Neutral,4434,5636
"Gurukula Kangri Vishwavidyalaya, Haridwar","Electronics and Communication Engineering (4 Years, Bachelor of Technology)",AI,OPEN,Gender-Neutral,56633,80060
"Gurukula Kangri Vishwavidyalaya, Haridwar","Electronics and Communication Engineering (4 Years, Bachelor of Technology)",AI,OPEN (PwD),Gender-Neutral,3736,3736
"Gurukula Kangri Vishwavidyalaya, Haridwar","Electronics and Communication Engineering (4 Years, Bachelor of Technology)",AI,EWS,Gender-Neutral,13172,13708
"Gurukula Kangri Vishwavidyalaya, Haridwar","Electronics and Communication Engineering (4 Years, Bachelor of Technology)",AI,OBC-NCL,Gender-Neutral,25278,28315
"Gurukula Kangri Vishwavidyalaya, Haridwar","Electronics and Communication Engineering (4 Years, Bachelor of Technology)",AI,SC,Gender-Neutral,9357,14018
"Gurukula Kangri Vishwavidyalaya, Haridwar","Electronics and Communication Engineering (4 Years, Bachelor of Technology)",AI,ST,Gender-Neutral,6557,6861
"Gurukula Kangri Vishwavidyalaya, Haridwar","Mechanical Engineering (4 Years, Bachelor of Technology)",AI,OPEN,Gender-Neutral,60039,92938
"Gurukula Kangri Vishwavidyalaya, Haridwar","Mechanical Engineering (4 Years, Bachelor of Technology)",AI,EWS,Gender-Neutral,15451,16347
"Gurukula Kangri Vishwavidyalaya, Haridwar","Mechanical Engineering (4 Years, Bachelor of Technology)",AI,OBC-NCL,Gender-Neutral,29878,33595
"Gurukula Kangri Vishwavidyalaya, Haridwar","Mechanical Engineering (4 Years, Bachelor of Technology)",AI,SC,Gender-Neutral,12787,15456
"Gurukula Kangri Vishwavidyalaya, Haridwar","Mechanical Engineering (4 Years, Bachelor of Technology)",AI,ST,Gender-Neutral,6414,7213
"Indian Institute of Carpet Technology, Bhadohi","Carpet and Textile Technology (4 Years, Bachelor of Technology)",AI,OPEN,Gender-Neutral,72683,103566
"Indian Institute of Carpet Technology, Bhadohi","Carpet and Textile Technology (4 Years, Bachelor of Technology)",AI,EWS,Gender-Neutral,17296,17298
"Indian Institute of Carpet Technology, Bhadohi","Carpet and Textile Technology (4 Years, Bachelor of Technology)",AI,OBC-NCL,Gender-Neutral,35187,36895
"Indian Institute of Carpet Technology, Bhadohi","Carpet and Textile Technology (4 Years, Bachelor of Technology)",AI,SC,Gender-Neutral,13436,15639
"Indian Institute of Carpet Technology, Bhadohi","Carpet and Textile Technology (4 Years, Bachelor of Technology)",AI,ST,Gender-Neutral,6282,6282
"Institute of Infrastructure, Technology, Research and Management-Ahmedabad","Civil Engineering (4 Years, Bachelor of Technology)",AI,OPEN,Gender-Neutral,45838,68404
"Institute of Infrastructure, Technology, Research and Management-Ahmedabad","Civil Engineering (4 Years, Bachelor of Technology)",AI,OPEN (PwD),Gender-Neutral,2842,2842
"Institute of Infrastructure, Technology, Research and Management-Ahmedabad","Civil Engineering (4 Years, Bachelor of Technology)",AI,EWS,Gender-Neutral,11198,11435
"Institute of Infrastructure, Technology, Research and Management-Ahmedabad","Civil Engineering (4 Years, Bachelor of Technology)",AI,OBC-NCL,Gender-Neutral,20934,23283
"Institute of Infrastructure, Technology, Research and Management-Ahmedabad","Civil Engineering (4 Years, Bachelor of Technology)",AI,SC,Gender-Neutral,10582,12628
"Institute of Infrastructure, Technology, Research and Management-Ahmedabad","Civil Engineering (4 Years, Bachelor of Technology)",AI,ST,Gender-Neutral,4077,4607
"Institute of Infrastructure, Technology, Research and Management-Ahmedabad","Computer Engineering (4 Years, Bachelor of Technology)",AI,OPEN,Gender-Neutral,27039,37263
"Institute of Infrastructure, Technology, Research and Management-Ahmedabad","Computer Engineering (4 Years, Bachelor of Technology)",AI,EWS,Gender-Neutral,6644,7067
"Institute of Infrastructure, Technology, Research and Management-Ahmedabad","Computer Engineering (4 Years, Bachelor of Technology)",AI,OBC-NCL,Gender-Neutral,13553,17649
"Institute of Infrastructure, Technology, Research and Management-Ahmedabad","Computer Engineering (4 Years, Bachelor of Technology)",AI,SC,Gender-Neutral,7676,9797
"Institute of Infrastructure, Technology, Research and Management-Ahmedabad","Computer Engineering (4 Years, Bachelor of Technology)",AI,ST,Gender-Neutral,3028,4045
"Institute of Infrastructure, Technology, Research and Management-Ahmedabad","Electrical Engineering (4 Years, Bachelor of Technology)",AI,OPEN,Gender-Neutral,37858,52227
"Institute of Infrastructure, Technology, Research and Management-Ahmedabad","Electrical Engineering (4 Years, Bachelor of Technology)",AI,OPEN (PwD),Gender-Neutral,2328,2328
"Institute of Infrastructure, Technology, Research and Management-Ahmedabad","Electrical Engineering (4 Years, Bachelor of Technology)",AI,EWS,Gender-Neutral,8517,9168
"Institute of Infrastructure, Technology, Research and Management-Ahmedabad","Electrical Engineering (4 Years, Bachelor of Technology)",AI,OBC-NCL,Gender-Neutral,18654,20916
"Institute of Infrastructure, Technology, Research and Management-Ahmedabad","Electrical Engineering (4 Years, Bachelor of Technology)",AI,SC,Gender-Neutral,10132,11513
"Institute of Infrastructure, Technology, Research and Management-Ahmedabad","Electrical Engineering (4 Years, Bachelor of Technology)",AI,ST,Gender-Neutral,5403,5672
"Institute of Infrastructure, Technology, Research and Management-Ahmedabad","Mechanical Engineering (4 Years, Bachelor of Technology)",AI,OPEN,Gender-Neutral,32812,59138
"Institute of Infrastructure, Technology, Research and Management-Ahmedabad","Mechanical Engineering (4 Years, Bachelor of Technology)",AI,OPEN (PwD),Gender-Neutral,2621,2621
"Institute of Infrastructure, Technology, Research and Management-Ahmedabad","Mechanical Engineering (4 Years, Bachelor of Technology)",AI,EWS,Gender-Neutral,9687,10547
"Institute of Infrastructure, Technology, Research and Management-Ahmedabad","Mechanical Engineering (4 Years, Bachelor of Technology)",AI,OBC-NCL,Gender-Neutral,18231,22293
"Institute of Infrastructure, Technology, Research and Management-Ahmedabad","Mechanical Engineering (4 Years, Bachelor of Technology)",AI,SC,Gender-Neutral,11503,11948
"Institute of Infrastructure, Technology, Research and Management-Ahmedabad","Mechanical Engineering (4 Years, Bachelor of Technology)",AI,ST,Gender-Neutral,5180,5847
"School of Studies of Engineering and Technology, Guru Ghasidas Vishwavidyalaya, Bilaspur","Chemical Engineering (4 Years, Bachelor of Technology)",AI,OPEN,Gender-Neutral,59865,94835
"School of Studies of Engineering and Technology, Guru Ghasidas Vishwavidyalaya, Bilaspur","Chemical Engineering (4 Years, Bachelor of Technology)",AI,EWS,Gender-Neutral,16039,16570
"School of Studies of Engineering and Technology, Guru Ghasidas Vishwavidyalaya, Bilaspur","Chemical Engineering (4 Years, Bachelor of Technology)",AI,OBC-NCL,Gender-Neutral,31309,34322
"School of Studies of Engineering and Technology, Guru Ghasidas Vishwavidyalaya, Bilaspur","Chemical Engineering (4 Years, Bachelor of Technology)",AI,SC,Gender-Neutral,14055,15863
"School of Studies of Engineering and Technology, Guru Ghasidas Vishwavidyalaya, Bilaspur","Chemical Engineering (4 Years, Bachelor of Technology)",AI,ST,Gender-Neutral,6547,7674
"School of Studies of Engineering and Technology, Guru Ghasidas Vishwavidyalaya, Bilaspur","Civil Engineering (4 Years, Bachelor of Technology)",AI,OPEN,Gender-Neutral,64699,95286
"School of Studies of Engineering and Technology, Guru Ghasidas Vishwavidyalaya, Bilaspur","Civil Engineering (4 Years, Bachelor of Technology)",AI,EWS,Gender-Neutral,16025,16598
"School of Studies of Engineering and Technology, Guru Ghasidas Vishwavidyalaya, Bilaspur","Civil Engineering (4 Years, Bachelor of Technology)",AI,OBC-NCL,Gender-Neutral,30582,33910
"School of Studies of Engineering and Technology, Guru Ghasidas Vishwavidyalaya, Bilaspur","Civil Engineering (4 Years, Bachelor of Technology)",AI,SC,Gender-Neutral,12461,14441
"School of Studies of Engineering and Technology, Guru Ghasidas Vishwavidyalaya, Bilaspur","Civil Engineering (4 Years, Bachelor of Technology)",AI,ST,Gender-Neutral,4771,6497
"School of Studies of Engineering and Technology, Guru Ghasidas Vishwavidyalaya, Bilaspur","Computer Science and Engineering (4 Years, Bachelor of Technology)",AI,OPEN,Gender-Neutral,47648,63064
"School of Studies of Engineering and Technology, Guru Ghasidas Vishwavidyalaya, Bilaspur","Computer Science and Engineering (4 Years, Bachelor of Technology)",AI,OPEN (PwD),Gender-Neutral,2292,3282
"School of Studies of Engineering and Technology, Guru Ghasidas Vishwavidyalaya, Bilaspur","Computer Science and Engineering (4 Years, Bachelor of Technology)",AI,EWS,Gender-Neutral,10309,11068
"School of Studies of Engineering and Technology, Guru Ghasidas Vishwavidyalaya, Bilaspur","Computer Science and Engineering (4 Years, Bachelor of Technology)",AI,OBC-NCL,Gender-Neutral,19465,22522
"School of Studies of Engineering and Technology, Guru Ghasidas Vishwavidyalaya, Bilaspur","Computer Science and Engineering (4 Years, Bachelor of Technology)",AI,SC,Gender-Neutral,9513,11950
"School of Studies of Engineering and Technology, Guru Ghasidas Vishwavidyalaya, Bilaspur","Computer Science and Engineering (4 Years, Bachelor of Technology)",AI,ST,Gender-Neutral,4010,5891
"School of Studies of Engineering and Technology, Guru Ghasidas Vishwavidyalaya, Bilaspur","Electrical Engineering (4 Years, Bachelor of Technology)",AI,OPEN,Gender-Neutral,56318,86163
"School of Studies of Engineering and Technology, Guru Ghasidas Vishwavidyalaya, Bilaspur","Electrical Engineering (4 Years, Bachelor of Technology)",AI,EWS,Gender-Neutral,14341,14566
"School of Studies of Engineering and Technology, Guru Ghasidas Vishwavidyalaya, Bilaspur","Electrical Engineering (4 Years, Bachelor of Technology)",AI,OBC-NCL,Gender-Neutral,28183,29922
"School of Studies of Engineering and Technology, Guru Ghasidas Vishwavidyalaya, Bilaspur","Electrical Engineering (4 Years, Bachelor of Technology)",AI,SC,Gender-Neutral,13383,14682
"School of Studies of Engineering and Technology, Guru Ghasidas Vishwavidyalaya, Bilaspur","Electrical Engineering (4 Years, Bachelor of Technology)",AI,ST,Gender-Neutral,6827,7541
"School of Studies of Engineering and Technology, Guru Ghasidas Vishwavidyalaya, Bilaspur","Electronics and Communication Engineering (4 Years, Bachelor of Technology)",AI,OPEN,Gender-Neutral,58573,76654
"School of Studies of Engineering and Technology, Guru Ghasidas Vishwavidyalaya, Bilaspur","Electronics and Communication Engineering (4 Years, Bachelor of Technology)",AI,OPEN (PwD),Gender-Neutral,3374,3679
"School of Studies of Engineering and Technology, Guru Ghasidas Vishwavidyalaya, Bilaspur","Electronics and Communication Engineering (4 Years, Bachelor of Technology)",AI,EWS,Gender-Neutral,12576,13292
"School of Studies of Engineering and Technology, Guru Ghasidas Vishwavidyalaya, Bilaspur","Electronics and Communication Engineering (4 Years, Bachelor of Technology)",AI,OBC-NCL,Gender-Neutral,23802,27016
"School of Studies of Engineering and Technology, Guru Ghasidas Vishwavidyalaya, Bilaspur","Electronics and Communication Engineering (4 Years, Bachelor of Technology)",AI,SC,Gender-Neutral,11053,13413
"School of Studies of Engineering and Technology, Guru Ghasidas Vishwavidyalaya, Bilaspur","Electronics and Communication Engineering (4 Years, Bachelor of Technology)",AI,ST,Gender-Neutral,4714,6213
"School of Studies of Engineering and Technology, Guru Ghasidas Vishwavidyalaya, Bilaspur","Industrial and Production Engineering (4 Years, Bachelor of Technology)",AI,OPEN,Gender-Neutral,51042,103490
"School of Studies of Engineering and Technology, Guru Ghasidas Vishwavidyalaya, Bilaspur","Industrial and Production Engineering (4 Years, Bachelor of Technology)",AI,EWS,Gender-Neutral,17130,17498
"School of Studies of Engineering and Technology, Guru Ghasidas Vishwavidyalaya, Bilaspur","Industrial and Production Engineering (4 Years, Bachelor of Technology)",AI,OBC-NCL,Gender-Neutral,34332,36623
"School of Studies of Engineering and Technology, Guru Ghasidas Vishwavidyalaya, Bilaspur","Industrial and Production Engineering (4 Years, Bachelor of Technology)",AI,SC,Gender-Neutral,15401,16271
"School of Studies of Engineering and Technology, Guru Ghasidas Vishwavidyalaya, Bilaspur","Industrial and Production Engineering (4 Years, Bachelor of Technology)",AI,ST,Gender-Neutral,6817,7895
"School of Studies of Engineering and Technology, Guru Ghasidas Vishwavidyalaya, Bilaspur","Information Technology (4 Years, Bachelor of Technology)",AI,OPEN,Gender-Neutral,54203,74981
"School of Studies of Engineering and Technology, Guru Ghasidas Vishwavidyalaya, Bilaspur","Information Technology (4 Years, Bachelor of Technology)",AI,OPEN (PwD),Gender-Neutral,3648,3648
"School of Studies of Engineering and Technology, Guru Ghasidas Vishwavidyalaya, Bilaspur","Information Technology (4 Years, Bachelor of Technology)",AI,EWS,Gender-Neutral,12406,13030
"School of Studies of Engineering and Technology, Guru Ghasidas Vishwavidyalaya, Bilaspur","Information Technology (4 Years, Bachelor of Technology)",AI,OBC-NCL,Gender-Neutral,23193,27614
"School of Studies of Engineering and Technology, Guru Ghasidas Vishwavidyalaya, Bilaspur","Information Technology (4 Years, Bachelor of Technology)",AI,SC,Gender-Neutral,10985,13448
"School of Studies of Engineering and Technology, Guru Ghasidas Vishwavidyalaya, Bilaspur","Information Technology (4 Years, Bachelor of Technology)",AI,ST,Gender-Neutral,5378,6767
"School of Studies of Engineering and Technology, Guru Ghasidas Vishwavidyalaya, Bilaspur","Mechanical Engineering (4 Years, Bachelor of Technology)",AI,OPEN,Gender-Neutral,62854,91857
"School of Studies of Engineering and Technology, Guru Ghasidas Vishwavidyalaya, Bilaspur","Mechanical Engineering (4 Years, Bachelor of Technology)",AI,EWS,Gender-Neutral,15426,15958
"School of Studies of Engineering and Technology, Guru Ghasidas Vishwavidyalaya, Bilaspur","Mechanical Engineering (4 Years, Bachelor of Technology)",AI,OBC-NCL,Gender-Neutral,29050,32371
"School of Studies of Engineering and Technology, Guru Ghasidas Vishwavidyalaya, Bilaspur","Mechanical Engineering (4 Years, Bachelor of Technology)",AI,SC,Gender-Neutral,12875,15227
"School of Studies of Engineering and Technology, Guru Ghasidas Vishwavidyalaya, Bilaspur","Mechanical Engineering (4 Years, Bachelor of Technology)",AI,ST,Gender-Neutral,7019,7387
"J.K. Institute of Applied Physics & Technology, Department of Electronics & Communication, University of Allahabad- Allahabad","Computer Science and Engineering with Major in Artificial Intelligence (4 Years, Bachelor of Technology)",AI,OPEN,Gender-Neutral,24207,41723
"J.K. Institute of Applied Physics & Technology, Department of Electronics & Communication, University of Allahabad- Allahabad","Computer Science and Engineering with Major in Artificial Intelligence (4 Years, Bachelor of Technology)",AI,OPEN (PwD),Gender-Neutral,1794,1794
"J.K. Institute of Applied Physics & Technology, Department of Electronics & Communication, University of Allahabad- Allahabad","Computer Science and Engineering with Major in Artificial Intelligence (4 Years, Bachelor of Technology)",AI,EWS,Gender-Neutral,6731,7660
"J.K. Institute of Applied Physics & Technology, Department of Electronics & Communication, University of Allahabad- Allahabad","Computer Science and Engineering with Major in Artificial Intelligence (4 Years, Bachelor of Technology)",AI,OBC-NCL,Gender-Neutral,13596,18052
"J.K. Institute of Applied Physics & Technology, Department of Electronics & Communication, University of Allahabad- Allahabad","Computer Science and Engineering with Major in Artificial Intelligence (4 Years, Bachelor of Technology)",AI,OBC-NCL (PwD),Gender-Neutral,1532,1532
"J.K. Institute of Applied Physics & Technology, Department of Electronics & Communication, University of Allahabad- Allahabad","Computer Science and Engineering with Major in Artificial Intelligence (4 Years, Bachelor of Technology)",AI,SC,Gender-Neutral,3137,7699
"J.K. Institute of Applied Physics & Technology, Department of Electronics & Communication, University of Allahabad- Allahabad","Computer Science and Engineering with Major in Artificial Intelligence (4 Years, Bachelor of Technology)",AI,ST,Gender-Neutral,4805,5022
"J.K. Institute of Applied Physics & Technology, Department of Electronics & Communication, University of Allahabad- Allahabad","Electronics and Communication Engineering (4 Years, Bachelor of Technology)",AI,OPEN,Gender-Neutral,40459,54768
"J.K. Institute of Applied Physics & Technology, Department of Electronics & Communication, University of Allahabad- Allahabad","Electronics and Communication Engineering (4 Years, Bachelor of Technology)",AI,OPEN (PwD),Gender-Neutral,2106,2106
"J.K. Institute of Applied Physics & Technology, Department of Electronics & Communication, University of Allahabad- Allahabad","Electronics and Communication Engineering (4 Years, Bachelor of Technology)",AI,EWS,Gender-Neutral,9229,9471
"J.K. Institute of Applied Physics & Technology, Department of Electronics & Communication, University of Allahabad- Allahabad","Electronics and Communication Engineering (4 Years, Bachelor of Technology)",AI,OBC-NCL,Gender-Neutral,16840,21338
"J.K. Institute of Applied Physics & Technology, Department of Electronics & Communication, University of Allahabad- Allahabad","Electronics and Communication Engineering (4 Years, Bachelor of Technology)",AI,SC,Gender-Neutral,8509,10572
"J.K. Institute of Applied Physics & Technology, Department of Electronics & Communication, University of Allahabad- Allahabad","Electronics and Communication Engineering (4 Years, Bachelor of Technology)",AI,ST,Gender-Neutral,1913,5357
"National Institute of Electronics and Information Technology, Aurangabad (Maharashtra)","Electronic Engineering (4 Years, Bachelor of Technology)",AI,OPEN,Gender-Neutral,35716,54068
"National Institute of Electronics and Information Technology, Aurangabad (Maharashtra)","Electronic Engineering (4 Years, Bachelor of Technology)",AI,OPEN (PwD),Gender-Neutral,2085,3234
"National Institute of Electronics and Information Technology, Aurangabad (Maharashtra)","Electronic Engineering (4 Years, Bachelor of Technology)",AI,EWS,Gender-Neutral,8856,9622
"National Institute of Electronics and Information Technology, Aurangabad (Maharashtra)","Electronic Engineering (4 Years, Bachelor of Technology)",AI,OBC-NCL,Gender-Neutral,16017,20791
"National Institute of Electronics and Information Technology, Aurangabad (Maharashtra)","Electronic Engineering (4 Years, Bachelor of Technology)",AI,SC,Gender-Neutral,10043,10967
"National Institute of Electronics and Information Technology, Aurangabad (Maharashtra)","Electronic Engineering (4 Years, Bachelor of Technology)",AI,ST,Gender-Neutral,4870,5426
"National Institute of Advanced Manufacturing Technology, Ranchi","Computer Engineering (4 Years, Bachelor of Technology)",AI,OPEN,Gender-Neutral,29425,48597
"National Institute of Advanced Manufacturing Technology, Ranchi","Computer Engineering (4 Years, Bachelor of Technology)",AI,OPEN,Female-only (including Supernumerary),32852,49985
"National Institute of Advanced Manufacturing Technology, Ranchi","Computer Engineering (4 Years, Bachelor of Technology)",AI,OPEN (PwD),Gender-Neutral,1351,1351
"National Institute of Advanced Manufacturing Technology, Ranchi","Computer Engineering (4 Years, Bachelor of Technology)",AI,EWS,Gender-Neutral,8234,8634
"National Institute of Advanced Manufacturing Technology, Ranchi","Computer Engineering (4 Years, Bachelor of Technology)",AI,EWS,Female-only (including Supernumerary),8506,8506
"National Institute of Advanced Manufacturing Technology, Ranchi","Computer Engineering (4 Years, Bachelor of Technology)",AI,OBC-NCL,Gender-Neutral,14282,18936
"National Institute of Advanced Manufacturing Technology, Ranchi","Computer Engineering (4 Years, Bachelor of Technology)",AI,OBC-NCL,Female-only (including Supernumerary),19570,22123
"National Institute of Advanced Manufacturing Technology, Ranchi","Computer Engineering (4 Years, Bachelor of Technology)",AI,SC,Gender-Neutral,8939,10794
"National Institute of Advanced Manufacturing Technology, Ranchi","Computer Engineering (4 Years, Bachelor of Technology)",AI,SC,Female-only (including Supernumerary),10772,10884
"National Institute of Advanced Manufacturing Technology, Ranchi","Computer Engineering (4 Years, Bachelor of Technology)",AI,ST,Gender-Neutral,3597,4701
"National Institute of Advanced Manufacturing Technology, Ranchi","Computer Engineering (4 Years, Bachelor of Technology)",AI,ST,Female-only (including Supernumerary),4547,4547
"National Institute of Advanced Manufacturing Technology, Ranchi","Mechanical Engineering (4 Years, Bachelor of Technology)",AI,OPEN,Gender-Neutral,49107,62952
"National Institute of Advanced Manufacturing Technology, Ranchi","Mechanical Engineering (4 Years, Bachelor of Technology)",AI,OPEN,Female-only (including Supernumerary),63620,71447
"National Institute of Advanced Manufacturing Technology, Ranchi","Mechanical Engineering (4 Years, Bachelor of Technology)",AI,EWS,Gender-Neutral,10286,11520
"National Institute of Advanced Manufacturing Technology, Ranchi","Mechanical Engineering (4 Years, Bachelor of Technology)",AI,EWS,Female-only (including Supernumerary),12629,12629
"National Institute of Advanced Manufacturing Technology, Ranchi","Mechanical Engineering (4 Years, Bachelor of Technology)",AI,OBC-NCL,Gender-Neutral,19068,21725
"National Institute of Advanced Manufacturing Technology, Ranchi","Mechanical Engineering (4 Years, Bachelor of Technology)",AI,OBC-NCL,Female-only (including Supernumerary),22614,24688
"National Institute of Advanced Manufacturing Technology, Ranchi","Mechanical Engineering (4 Years, Bachelor of Technology)",AI,SC,Gender-Neutral,8805,13175
"National Institute of Advanced Manufacturing Technology, Ranchi","Mechanical Engineering (4 Years, Bachelor of Technology)",AI,SC,Female-only (including Supernumerary),12370,12541
"National Institute of Advanced Manufacturing Technology, Ranchi","Mechanical Engineering (4 Years, Bachelor of Technology)",AI,ST,Gender-Neutral,4342,5363
"National Institute of Advanced Manufacturing Technology, Ranchi","Mechanical Engineering (4 Years, Bachelor of Technology)",AI,ST,Female-only (including Supernumerary),4854,4854
"National Institute of Advanced Manufacturing Technology, Ranchi","Metallurgy and Materials Engineering (4 Years, Bachelor of Technology)",AI,OPEN,Gender-Neutral,53712,74737
"National Institute of Advanced Manufacturing Technology, Ranchi","Metallurgy and Materials Engineering (4 Years, Bachelor of Technology)",AI,OPEN,Female-only (including Supernumerary),67067,77495
"National Institute of Advanced Manufacturing Technology, Ranchi","Metallurgy and Materials Engineering (4 Years, Bachelor of Technology)",AI,EWS,Gender-Neutral,12267,14064
"National Institute of Advanced Manufacturing Technology, Ranchi","Metallurgy and Materials Engineering (4 Years, Bachelor of Technology)",AI,EWS,Female-only (including Supernumerary),13284,13284
"National Institute of Advanced Manufacturing Technology, Ranchi","Metallurgy and Materials Engineering (4 Years, Bachelor of Technology)",AI,OBC-NCL,Gender-Neutral,23159,29665
"National Institute of Advanced Manufacturing Technology, Ranchi","Metallurgy and Materials Engineering (4 Years, Bachelor of Technology)",AI,OBC-NCL,Female-only (including Supernumerary),27188,30945
"National Institute of Advanced Manufacturing Technology, Ranchi","Metallurgy and Materials Engineering (4 Years, Bachelor of Technology)",AI,SC,Gender-Neutral,9839,14283
"National Institute of Advanced Manufacturing Technology, Ranchi","Metallurgy and Materials Engineering (4 Years, Bachelor of Technology)",AI,SC,Female-only (including Supernumerary),13813,13971
"National Institute of Advanced Manufacturing Technology, Ranchi","Metallurgy and Materials Engineering (4 Years, Bachelor of Technology)",AI,ST,Gender-Neutral,5195,6694
"National Institute of Advanced Manufacturing Technology, Ranchi","Metallurgy and Materials Engineering (4 Years, Bachelor of Technology)",AI,ST,Female-only (including Supernumerary),7368,7368
"National Institute of Advanced Manufacturing Technology, Ranchi","Production and Industrial Engineering (4 Years, Bachelor of Technology)",AI,OPEN,Gender-Neutral,47915,75957
"National Institute of Advanced Manufacturing Technology, Ranchi","Production and Industrial Engineering (4 Years, Bachelor of Technology)",AI,OPEN,Female-only (including Supernumerary),55146,76781
"National Institute of Advanced Manufacturing Technology, Ranchi","Production and Industrial Engineering (4 Years, Bachelor of Technology)",AI,EWS,Gender-Neutral,12809,14150
"National Institute of Advanced Manufacturing Technology, Ranchi","Production and Industrial Engineering (4 Years, Bachelor of Technology)",AI,EWS,Female-only (including Supernumerary),12863,12863
"National Institute of Advanced Manufacturing Technology, Ranchi","Production and Industrial Engineering (4 Years, Bachelor of Technology)",AI,OBC-NCL,Gender-Neutral,24087,30543
"National Institute of Advanced Manufacturing Technology, Ranchi","Production and Industrial Engineering (4 Years, Bachelor of Technology)",AI,OBC-NCL,Female-only (including Supernumerary),25245,29690
"National Institute of Advanced Manufacturing Technology, Ranchi","Production and Industrial Engineering (4 Years, Bachelor of Technology)",AI,SC,Gender-Neutral,10898,14601
"National Institute of Advanced Manufacturing Technology, Ranchi","Production and Industrial Engineering (4 Years, Bachelor of Technology)",AI,SC,Female-only (including Supernumerary),11583,13215
"National Institute of Advanced Manufacturing Technology, Ranchi","Production and Industrial Engineering (4 Years, Bachelor of Technology)",AI,ST,Gender-Neutral,3112,6146
"National Institute of Advanced Manufacturing Technology, Ranchi","Production and Industrial Engineering (4 Years, Bachelor of Technology)",AI,ST,Female-only (including Supernumerary),5616,5616
Sant Longowal Institute of Engineering and Technology,"Chemical Engineering (4 Years, Bachelor of Technology)",AI,OPEN,Gender-Neutral,58828,90407
Sant Longowal Institute of Engineering and Technology,"Chemical Engineering (4 Years, Bachelor of Technology)",AI,EWS,Gender-Neutral,15221,16000
Sant Longowal Institute of Engineering and Technology,"Chemical Engineering (4 Years, Bachelor of Technology)",AI,OBC-NCL,Gender-Neutral,28987,32651
Sant Longowal Institute of Engineering and Technology,"Chemical Engineering (4 Years, Bachelor of Technology)",AI,SC,Gender-Neutral,14899,15762
Sant Longowal Institute of Engineering and Technology,"Chemical Engineering (4 Years, Bachelor of Technology)",AI,ST,Gender-Neutral,6301,7594
Sant Longowal Institute of Engineering and Technology,"Chemistry (5 Years, Integrated Master of Science)",AI,OPEN,Gender-Neutral,64811,96375
Sant Longowal Institute of Engineering and Technology,"Chemistry (5 Years, Integrated Master of Science)",AI,EWS,Gender-Neutral,16077,16194
Sant Longowal Institute of Engineering and Technology,"Chemistry (5 Years, Integrated Master of Science)",AI,OBC-NCL,Gender-Neutral,31784,34335
Sant Longowal Institute of Engineering and Technology,"Chemistry (5 Years, Integrated Master of Science)",AI,SC,Gender-Neutral,14821,14977
Sant Longowal Institute of Engineering and Technology,"Chemistry (5 Years, Integrated Master of Science)",AI,ST,Gender-Neutral,6963,7434
Sant Longowal Institute of Engineering and Technology,"Civil Engineering (4 Years, Bachelor of Technology)",AI,OPEN,Gender-Neutral,58667,81419
Sant Longowal Institute of Engineering and Technology,"Civil Engineering (4 Years, Bachelor of Technology)",AI,EWS,Gender-Neutral,13807,13807
Sant Longowal Institute of Engineering and Technology,"Civil Engineering (4 Years, Bachelor of Technology)",AI,OBC-NCL,Gender-Neutral,25453,28332
Sant Longowal Institute of Engineering and Technology,"Civil Engineering (4 Years, Bachelor of Technology)",AI,SC,Gender-Neutral,13129,13129
Sant Longowal Institute of Engineering and Technology,"Civil Engineering (4 Years, Bachelor of Technology)",AI,ST,Gender-Neutral,4336,4336
Sant Longowal Institute of Engineering and Technology,"Computer Science and Engineering (4 Years, Bachelor of Technology)",AI,OPEN,Gender-Neutral,41542,57008
Sant Longowal Institute of Engineering and Technology,"Computer Science and Engineering (4 Years, Bachelor of Technology)",AI,OPEN (PwD),Gender-Neutral,1622,1622
Sant Longowal Institute of Engineering and Technology,"Computer Science and Engineering (4 Years, Bachelor of Technology)",AI,EWS,Gender-Neutral,9405,9981
Sant Longowal Institute of Engineering and Technology,"Computer Science and Engineering (4 Years, Bachelor of Technology)",AI,OBC-NCL,Gender-Neutral,16938,20283
Sant Longowal Institute of Engineering and Technology,"Computer Science and Engineering (4 Years, Bachelor of Technology)",AI,SC,Gender-Neutral,8615,11311
Sant Longowal Institute of Engineering and Technology,"Computer Science and Engineering (4 Years, Bachelor of Technology)",AI,ST,Gender-Neutral,4864,5930
Sant Longowal Institute of Engineering and Technology,"Electrical Engineering (4 Years, Bachelor of Technology)",AI,OPEN,Gender-Neutral,50522,75482
Sant Longowal Institute of Engineering and Technology,"Electrical Engineering (4 Years, Bachelor of Technology)",AI,EWS,Gender-Neutral,12443,13150
Sant Longowal Institute of Engineering and Technology,"Electrical Engineering (4 Years, Bachelor of Technology)",AI,OBC-NCL,Gender-Neutral,23767,26499
Sant Longowal Institute of Engineering and Technology,"Electrical Engineering (4 Years, Bachelor of Technology)",AI,SC,Gender-Neutral,10105,12813
Sant Longowal Institute of Engineering and Technology,"Electrical Engineering (4 Years, Bachelor of Technology)",AI,ST,Gender-Neutral,5460,6087
Sant Longowal Institute of Engineering and Technology,"Electronics and Communication Engineering (4 Years, Bachelor of Technology)",AI,OPEN,Gender-Neutral,50193,59270
Sant Longowal Institute of Engineering and Technology,"Electronics and Communication Engineering (4 Years, Bachelor of Technology)",AI,OPEN (PwD),Gender-Neutral,2918,2918
Sant Longowal Institute of Engineering and Technology,"Electronics and Communication Engineering (4 Years, Bachelor of Technology)",AI,EWS,Gender-Neutral,10096,11337
Sant Longowal Institute of Engineering and Technology,"Electronics and Communication Engineering (4 Years, Bachelor of Technology)",AI,OBC-NCL,Gender-Neutral,19189,23170
Sant Longowal Institute of Engineering and Technology,"Electronics and Communication Engineering (4 Years, Bachelor of Technology)",AI,SC,Gender-Neutral,9450,12398
Sant Longowal Institute of Engineering and Technology,"Electronics and Communication Engineering (4 Years, Bachelor of Technology)",AI,ST,Gender-Neutral,4818,5200
Sant Longowal Institute of Engineering and Technology,"Food Technology (4 Years, Bachelor of Technology)",AI,OPEN,Gender-Neutral,75867,103042
Sant Longowal Institute of Engineering and Technology,"Food Technology (4 Years, Bachelor of Technology)",AI,EWS,Gender-Neutral,17244,17726
Sant Longowal Institute of Engineering and Technology,"Food Technology (4 Years, Bachelor of Technology)",AI,OBC-NCL,Gender-Neutral,33889,36664
Sant Longowal Institute of Engineering and Technology,"Food Technology (4 Years, Bachelor of Technology)",AI,SC,Gender-Neutral,15820,16259
Sant Longowal Institute of Engineering and Technology,"Food Technology (4 Years, Bachelor of Technology)",AI,ST,Gender-Neutral,7423,7983
Sant Longowal Institute of Engineering and Technology,"Instrumentation and Control Engineering (4 Years, Bachelor of Technology)",AI,OPEN,Gender-Neutral,65002,87289
Sant Longowal Institute of Engineering and Technology,"Instrumentation and Control Engineering (4 Years, Bachelor of Technology)",AI,EWS,Gender-Neutral,14469,16252
Sant Longowal Institute of Engineering and Technology,"Instrumentation and Control Engineering (4 Years, Bachelor of Technology)",AI,OBC-NCL,Gender-Neutral,28219,32958
Sant Longowal Institute of Engineering and Technology,"Instrumentation and Control Engineering (4 Years, Bachelor of Technology)",AI,SC,Gender-Neutral,13456,15829
Sant Longowal Institute of Engineering and Technology,"Instrumentation and Control Engineering (4 Years, Bachelor of Technology)",AI,ST,Gender-Neutral,7633,7942
Sant Longowal Institute of Engineering and Technology,"Mathematics (5 Years, Integrated Master of Science)",AI,OPEN,Gender-Neutral,63813,87677
Sant Longowal Institute of Engineering and Technology,"Mathematics (5 Years, Integrated Master of Science)",AI,EWS,Gender-Neutral,15079,15321
Sant Longowal Institute of Engineering and Technology,"Mathematics (5 Years, Integrated Master of Science)",AI,OBC-NCL,Gender-Neutral,31490,34135
Sant Longowal Institute of Engineering and Technology,"Mathematics (5 Years, Integrated Master of Science)",AI,SC,Gender-Neutral,14584,15839
Sant Longowal Institute of Engineering and Technology,"Mathematics (5 Years, Integrated Master of Science)",AI,ST,Gender-Neutral,7819,7819
Sant Longowal Institute of Engineering and Technology,"Mechanical Engineering (4 Years, Bachelor of Technology)",AI,OPEN,Gender-Neutral,58886,89957
Sant Longowal Institute of Engineering and Technology,"Mechanical Engineering (4 Years, Bachelor of Technology)",AI,EWS,Gender-Neutral,14822,15776
Sant Longowal Institute of Engineering and Technology,"Mechanical Engineering (4 Years, Bachelor of Technology)",AI,OBC-NCL,Gender-Neutral,28945,32815
Sant Longowal Institute of Engineering and Technology,"Mechanical Engineering (4 Years, Bachelor of Technology)",AI,SC,Gender-Neutral,10598,15008
Sant Longowal Institute of Engineering and Technology,"Mechanical Engineering (4 Years, Bachelor of Technology)",AI,ST,Gender-Neutral,6186,7282
Sant Longowal Institute of Engineering and Technology,"Physics (5 Years, Integrated Master of Science)",AI,OPEN,Gender-Neutral,68873,81745
Sant Longowal Institute of Engineering and Technology,"Physics (5 Years, Integrated Master of Science)",AI,EWS,Gender-Neutral,15158,15367
Sant Longowal Institute of Engineering and Technology,"Physics (5 Years, Integrated Master of Science)",AI,OBC-NCL,Gender-Neutral,28766,32041
Sant Longowal Institute of Engineering and Technology,"Physics (5 Years, Integrated Master of Science)",AI,SC,Gender-Neutral,13701,15373
Sant Longowal Institute of Engineering and Technology,"Physics (5 Years, Integrated Master of Science)",AI,ST,Gender-Neutral,6758,7403
"Mizoram University, Aizawl","Architecture (5 Years, Bachelor of Architecture)",AI,OPEN,Gender-Neutral,1696,1858
"Mizoram University, Aizawl","Architecture (5 Years, Bachelor of Architecture)",AI,EWS,Gender-Neutral,753,756
"Mizoram University, Aizawl","Architecture (5 Years, Bachelor of Architecture)",AI,SC,Gender-Neutral,332,453
"Mizoram University, Aizawl","Architecture (5 Years, Bachelor of Architecture)",AI,ST,Gender-Neutral,217,241
"Mizoram University, Aizawl","Civil Engineering (4 Years, Bachelor of Technology)",AI,OPEN,Gender-Neutral,85431,91633
"Mizoram University, Aizawl","Civil Engineering (4 Years, Bachelor of Technology)",AI,EWS,Gender-Neutral,16045,16056
"Mizoram University, Aizawl","Civil Engineering (4 Years, Bachelor of Technology)",AI,SC,Gender-Neutral,14313,14742
"Mizoram University, Aizawl","Civil Engineering (4 Years, Bachelor of Technology)",AI,ST,Gender-Neutral,4221,6172
"Mizoram University, Aizawl","Computer Engineering (4 Years, Bachelor of Technology)",AI,OPEN,Gender-Neutral,41249,67924
"Mizoram University, Aizawl","Computer Engineering (4 Years, Bachelor of Technology)",AI,EWS,Gender-Neutral,11343,11627
"Mizoram University, Aizawl","Computer Engineering (4 Years, Bachelor of Technology)",AI,SC,Gender-Neutral,9992,11551
"Mizoram University, Aizawl","Computer Engineering (4 Years, Bachelor of Technology)",AI,ST,Gender-Neutral,5652,6637
"Mizoram University, Aizawl","Electrical Engineering (4 Years, Bachelor of Technology)",AI,OPEN,Gender-Neutral,70045,82012
"Mizoram University, Aizawl","Electrical Engineering (4 Years, Bachelor of Technology)",AI,EWS,Gender-Neutral,14132,14388
"Mizoram University, Aizawl","Electrical Engineering (4 Years, Bachelor of Technology)",AI,SC,Gender-Neutral,12334,13878
"Mizoram University, Aizawl","Electrical Engineering (4 Years, Bachelor of Technology)",AI,ST,Gender-Neutral,5513,6633
"Mizoram University, Aizawl","Electronics and Communication Engineering (4 Years, Bachelor of Technology)",AI,OPEN,Gender-Neutral,67303,75755
"Mizoram University, Aizawl","Electronics and Communication Engineering (4 Years, Bachelor of Technology)",AI,EWS,Gender-Neutral,12471,13331
"Mizoram University, Aizawl","Electronics and Communication Engineering (4 Years, Bachelor of Technology)",AI,SC,Gender-Neutral,13917,14012
"Mizoram University, Aizawl","Electronics and Communication Engineering (4 Years, Bachelor of Technology)",AI,ST,Gender-Neutral,6272,6951
"Mizoram University, Aizawl","Information Technology (4 Years, Bachelor of Technology)",AI,OPEN,Gender-Neutral,59909,67630
"Mizoram University, Aizawl","Information Technology (4 Years, Bachelor of Technology)",AI,EWS,Gender-Neutral,11677,12191
"Mizoram University, Aizawl","Information Technology (4 Years, Bachelor of Technology)",AI,SC,Gender-Neutral,12069,12610
"Mizoram University, Aizawl","Information Technology (4 Years, Bachelor of Technology)",AI,ST,Gender-Neutral,5454,7234
"School of Engineering, Tezpur University, Napaam, Tezpur","Bachelor of Design (4 Years, Bachelor of Design)",AI,OPEN,Gender-Neutral,88329,90552
"School of Engineering, Tezpur University, Napaam, Tezpur","Bachelor of Design (4 Years, Bachelor of Design)",AI,OBC-NCL,Gender-Neutral,33369,33369
"School of Engineering, Tezpur University, Napaam, Tezpur","Bachelor of Design (4 Years, Bachelor of Design)",AI,SC,Gender-Neutral,14172,14172
"School of Engineering, Tezpur University, Napaam, Tezpur","Civil Engineering (4 Years, Bachelor of Technology)",AI,OPEN,Gender-Neutral,60430,90711
"School of Engineering, Tezpur University, Napaam, Tezpur","Civil Engineering (4 Years, Bachelor of Technology)",AI,EWS,Gender-Neutral,16227,16680
"School of Engineering, Tezpur University, Napaam, Tezpur","Civil Engineering (4 Years, Bachelor of Technology)",AI,OBC-NCL,Gender-Neutral,29372,33364
"School of Engineering, Tezpur University, Napaam, Tezpur","Civil Engineering (4 Years, Bachelor of Technology)",AI,SC,Gender-Neutral,12164,13855
"School of Engineering, Tezpur University, Napaam, Tezpur","Civil Engineering (4 Years, Bachelor of Technology)",AI,ST,Gender-Neutral,5102,5299
"School of Engineering, Tezpur University, Napaam, Tezpur","Computer Science and Engineering (4 Years, Bachelor of Technology)",AI,OPEN,Gender-Neutral,36742,54847
"School of Engineering, Tezpur University, Napaam, Tezpur","Computer Science and Engineering (4 Years, Bachelor of Technology)",AI,EWS,Gender-Neutral,9114,9983
"School of Engineering, Tezpur University, Napaam, Tezpur","Computer Science and Engineering (4 Years, Bachelor of Technology)",AI,OBC-NCL,Gender-Neutral,17030,19317
"School of Engineering, Tezpur University, Napaam, Tezpur","Computer Science and Engineering (4 Years, Bachelor of Technology)",AI,SC,Gender-Neutral,7317,8680
"School of Engineering, Tezpur University, Napaam, Tezpur","Computer Science and Engineering (4 Years, Bachelor of Technology)",AI,ST,Gender-Neutral,3737,3737
"School of Engineering, Tezpur University, Napaam, Tezpur","Electrical Engineering (4 Years, Bachelor of Technology)",AI,OPEN,Gender-Neutral,59765,72639
"School of Engineering, Tezpur University, Napaam, Tezpur","Electrical Engineering (4 Years, Bachelor of Technology)",AI,EWS,Gender-Neutral,13759,13775
"School of Engineering, Tezpur University, Napaam, Tezpur","Electrical Engineering (4 Years, Bachelor of Technology)",AI,OBC-NCL,Gender-Neutral,22993,24113
"School of Engineering, Tezpur University, Napaam, Tezpur","Electrical Engineering (4 Years, Bachelor of Technology)",AI,SC,Gender-Neutral,10409,10867
"School of Engineering, Tezpur University, Napaam, Tezpur","Electrical Engineering (4 Years, Bachelor of Technology)",AI,ST,Gender-Neutral,3818,3818
"School of Engineering, Tezpur University, Napaam, Tezpur","Electronics and Communication Engineering (4 Years, Bachelor of Technology)",AI,OPEN,Gender-Neutral,55855,66962
"School of Engineering, Tezpur University, Napaam, Tezpur","Electronics and Communication Engineering (4 Years, Bachelor of Technology)",AI,EWS,Gender-Neutral,11625,11913
"School of Engineering, Tezpur University, Napaam, Tezpur","Electronics and Communication Engineering (4 Years, Bachelor of Technology)",AI,OBC-NCL,Gender-Neutral,20839,22971
"School of Engineering, Tezpur University, Napaam, Tezpur","Electronics and Communication Engineering (4 Years, Bachelor of Technology)",AI,SC,Gender-Neutral,8740,9926
"School of Engineering, Tezpur University, Napaam, Tezpur","Electronics and Communication Engineering (4 Years, Bachelor of Technology)",AI,ST,Gender-Neutral,4773,5346
"School of Engineering, Tezpur University, Napaam, Tezpur","Food Engineering and Technology (4 Years, Bachelor of Technology)",AI,OPEN,Gender-Neutral,61553,103301
"School of Engineering, Tezpur University, Napaam, Tezpur","Food Engineering and Technology (4 Years, Bachelor of Technology)",AI,EWS,Gender-Neutral,17715,17837
"School of Engineering, Tezpur University, Napaam, Tezpur","Food Engineering and Technology (4 Years, Bachelor of Technology)",AI,OBC-NCL,Gender-Neutral,34720,36969
"School of Engineering, Tezpur University, Napaam, Tezpur","Food Engineering and Technology (4 Years, Bachelor of Technology)",AI,SC,Gender-Neutral,13424,15702
"School of Engineering, Tezpur University, Napaam, Tezpur","Food Engineering and Technology (4 Years, Bachelor of Technology)",AI,ST,Gender-Neutral,5951,6458
"School of Engineering, Tezpur University, Napaam, Tezpur","Mechanical Engineering (4 Years, Bachelor of Technology)",AI,OPEN,Gender-Neutral,69214,78854
"School of Engineering, Tezpur University, Napaam, Tezpur","Mechanical Engineering (4 Years, Bachelor of Technology)",AI,EWS,Gender-Neutral,14421,14911
"School of Engineering, Tezpur University, Napaam, Tezpur","Mechanical Engineering (4 Years, Bachelor of Technology)",AI,OBC-NCL,Gender-Neutral,24825,27364
"School of Engineering, Tezpur University, Napaam, Tezpur","Mechanical Engineering (4 Years, Bachelor of Technology)",AI,SC,Gender-Neutral,9963,12947
"School of Engineering, Tezpur University, Napaam, Tezpur","Mechanical Engineering (4 Years, Bachelor of Technology)",AI,ST,Gender-Neutral,5422,5688
"School of Planning & Architecture, Bhopal","Architecture (5 Years, Bachelor of Architecture)",AI,OPEN,Gender-Neutral,59,682
"School of Planning & Architecture, Bhopal","Architecture (5 Years, Bachelor of Architecture)",AI,OPEN (PwD),Gender-Neutral,144,144
"School of Planning & Architecture, Bhopal","Architecture (5 Years, Bachelor of Architecture)",AI,EWS,Gender-Neutral,129,613
"School of Planning & Architecture, Bhopal","Architecture (5 Years, Bachelor of Architecture)",AI,OBC-NCL,Gender-Neutral,287,687
"School of Planning & Architecture, Bhopal","Architecture (5 Years, Bachelor of Architecture)",AI,SC,Gender-Neutral,36,312
"School of Planning & Architecture, Bhopal","Architecture (5 Years, Bachelor of Architecture)",AI,ST,Gender-Neutral,16,155
"School of Planning & Architecture, Bhopal","Planning (4 Years, Bachelor of Planning)",AI,OPEN,Gender-Neutral,109,961
"School of Planning & Architecture, Bhopal","Planning (4 Years, Bachelor of Planning)",AI,EWS,Gender-Neutral,184,261
"School of Planning & Architecture, Bhopal","Planning (4 Years, Bachelor of Planning)",AI,OBC-NCL,Gender-Neutral,287,601
"School of Planning & Architecture, Bhopal","Planning (4 Years, Bachelor of Planning)",AI,SC,Gender-Neutral,174,357
"School of Planning & Architecture, Bhopal","Planning (4 Years, Bachelor of Planning)",AI,ST,Gender-Neutral,74,189
"School of Planning & Architecture, New Delhi","Architecture (5 Years, Bachelor of Architecture)",AI,OPEN,Gender-Neutral,3,238
"School of Planning & Architecture, New Delhi","Architecture (5 Years, Bachelor of Architecture)",AI,OPEN (PwD),Gender-Neutral,1,47
"School of Planning & Architecture, New Delhi","Architecture (5 Years, Bachelor of Architecture)",AI,EWS,Gender-Neutral,27,339
"School of Planning & Architecture, New Delhi","Architecture (5 Years, Bachelor of Architecture)",AI,OBC-NCL,Gender-Neutral,76,380
"School of Planning & Architecture, New Delhi","Architecture (5 Years, Bachelor of Architecture)",AI,SC,Gender-Neutral,9,172
"School of Planning & Architecture, New Delhi","Architecture (5 Years, Bachelor of Architecture)",AI,ST,Gender-Neutral,12,48
"School of Planning & Architecture, New Delhi","Planning (4 Years, Bachelor of Planning)",AI,OPEN,Gender-Neutral,57,435
"School of Planning & Architecture, New Delhi","Planning (4 Years, Bachelor of Planning)",AI,OPEN (PwD),Gender-Neutral,12,12
"School of Planning & Architecture, New Delhi","Planning (4 Years, Bachelor of Planning)",AI,EWS,Gender-Neutral,85,217
"School of Planning & Architecture, New Delhi","Planning (4 Years, Bachelor of Planning)",AI,OBC-NCL,Gender-Neutral,156,550
"School of Planning & Architecture, New Delhi","Planning (4 Years, Bachelor of Planning)",AI,SC,Gender-Neutral,24,153
"School of Planning & Architecture, New Delhi","Planning (4 Years, Bachelor of Planning)",AI,ST,Gender-Neutral,19,120
School of Planning & Architecture: Vijayawada,"Architecture (5 Years, Bachelor of Architecture)",AI,OPEN,Gender-Neutral,60,798
School of Planning & Architecture: Vijayawada,"Architecture (5 Years, Bachelor of Architecture)",AI,OPEN (PwD),Gender-Neutral,93,118
School of Planning & Architecture: Vijayawada,"Architecture (5 Years, Bachelor of Architecture)",AI,EWS,Gender-Neutral,148,626
School of Planning & Architecture: Vijayawada,"Architecture (5 Years, Bachelor of Architecture)",AI,OBC-NCL,Gender-Neutral,271,682
School of Planning & Architecture: Vijayawada,"Architecture (5 Years, Bachelor of Architecture)",AI,SC,Gender-Neutral,68,375
School of Planning & Architecture: Vijayawada,"Architecture (5 Years, Bachelor of Architecture)",AI,ST,Gender-Neutral,88,188
School of Planning & Architecture: Vijayawada,"Planning (4 Years, Bachelor of Planning)",AI,OPEN,Gender-Neutral,226,971
School of Planning & Architecture: Vijayawada,"Planning (4 Years, Bachelor of Planning)",AI,OPEN (PwD),Gender-Neutral,113,113
School of Planning & Architecture: Vijayawada,"Planning (4 Years, Bachelor of Planning)",AI,EWS,Gender-Neutral,223,280
School of Planning & Architecture: Vijayawada,"Planning (4 Years, Bachelor of Planning)",AI,OBC-NCL,Gender-Neutral,347,650
School of Planning & Architecture: Vijayawada,"Planning (4 Years, Bachelor of Planning)",AI,SC,Gender-Neutral,82,349
School of Planning & Architecture: Vijayawada,"Planning (4 Years, Bachelor of Planning)",AI,ST,Gender-Neutral,129,224
"Shri Mata Vaishno Devi University, Katra, Jammu & Kashmir","Architecture (5 Years, Bachelor of Architecture)",AI,OPEN,Gender-Neutral,1613,1780
"Shri Mata Vaishno Devi University, Katra, Jammu & Kashmir","Architecture (5 Years, Bachelor of Architecture)",AI,EWS,Gender-Neutral,752,752
"Shri Mata Vaishno Devi University, Katra, Jammu & Kashmir","Architecture (5 Years, Bachelor of Architecture)",AI,OBC-NCL,Gender-Neutral,997,1040
"Shri Mata Vaishno Devi University, Katra, Jammu & Kashmir","Architecture (5 Years, Bachelor of Architecture)",AI,SC,Gender-Neutral,456,456
"Shri Mata Vaishno Devi University, Katra, Jammu & Kashmir","Architecture (5 Years, Bachelor of Architecture)",AI,ST,Gender-Neutral,202,202
"Shri Mata Vaishno Devi University, Katra, Jammu & Kashmir","B.Tech in Mathematics and Computing (4 Years, Bachelor of Technology)",AI,OPEN,Gender-Neutral,45361,64804
"Shri Mata Vaishno Devi University, Katra, Jammu & Kashmir","B.Tech in Mathematics and Computing (4 Years, Bachelor of Technology)",AI,EWS,Gender-Neutral,10794,10804
"Shri Mata Vaishno Devi University, Katra, Jammu & Kashmir","B.Tech in Mathematics and Computing (4 Years, Bachelor of Technology)",AI,OBC-NCL,Gender-Neutral,19802,24297
"Shri Mata Vaishno Devi University, Katra, Jammu & Kashmir","B.Tech in Mathematics and Computing (4 Years, Bachelor of Technology)",AI,SC,Gender-Neutral,11822,12976
"Shri Mata Vaishno Devi University, Katra, Jammu & Kashmir","B.Tech in Mathematics and Computing (4 Years, Bachelor of Technology)",AI,ST,Gender-Neutral,6506,6812
"Shri Mata Vaishno Devi University, Katra, Jammu & Kashmir","Bio Technology (4 Years, Bachelor of Technology)",AI,OPEN,Gender-Neutral,60123,84922
"Shri Mata Vaishno Devi University, Katra, Jammu & Kashmir","Bio Technology (4 Years, Bachelor of Technology)",AI,EWS,Gender-Neutral,15414,15870
"Shri Mata Vaishno Devi University, Katra, Jammu & Kashmir","Bio Technology (4 Years, Bachelor of Technology)",AI,OBC-NCL,Gender-Neutral,29341,31544
"Shri Mata Vaishno Devi University, Katra, Jammu & Kashmir","Bio Technology (4 Years, Bachelor of Technology)",AI,SC,Gender-Neutral,13891,14717
"Shri Mata Vaishno Devi University, Katra, Jammu & Kashmir","Bio Technology (4 Years, Bachelor of Technology)",AI,ST,Gender-Neutral,6246,7227
"Shri Mata Vaishno Devi University, Katra, Jammu & Kashmir","Civil Engineering (4 Years, Bachelor of Technology)",AI,OPEN,Gender-Neutral,73723,92789
"Shri Mata Vaishno Devi University, Katra, Jammu & Kashmir","Civil Engineering (4 Years, Bachelor of Technology)",AI,EWS,Gender-Neutral,15790,16665
"Shri Mata Vaishno Devi University, Katra, Jammu & Kashmir","Civil Engineering (4 Years, Bachelor of Technology)",AI,OBC-NCL,Gender-Neutral,30925,31717
"Shri Mata Vaishno Devi University, Katra, Jammu & Kashmir","Civil Engineering (4 Years, Bachelor of Technology)",AI,SC,Gender-Neutral,12390,15348
"Shri Mata Vaishno Devi University, Katra, Jammu & Kashmir","Civil Engineering (4 Years, Bachelor of Technology)",AI,ST,Gender-Neutral,6656,6680
"Shri Mata Vaishno Devi University, Katra, Jammu & Kashmir","Computer Science and Engineering (4 Years, Bachelor of Technology)",AI,OPEN,Gender-Neutral,40771,58592
"Shri Mata Vaishno Devi University, Katra, Jammu & Kashmir","Computer Science and Engineering (4 Years, Bachelor of Technology)",AI,EWS,Gender-Neutral,9699,10476
"Shri Mata Vaishno Devi University, Katra, Jammu & Kashmir","Computer Science and Engineering (4 Years, Bachelor of Technology)",AI,OBC-NCL,Gender-Neutral,17825,22490
"Shri Mata Vaishno Devi University, Katra, Jammu & Kashmir","Computer Science and Engineering (4 Years, Bachelor of Technology)",AI,SC,Gender-Neutral,9602,11813
"Shri Mata Vaishno Devi University, Katra, Jammu & Kashmir","Computer Science and Engineering (4 Years, Bachelor of Technology)",AI,ST,Gender-Neutral,4703,5787
"Shri Mata Vaishno Devi University, Katra, Jammu & Kashmir","Electrical Engineering (4 Years, Bachelor of Technology)",AI,OPEN,Gender-Neutral,56159,77791
"Shri Mata Vaishno Devi University, Katra, Jammu & Kashmir","Electrical Engineering (4 Years, Bachelor of Technology)",AI,EWS,Gender-Neutral,13178,13637
"Shri Mata Vaishno Devi University, Katra, Jammu & Kashmir","Electrical Engineering (4 Years, Bachelor of Technology)",AI,OBC-NCL,Gender-Neutral,26018,28396
"Shri Mata Vaishno Devi University, Katra, Jammu & Kashmir","Electrical Engineering (4 Years, Bachelor of Technology)",AI,SC,Gender-Neutral,13624,14236
"Shri Mata Vaishno Devi University, Katra, Jammu & Kashmir","Electrical Engineering (4 Years, Bachelor of Technology)",AI,ST,Gender-Neutral,6696,6958
"Shri Mata Vaishno Devi University, Katra, Jammu & Kashmir","Electronics and Communication Engineering (4 Years, Bachelor of Technology)",AI,OPEN,Gender-Neutral,45527,73241
"Shri Mata Vaishno Devi University, Katra, Jammu & Kashmir","Electronics and Communication Engineering (4 Years, Bachelor of Technology)",AI,EWS,Gender-Neutral,12181,12926
"Shri Mata Vaishno Devi University, Katra, Jammu & Kashmir","Electronics and Communication Engineering (4 Years, Bachelor of Technology)",AI,OBC-NCL,Gender-Neutral,22532,25883
"Shri Mata Vaishno Devi University, Katra, Jammu & Kashmir","Electronics and Communication Engineering (4 Years, Bachelor of Technology)",AI,SC,Gender-Neutral,11333,14076
"Shri Mata Vaishno Devi University, Katra, Jammu & Kashmir","Electronics and Communication Engineering (4 Years, Bachelor of Technology)",AI,ST,Gender-Neutral,6407,7226
"Shri Mata Vaishno Devi University, Katra, Jammu & Kashmir","Mechanical Engineering (4 Years, Bachelor of Technology)",AI,OPEN,Gender-Neutral,67920,85627
"Shri Mata Vaishno Devi University, Katra, Jammu & Kashmir","Mechanical Engineering (4 Years, Bachelor of Technology)",AI,EWS,Gender-Neutral,14809,15344
"Shri Mata Vaishno Devi University, Katra, Jammu & Kashmir","Mechanical Engineering (4 Years, Bachelor of Technology)",AI,OBC-NCL,Gender-Neutral,27478,30670
"Shri Mata Vaishno Devi University, Katra, Jammu & Kashmir","Mechanical Engineering (4 Years, Bachelor of Technology)",AI,SC,Gender-Neutral,12901,14790
"Shri Mata Vaishno Devi University, Katra, Jammu & Kashmir","Mechanical Engineering (4 Years, Bachelor of Technology)",AI,ST,Gender-Neutral,7446,7475
"International Institute of Information Technology, Naya Raipur","Computer Science and Engineering (4 Years, Bachelor of Technology)",AI,OPEN,Gender-Neutral,15524,17755
"International Institute of Information Technology, Naya Raipur","Computer Science and Engineering (4 Years, Bachelor of Technology)",AI,EWS,Gender-Neutral,3076,3394
"International Institute of Information Technology, Naya Raipur","Computer Science and Engineering (4 Years, Bachelor of Technology)",AI,OBC-NCL,Gender-Neutral,6083,8125
"International Institute of Information Technology, Naya Raipur","Computer Science and Engineering (4 Years, Bachelor of Technology)",AI,SC,Gender-Neutral,4402,5728
"International Institute of Information Technology, Naya Raipur","Computer Science and Engineering (4 Years, Bachelor of Technology)",AI,SC (PwD),Gender-Neutral,56,56
"International Institute of Information Technology, Naya Raipur","Computer Science and Engineering (4 Years, Bachelor of Technology)",AI,ST,Gender-Neutral,2500,2821
"International Institute of Information Technology, Naya Raipur","Data Science and Artificial Intelligence (4 Years, Bachelor of Technology)",AI,OPEN,Gender-Neutral,17794,21044
"International Institute of Information Technology, Naya Raipur","Data Science and Artificial Intelligence (4 Years, Bachelor of Technology)",AI,OPEN (PwD),Gender-Neutral,832,832
"International Institute of Information Technology, Naya Raipur","Data Science and Artificial Intelligence (4 Years, Bachelor of Technology)",AI,EWS,Gender-Neutral,3491,3700
"International Institute of Information Technology, Naya Raipur","Data Science and Artificial Intelligence (4 Years, Bachelor of Technology)",AI,OBC-NCL,Gender-Neutral,8768,9569
"International Institute of Information Technology, Naya Raipur","Data Science and Artificial Intelligence (4 Years, Bachelor of Technology)",AI,SC,Gender-Neutral,3440,6158
"International Institute of Information Technology, Naya Raipur","Data Science and Artificial Intelligence (4 Years, Bachelor of Technology)",AI,ST,Gender-Neutral,3195,3578
"International Institute of Information Technology, Naya Raipur","Electronics and Communication Engineering (4 Years, Bachelor of Technology)",AI,OPEN,Gender-Neutral,21468,30426
"International Institute of Information Technology, Naya Raipur","Electronics and Communication Engineering (4 Years, Bachelor of Technology)",AI,OPEN (PwD),Gender-Neutral,2319,2319
"International Institute of Information Technology, Naya Raipur","Electronics and Communication Engineering (4 Years, Bachelor of Technology)",AI,EWS,Gender-Neutral,5141,5621
"International Institute of Information Technology, Naya Raipur","Electronics and Communication Engineering (4 Years, Bachelor of Technology)",AI,OBC-NCL,Gender-Neutral,9866,12608
"International Institute of Information Technology, Naya Raipur","Electronics and Communication Engineering (4 Years, Bachelor of Technology)",AI,SC,Gender-Neutral,7362,9266
"International Institute of Information Technology, Naya Raipur","Electronics and Communication Engineering (4 Years, Bachelor of Technology)",AI,ST,Gender-Neutral,3144,4239
University of Hyderabad,"Computer Science and Engineering (5 Years, Bachelor and Master of Technology (Dual Degree))",AI,OPEN,Gender-Neutral,15170,31207
University of Hyderabad,"Computer Science and Engineering (5 Years, Bachelor and Master of Technology (Dual Degree))",AI,OPEN (PwD),Gender-Neutral,741,741
University of Hyderabad,"Computer Science and Engineering (5 Years, Bachelor and Master of Technology (Dual Degree))",AI,EWS,Gender-Neutral,5231,5859
University of Hyderabad,"Computer Science and Engineering (5 Years, Bachelor and Master of Technology (Dual Degree))",AI,OBC-NCL,Gender-Neutral,8617,13867
University of Hyderabad,"Computer Science and Engineering (5 Years, Bachelor and Master of Technology (Dual Degree))",AI,OBC-NCL (PwD),Gender-Neutral,563,563
University of Hyderabad,"Computer Science and Engineering (5 Years, Bachelor and Master of Technology (Dual Degree))",AI,SC,Gender-Neutral,3887,6804
University of Hyderabad,"Computer Science and Engineering (5 Years, Bachelor and Master of Technology (Dual Degree))",AI,ST,Gender-Neutral,780,2939
University of Hyderabad,"Materials Engineering (5 Years, Integrated Master of Technology)",AI,OPEN,Gender-Neutral,40516,65649
University of Hyderabad,"Materials Engineering (5 Years, Integrated Master of Technology)",AI,OPEN (PwD),Gender-Neutral,438,438
University of Hyderabad,"Materials Engineering (5 Years, Integrated Master of Technology)",AI,EWS,Gender-Neutral,11697,12482
University of Hyderabad,"Materials Engineering (5 Years, Integrated Master of Technology)",AI,OBC-NCL,Gender-Neutral,19916,23228
University of Hyderabad,"Materials Engineering (5 Years, Integrated Master of Technology)",AI,OBC-NCL (PwD),Gender-Neutral,810,810
University of Hyderabad,"Materials Engineering (5 Years, Integrated Master of Technology)",AI,SC,Gender-Neutral,9638,12127
University of Hyderabad,"Materials Engineering (5 Years, Integrated Master of Technology)",AI,ST,Gender-Neutral,5048,5347
"Punjab Engineering College, Chandigarh","Aerospace Engineering (4 Years, Bachelor of Technology)",HS,OPEN,Gender-Neutral,23988,48993
"Punjab Engineering College, Chandigarh","Aerospace Engineering (4 Years, Bachelor of Technology)",HS,EWS,Gender-Neutral,15318,15318
"Punjab Engineering College, Chandigarh","Aerospace Engineering (4 Years, Bachelor of Technology)",HS,SC,Gender-Neutral,9875,11723
"Punjab Engineering College, Chandigarh","Aerospace Engineering (4 Years, Bachelor of Technology)",OS,OPEN,Gender-Neutral,18381,30665
"Punjab Engineering College, Chandigarh","Aerospace Engineering (4 Years, Bachelor of Technology)",OS,EWS,Gender-Neutral,5472,6643
"Punjab Engineering College, Chandigarh","Aerospace Engineering (4 Years, Bachelor of Technology)",OS,SC,Gender-Neutral,3257,4771
"Punjab Engineering College, Chandigarh","Aerospace Engineering (4 Years, Bachelor of Technology)",OS,ST,Gender-Neutral,3072,3072
"Punjab Engineering College, Chandigarh","Civil Engineering (4 Years, Bachelor of Technology)",HS,OPEN,Gender-Neutral,38672,80056
"Punjab Engineering College, Chandigarh","Civil Engineering (4 Years, Bachelor of Technology)",HS,EWS,Gender-Neutral,21639,67000
"Punjab Engineering College, Chandigarh","Civil Engineering (4 Years, Bachelor of Technology)",HS,SC,Gender-Neutral,15769,25411
"Punjab Engineering College, Chandigarh","Civil Engineering (4 Years, Bachelor of Technology)",OS,OPEN,Gender-Neutral,33309,49990
"Punjab Engineering College, Chandigarh","Civil Engineering (4 Years, Bachelor of Technology)",OS,EWS,Gender-Neutral,8079,8691
"Punjab Engineering College, Chandigarh","Civil Engineering (4 Years, Bachelor of Technology)",OS,SC,Gender-Neutral,6356,10036
"Punjab Engineering College, Chandigarh","Civil Engineering (4 Years, Bachelor of Technology)",OS,ST,Gender-Neutral,2729,3040
"Punjab Engineering College, Chandigarh","Computer Science and Engineering (4 Years, Bachelor of Technology)",HS,OPEN,Gender-Neutral,4955,16117
"Punjab Engineering College, Chandigarh","Computer Science and Engineering (4 Years, Bachelor of Technology)",HS,OPEN (PwD),Gender-Neutral,228,757
"Punjab Engineering College, Chandigarh","Computer Science and Engineering (4 Years, Bachelor of Technology)",HS,EWS,Gender-Neutral,5473,9313
"Punjab Engineering College, Chandigarh","Computer Science and Engineering (4 Years, Bachelor of Technology)",HS,EWS (PwD),Gender-Neutral,156,156
"Punjab Engineering College, Chandigarh","Computer Science and Engineering (4 Years, Bachelor of Technology)",HS,SC,Gender-Neutral,1567,4240
"Punjab Engineering College, Chandigarh","Computer Science and Engineering (4 Years, Bachelor of Technology)",OS,OPEN,Gender-Neutral,3809,10291
"Punjab Engineering College, Chandigarh","Computer Science and Engineering (4 Years, Bachelor of Technology)",OS,OPEN (PwD),Gender-Neutral,415,740
"Punjab Engineering College, Chandigarh","Computer Science and Engineering (4 Years, Bachelor of Technology)",OS,EWS,Gender-Neutral,1879,2267
"Punjab Engineering College, Chandigarh","Computer Science and Engineering (4 Years, Bachelor of Technology)",OS,SC,Gender-Neutral,811,3754
"Punjab Engineering College, Chandigarh","Computer Science and Engineering (4 Years, Bachelor of Technology)",OS,ST,Gender-Neutral,664,1189
"Punjab Engineering College, Chandigarh","Computer Science Engineering (Artificial Intelligence) (4 Years, B. Tech / B. Tech (Hons.))",HS,OPEN,Gender-Neutral,12134,17512
"Punjab Engineering College, Chandigarh","Computer Science Engineering (Artificial Intelligence) (4 Years, B. Tech / B. Tech (Hons.))",HS,EWS,Gender-Neutral,9620,10083
"Punjab Engineering College, Chandigarh","Computer Science Engineering (Artificial Intelligence) (4 Years, B. Tech / B. Tech (Hons.))",HS,SC,Gender-Neutral,1833,2079
"Punjab Engineering College, Chandigarh","Computer Science Engineering (Artificial Intelligence) (4 Years, B. Tech / B. Tech (Hons.))",OS,OPEN,Gender-Neutral,6274,11076
"Punjab Engineering College, Chandigarh","Computer Science Engineering (Artificial Intelligence) (4 Years, B. Tech / B. Tech (Hons.))",OS,OPEN (PwD),Gender-Neutral,275,275
"Punjab Engineering College, Chandigarh","Computer Science Engineering (Artificial Intelligence) (4 Years, B. Tech / B. Tech (Hons.))",OS,EWS,Gender-Neutral,2234,2234
"Punjab Engineering College, Chandigarh","Computer Science Engineering (Artificial Intelligence) (4 Years, B. Tech / B. Tech (Hons.))",OS,SC,Gender-Neutral,1743,2973
"Punjab Engineering College, Chandigarh","Computer Science Engineering (Artificial Intelligence) (4 Years, B. Tech / B. Tech (Hons.))",OS,ST,Gender-Neutral,2065,2065
"Punjab Engineering College, Chandigarh","Computer Science Engineering (Data Science) (4 Years, B. Tech / B. Tech (Hons.))",HS,OPEN,Gender-Neutral,17126,20656
"Punjab Engineering College, Chandigarh","Computer Science Engineering (Data Science) (4 Years, B. Tech / B. Tech (Hons.))",HS,EWS,Gender-Neutral,3420,10314
"Punjab Engineering College, Chandigarh","Computer Science Engineering (Data Science) (4 Years, B. Tech / B. Tech (Hons.))",HS,SC,Gender-Neutral,3422,5305
"Punjab Engineering College, Chandigarh","Computer Science Engineering (Data Science) (4 Years, B. Tech / B. Tech (Hons.))",OS,OPEN,Gender-Neutral,11184,13235
"Punjab Engineering College, Chandigarh","Computer Science Engineering (Data Science) (4 Years, B. Tech / B. Tech (Hons.))",OS,OPEN (PwD),Gender-Neutral,762,762
"Punjab Engineering College, Chandigarh","Computer Science Engineering (Data Science) (4 Years, B. Tech / B. Tech (Hons.))",OS,EWS,Gender-Neutral,2401,2482
"Punjab Engineering College, Chandigarh","Computer Science Engineering (Data Science) (4 Years, B. Tech / B. Tech (Hons.))",OS,SC,Gender-Neutral,2939,3789
"Punjab Engineering College, Chandigarh","Computer Science Engineering (Data Science) (4 Years, B. Tech / B. Tech (Hons.))",OS,ST,Gender-Neutral,2270,2270
"Punjab Engineering College, Chandigarh","Electrical Engineering (4 Years, Bachelor of Technology)",HS,OPEN,Gender-Neutral,30744,40616
"Punjab Engineering College, Chandigarh","Electrical Engineering (4 Years, Bachelor of Technology)",HS,EWS,Gender-Neutral,17723,21553
"Punjab Engineering College, Chandigarh","Electrical Engineering (4 Years, Bachelor of Technology)",HS,SC,Gender-Neutral,10351,13386
"Punjab Engineering College, Chandigarh","Electrical Engineering (4 Years, Bachelor of Technology)",OS,OPEN,Gender-Neutral,21167,26838
"Punjab Engineering College, Chandigarh","Electrical Engineering (4 Years, Bachelor of Technology)",OS,OPEN (PwD),Gender-Neutral,2214,3465
"Punjab Engineering College, Chandigarh","Electrical Engineering (4 Years, Bachelor of Technology)",OS,EWS,Gender-Neutral,4545,4848
"Punjab Engineering College, Chandigarh","Electrical Engineering (4 Years, Bachelor of Technology)",OS,SC,Gender-Neutral,3968,6097
"Punjab Engineering College, Chandigarh","Electrical Engineering (4 Years, Bachelor of Technology)",OS,ST,Gender-Neutral,2698,3621
"Punjab Engineering College, Chandigarh","Electronics and Communication Engineering (4 Years, Bachelor of Technology)",HS,OPEN,Gender-Neutral,16734,29868
"Punjab Engineering College, Chandigarh","Electronics and Communication Engineering (4 Years, Bachelor of Technology)",HS,EWS,Gender-Neutral,12535,15050
"Punjab Engineering College, Chandigarh","Electronics and Communication Engineering (4 Years, Bachelor of Technology)",HS,SC,Gender-Neutral,5600,9451
"Punjab Engineering College, Chandigarh","Electronics and Communication Engineering (4 Years, Bachelor of Technology)",OS,OPEN,Gender-Neutral,10301,19289
"Punjab Engineering College, Chandigarh","Electronics and Communication Engineering (4 Years, Bachelor of Technology)",OS,OPEN (PwD),Gender-Neutral,1294,1406
"Punjab Engineering College, Chandigarh","Electronics and Communication Engineering (4 Years, Bachelor of Technology)",OS,EWS,Gender-Neutral,3082,3467
"Punjab Engineering College, Chandigarh","Electronics and Communication Engineering (4 Years, Bachelor of Technology)",OS,SC,Gender-Neutral,3827,4981
"Punjab Engineering College, Chandigarh","Electronics and Communication Engineering (4 Years, Bachelor of Technology)",OS,ST,Gender-Neutral,2286,3038
"Punjab Engineering College, Chandigarh","Electronics Engineering (VLSI Design and Technology) (4 Years, Bachelor of Technology)",HS,OPEN,Gender-Neutral,24461,31419
"Punjab Engineering College, Chandigarh","Electronics Engineering (VLSI Design and Technology) (4 Years, Bachelor of Technology)",HS,EWS,Gender-Neutral,16160,16160
"Punjab Engineering College, Chandigarh","Electronics Engineering (VLSI Design and Technology) (4 Years, Bachelor of Technology)",HS,SC,Gender-Neutral,9876,10080
"Punjab Engineering College, Chandigarh","Electronics Engineering (VLSI Design and Technology) (4 Years, Bachelor of Technology)",OS,OPEN,Gender-Neutral,18655,20279
"Punjab Engineering College, Chandigarh","Electronics Engineering (VLSI Design and Technology) (4 Years, Bachelor of Technology)",OS,EWS,Gender-Neutral,3291,3598
"Punjab Engineering College, Chandigarh","Electronics Engineering (VLSI Design and Technology) (4 Years, Bachelor of Technology)",OS,SC,Gender-Neutral,5014,5346
"Punjab Engineering College, Chandigarh","Electronics Engineering (VLSI Design and Technology) (4 Years, Bachelor of Technology)",OS,ST,Gender-Neutral,3170,3170
"Punjab Engineering College, Chandigarh","Mathematics and Computing (4 Years, Bachelor of Technology)",HS,OPEN,Gender-Neutral,18756,23718
"Punjab Engineering College, Chandigarh","Mathematics and Computing (4 Years, Bachelor of Technology)",HS,EWS,Gender-Neutral,10478,10478
"Punjab Engineering College, Chandigarh","Mathematics and Computing (4 Years, Bachelor of Technology)",HS,SC,Gender-Neutral,8200,9452
"Punjab Engineering College, Chandigarh","Mathematics and Computing (4 Years, Bachelor of Technology)",OS,OPEN,Gender-Neutral,13578,15326
"Punjab Engineering College, Chandigarh","Mathematics and Computing (4 Years, Bachelor of Technology)",OS,EWS,Gender-Neutral,2379,2514
"Punjab Engineering College, Chandigarh","Mathematics and Computing (4 Years, Bachelor of Technology)",OS,SC,Gender-Neutral,4160,5548
"Punjab Engineering College, Chandigarh","Mathematics and Computing (4 Years, Bachelor of Technology)",OS,ST,Gender-Neutral,2478,2478
"Punjab Engineering College, Chandigarh","Mechanical Engineering (4 Years, Bachelor of Technology)",HS,OPEN,Gender-Neutral,38352,54261
"Punjab Engineering College, Chandigarh","Mechanical Engineering (4 Years, Bachelor of Technology)",HS,EWS,Gender-Neutral,21404,40381
"Punjab Engineering College, Chandigarh","Mechanical Engineering (4 Years, Bachelor of Technology)",HS,SC,Gender-Neutral,10343,19994
"Punjab Engineering College, Chandigarh","Mechanical Engineering (4 Years, Bachelor of Technology)",OS,OPEN,Gender-Neutral,26661,38891
"Punjab Engineering College, Chandigarh","Mechanical Engineering (4 Years, Bachelor of Technology)",OS,OPEN (PwD),Gender-Neutral,3446,3569
"Punjab Engineering College, Chandigarh","Mechanical Engineering (4 Years, Bachelor of Technology)",OS,EWS,Gender-Neutral,6780,7193
"Punjab Engineering College, Chandigarh","Mechanical Engineering (4 Years, Bachelor of Technology)",OS,SC,Gender-Neutral,6273,9547
"Punjab Engineering College, Chandigarh","Mechanical Engineering (4 Years, Bachelor of Technology)",OS,ST,Gender-Neutral,3313,4054
"Punjab Engineering College, Chandigarh","Metallurgical and Materials Engineering (4 Years, Bachelor of Technology)",HS,OPEN,Gender-Neutral,53076,84042
"Punjab Engineering College, Chandigarh","Metallurgical and Materials Engineering (4 Years, Bachelor of Technology)",HS,SC,Gender-Neutral,15363,26590
"Punjab Engineering College, Chandigarh","Metallurgical and Materials Engineering (4 Years, Bachelor of Technology)",OS,OPEN,Gender-Neutral,31093,51699
"Punjab Engineering College, Chandigarh","Metallurgical and Materials Engineering (4 Years, Bachelor of Technology)",OS,EWS,Gender-Neutral,8789,8910
"Punjab Engineering College, Chandigarh","Metallurgical and Materials Engineering (4 Years, Bachelor of Technology)",OS,SC,Gender-Neutral,9605,11438
"Punjab Engineering College, Chandigarh","Metallurgical and Materials Engineering (4 Years, Bachelor of Technology)",OS,ST,Gender-Neutral,4852,4852
"Punjab Engineering College, Chandigarh","Production and Industrial Engineering (4 Years, Bachelor of Technology)",HS,OPEN,Gender-Neutral,43358,67015
"Punjab Engineering College, Chandigarh","Production and Industrial Engineering (4 Years, Bachelor of Technology)",HS,SC,Gender-Neutral,20065,24200
"Punjab Engineering College, Chandigarh","Production and Industrial Engineering (4 Years, Bachelor of Technology)",OS,OPEN,Gender-Neutral,38953,46447
"Punjab Engineering College, Chandigarh","Production and Industrial Engineering (4 Years, Bachelor of Technology)",OS,OPEN (PwD),Gender-Neutral,3617,3617
"Punjab Engineering College, Chandigarh","Production and Industrial Engineering (4 Years, Bachelor of Technology)",OS,EWS,Gender-Neutral,7677,7872
"Punjab Engineering College, Chandigarh","Production and Industrial Engineering (4 Years, Bachelor of Technology)",OS,SC,Gender-Neutral,10106,10728
"Punjab Engineering College, Chandigarh","Production and Industrial Engineering (4 Years, Bachelor of Technology)",OS,ST,Gender-Neutral,4700,4700
"Jawaharlal Nehru University, Delhi","Computer Science and Engineering (4 Years, Bachelor of Technology)",AI,OPEN,Gender-Neutral,7777,26174
"Jawaharlal Nehru University, Delhi","Computer Science and Engineering (4 Years, Bachelor of Technology)",AI,OPEN (PwD),Gender-Neutral,561,561
"Jawaharlal Nehru University, Delhi","Computer Science and Engineering (4 Years, Bachelor of Technology)",AI,EWS,Gender-Neutral,4747,5377
"Jawaharlal Nehru University, Delhi","Computer Science and Engineering (4 Years, Bachelor of Technology)",AI,OBC-NCL,Gender-Neutral,7591,11131
"Jawaharlal Nehru University, Delhi","Computer Science and Engineering (4 Years, Bachelor of Technology)",AI,OBC-NCL (PwD),Gender-Neutral,354,354
"Jawaharlal Nehru University, Delhi","Computer Science and Engineering (4 Years, Bachelor of Technology)",AI,SC,Gender-Neutral,3375,5053
"Jawaharlal Nehru University, Delhi","Computer Science and Engineering (4 Years, Bachelor of Technology)",AI,ST,Gender-Neutral,1859,2863
"Jawaharlal Nehru University, Delhi","Electronics and Communication Engineering (4 Years, Bachelor of Technology)",AI,OPEN,Gender-Neutral,26483,34649
"Jawaharlal Nehru University, Delhi","Electronics and Communication Engineering (4 Years, Bachelor of Technology)",AI,OPEN (PwD),Gender-Neutral,947,947
"Jawaharlal Nehru University, Delhi","Electronics and Communication Engineering (4 Years, Bachelor of Technology)",AI,EWS,Gender-Neutral,5801,6581
"Jawaharlal Nehru University, Delhi","Electronics and Communication Engineering (4 Years, Bachelor of Technology)",AI,OBC-NCL,Gender-Neutral,11255,14240
"Jawaharlal Nehru University, Delhi","Electronics and Communication Engineering (4 Years, Bachelor of Technology)",AI,OBC-NCL (PwD),Gender-Neutral,1241,1241
"Jawaharlal Nehru University, Delhi","Electronics and Communication Engineering (4 Years, Bachelor of Technology)",AI,SC,Gender-Neutral,5673,7300
"Jawaharlal Nehru University, Delhi","Electronics and Communication Engineering (4 Years, Bachelor of Technology)",AI,SC (PwD),Gender-Neutral,215,215
"Jawaharlal Nehru University, Delhi","Electronics and Communication Engineering (4 Years, Bachelor of Technology)",AI,ST,Gender-Neutral,2774,3349
"International Institute of Information Technology, Bhubaneswar","Computer Engineering (4 Years, Bachelor of Technology)",AI,OPEN,Gender-Neutral,29826,32284
"International Institute of Information Technology, Bhubaneswar","Computer Engineering (4 Years, Bachelor of Technology)",AI,OPEN (PwD),Gender-Neutral,1199,1199
"International Institute of Information Technology, Bhubaneswar","Computer Engineering (4 Years, Bachelor of Technology)",AI,EWS,Gender-Neutral,5401,5672
"International Institute of Information Technology, Bhubaneswar","Computer Engineering (4 Years, Bachelor of Technology)",AI,OBC-NCL,Gender-Neutral,13423,14805
"International Institute of Information Technology, Bhubaneswar","Computer Engineering (4 Years, Bachelor of Technology)",AI,SC,Gender-Neutral,7847,8843
"International Institute of Information Technology, Bhubaneswar","Computer Engineering (4 Years, Bachelor of Technology)",AI,ST,Gender-Neutral,3687,3820
"International Institute of Information Technology, Bhubaneswar","Computer Science and Engineering (4 Years, Bachelor of Technology)",AI,OPEN,Gender-Neutral,17692,28720
"International Institute of Information Technology, Bhubaneswar","Computer Science and Engineering (4 Years, Bachelor of Technology)",AI,OPEN (PwD),Gender-Neutral,739,1145
"International Institute of Information Technology, Bhubaneswar","Computer Science and Engineering (4 Years, Bachelor of Technology)",AI,EWS,Gender-Neutral,4765,5226
"International Institute of Information Technology, Bhubaneswar","Computer Science and Engineering (4 Years, Bachelor of Technology)",AI,OBC-NCL,Gender-Neutral,8799,13051
"International Institute of Information Technology, Bhubaneswar","Computer Science and Engineering (4 Years, Bachelor of Technology)",AI,OBC-NCL (PwD),Gender-Neutral,1142,1142
"International Institute of Information Technology, Bhubaneswar","Computer Science and Engineering (4 Years, Bachelor of Technology)",AI,SC,Gender-Neutral,5599,7615
"International Institute of Information Technology, Bhubaneswar","Computer Science and Engineering (4 Years, Bachelor of Technology)",AI,ST,Gender-Neutral,2488,3504
"International Institute of Information Technology, Bhubaneswar","Electrical and Electronics Engineering (4 Years, Bachelor of Technology)",AI,OPEN,Gender-Neutral,33820,39592
"International Institute of Information Technology, Bhubaneswar","Electrical and Electronics Engineering (4 Years, Bachelor of Technology)",AI,OPEN (PwD),Gender-Neutral,2172,2172
"International Institute of Information Technology, Bhubaneswar","Electrical and Electronics Engineering (4 Years, Bachelor of Technology)",AI,EWS,Gender-Neutral,6637,6861
"International Institute of Information Technology, Bhubaneswar","Electrical and Electronics Engineering (4 Years, Bachelor of Technology)",AI,OBC-NCL,Gender-Neutral,15667,16710
"International Institute of Information Technology, Bhubaneswar","Electrical and Electronics Engineering (4 Years, Bachelor of Technology)",AI,SC,Gender-Neutral,9285,9998
"International Institute of Information Technology, Bhubaneswar","Electrical and Electronics Engineering (4 Years, Bachelor of Technology)",AI,ST,Gender-Neutral,3944,4791
"International Institute of Information Technology, Bhubaneswar","Electronics and Telecommunication Engineering (4 Years, Bachelor of Technology)",AI,OPEN,Gender-Neutral,33899,38048
"International Institute of Information Technology, Bhubaneswar","Electronics and Telecommunication Engineering (4 Years, Bachelor of Technology)",AI,OPEN (PwD),Gender-Neutral,2996,2996
"International Institute of Information Technology, Bhubaneswar","Electronics and Telecommunication Engineering (4 Years, Bachelor of Technology)",AI,EWS,Gender-Neutral,6289,6772
"International Institute of Information Technology, Bhubaneswar","Electronics and Telecommunication Engineering (4 Years, Bachelor of Technology)",AI,OBC-NCL,Gender-Neutral,14556,16085
"International Institute of Information Technology, Bhubaneswar","Electronics and Telecommunication Engineering (4 Years, Bachelor of Technology)",AI,SC,Gender-Neutral,6753,9255
"International Institute of Information Technology, Bhubaneswar","Electronics and Telecommunication Engineering (4 Years, Bachelor of Technology)",AI,ST,Gender-Neutral,2106,4587
"International Institute of Information Technology, Bhubaneswar","Information Technology (4 Years, Bachelor of Technology)",AI,OPEN,Gender-Neutral,20238,32651
"International Institute of Information Technology, Bhubaneswar","Information Technology (4 Years, Bachelor of Technology)",AI,OPEN (PwD),Gender-Neutral,1456,1456
"International Institute of Information Technology, Bhubaneswar","Information Technology (4 Years, Bachelor of Technology)",AI,EWS,Gender-Neutral,5392,5783
"International Institute of Information Technology, Bhubaneswar","Information Technology (4 Years, Bachelor of Technology)",AI,OBC-NCL,Gender-Neutral,11956,14473
"International Institute of Information Technology, Bhubaneswar","Information Technology (4 Years, Bachelor of Technology)",AI,SC,Gender-Neutral,7999,8719
"International Institute of Information Technology, Bhubaneswar","Information Technology (4 Years, Bachelor of Technology)",AI,ST,Gender-Neutral,4106,4399
"Central institute of Technology Kokrajar, Assam","Civil Engineering (4 Years, Bachelor of Technology)",AI,OPEN,Gender-Neutral,63302,63539
"Central institute of Technology Kokrajar, Assam","Civil Engineering (4 Years, Bachelor of Technology)",AI,OPEN,Female-only (including Supernumerary),88099,88099
"Central institute of Technology Kokrajar, Assam","Civil Engineering (4 Years, Bachelor of Technology)",AI,OBC-NCL,Gender-Neutral,21512,21512
"Central institute of Technology Kokrajar, Assam","Civil Engineering (4 Years, Bachelor of Technology)",AI,SC,Gender-Neutral,12214,12214
"Central institute of Technology Kokrajar, Assam","Computer Science and Engineering (4 Years, Bachelor of Technology)",AI,OPEN,Gender-Neutral,49988,54826
"Central institute of Technology Kokrajar, Assam","Computer Science and Engineering (4 Years, Bachelor of Technology)",AI,OPEN,Female-only (including Supernumerary),57078,57078
"Central institute of Technology Kokrajar, Assam","Computer Science and Engineering (4 Years, Bachelor of Technology)",AI,OPEN (PwD),Gender-Neutral,3060,3060
"Central institute of Technology Kokrajar, Assam","Computer Science and Engineering (4 Years, Bachelor of Technology)",AI,EWS,Gender-Neutral,9585,9585
"Central institute of Technology Kokrajar, Assam","Computer Science and Engineering (4 Years, Bachelor of Technology)",AI,OBC-NCL,Gender-Neutral,19530,19530
"Central institute of Technology Kokrajar, Assam","Computer Science and Engineering (4 Years, Bachelor of Technology)",AI,SC,Gender-Neutral,10212,10212
"Central institute of Technology Kokrajar, Assam","Electronics and Communication Engineering (4 Years, Bachelor of Technology)",AI,OPEN,Gender-Neutral,57634,60026
"Central institute of Technology Kokrajar, Assam","Electronics and Communication Engineering (4 Years, Bachelor of Technology)",AI,OPEN,Female-only (including Supernumerary),75040,75040
"Central institute of Technology Kokrajar, Assam","Electronics and Communication Engineering (4 Years, Bachelor of Technology)",AI,OBC-NCL,Gender-Neutral,21560,21560
"Central institute of Technology Kokrajar, Assam","Food Engineering and Technology (4 Years, Bachelor of Technology)",AI,OPEN,Gender-Neutral,80446,80446
"Central institute of Technology Kokrajar, Assam","Food Engineering and Technology (4 Years, Bachelor of Technology)",AI,OPEN,Female-only (including Supernumerary),101712,101712
"Central institute of Technology Kokrajar, Assam","Food Engineering and Technology (4 Years, Bachelor of Technology)",AI,OBC-NCL,Gender-Neutral,29380,29380
"Central institute of Technology Kokrajar, Assam","Food Engineering and Technology (4 Years, Bachelor of Technology)",AI,SC,Gender-Neutral,15171,15171
"Central institute of Technology Kokrajar, Assam","Instrumentation Engineering (4 Years, Bachelor of Technology)",AI,OPEN,Gender-Neutral,65512,65512
"Central institute of Technology Kokrajar, Assam","Instrumentation Engineering (4 Years, Bachelor of Technology)",AI,OBC-NCL,Gender-Neutral,24082,24082
"Central institute of Technology Kokrajar, Assam","Instrumentation Engineering (4 Years, Bachelor of Technology)",AI,ST,Gender-Neutral,5109,5109
"Puducherry Technological University, Puducherry","Chemical Engineering (4 Years, Bachelor of Technology)",AI,OPEN,Gender-Neutral,57098,57233
"Puducherry Technological University, Puducherry","Chemical Engineering (4 Years, Bachelor of Technology)",AI,EWS,Gender-Neutral,11282,11282
"Puducherry Technological University, Puducherry","Chemical Engineering (4 Years, Bachelor of Technology)",AI,OBC-NCL,Gender-Neutral,20050,20050
"Puducherry Technological University, Puducherry","Chemical Engineering (4 Years, Bachelor of Technology)",AI,SC,Gender-Neutral,11303,11303
"Puducherry Technological University, Puducherry","Civil Engineering (4 Years, Bachelor of Technology)",AI,OPEN,Gender-Neutral,53581,75053
"Puducherry Technological University, Puducherry","Civil Engineering (4 Years, Bachelor of Technology)",AI,OPEN (PwD),Gender-Neutral,4119,4119
"Puducherry Technological University, Puducherry","Civil Engineering (4 Years, Bachelor of Technology)",AI,EWS,Gender-Neutral,12414,14362
"Puducherry Technological University, Puducherry","Civil Engineering (4 Years, Bachelor of Technology)",AI,OBC-NCL,Gender-Neutral,23322,26923
"Puducherry Technological University, Puducherry","Civil Engineering (4 Years, Bachelor of Technology)",AI,SC,Gender-Neutral,10506,12740
"Puducherry Technological University, Puducherry","Civil Engineering (4 Years, Bachelor of Technology)",AI,ST,Gender-Neutral,4456,5462
"Puducherry Technological University, Puducherry","Civil Engineering (4 Years, Bachelor of Technology)",HS,OPEN,Gender-Neutral,262380,469371
"Puducherry Technological University, Puducherry","Civil Engineering (4 Years, Bachelor of Technology)",HS,OBC-NCL,Gender-Neutral,187859,224696
"Puducherry Technological University, Puducherry","Civil Engineering (4 Years, Bachelor of Technology)",HS,SC,Gender-Neutral,49358,66199
"Puducherry Technological University, Puducherry","Computer Science and Engineering (4 Years, Bachelor of Technology)",AI,OPEN,Gender-Neutral,34562,46537
"Puducherry Technological University, Puducherry","Computer Science and Engineering (4 Years, Bachelor of Technology)",AI,EWS,Gender-Neutral,7640,7927
"Puducherry Technological University, Puducherry","Computer Science and Engineering (4 Years, Bachelor of Technology)",AI,EWS (PwD),Gender-Neutral,382,382
"Puducherry Technological University, Puducherry","Computer Science and Engineering (4 Years, Bachelor of Technology)",AI,OBC-NCL,Gender-Neutral,15963,18766
"Puducherry Technological University, Puducherry","Computer Science and Engineering (4 Years, Bachelor of Technology)",AI,SC,Gender-Neutral,7142,10134
"Puducherry Technological University, Puducherry","Computer Science and Engineering (4 Years, Bachelor of Technology)",AI,ST,Gender-Neutral,4633,5212
"Puducherry Technological University, Puducherry","Computer Science and Engineering (4 Years, Bachelor of Technology)",HS,OPEN,Gender-Neutral,59941,168596
"Puducherry Technological University, Puducherry","Computer Science and Engineering (4 Years, Bachelor of Technology)",HS,OBC-NCL,Gender-Neutral,62774,72069
"Puducherry Technological University, Puducherry","Computer Science and Engineering (4 Years, Bachelor of Technology)",HS,SC,Gender-Neutral,30924,40774
"Puducherry Technological University, Puducherry","Electrical and Electronics Engineering (4 Years, Bachelor of Technology)",AI,OPEN,Gender-Neutral,51227,53504
"Puducherry Technological University, Puducherry","Electrical and Electronics Engineering (4 Years, Bachelor of Technology)",AI,EWS,Gender-Neutral,9407,9407
"Puducherry Technological University, Puducherry","Electrical and Electronics Engineering (4 Years, Bachelor of Technology)",AI,OBC-NCL,Gender-Neutral,18630,18997
"Puducherry Technological University, Puducherry","Electrical and Electronics Engineering (4 Years, Bachelor of Technology)",AI,SC,Gender-Neutral,9832,9832
"Puducherry Technological University, Puducherry","Electronics and Communication Engineering (4 Years, Bachelor of Technology)",AI,OPEN,Gender-Neutral,33884,54184
"Puducherry Technological University, Puducherry","Electronics and Communication Engineering (4 Years, Bachelor of Technology)",AI,OPEN (PwD),Gender-Neutral,2139,2139
"Puducherry Technological University, Puducherry","Electronics and Communication Engineering (4 Years, Bachelor of Technology)",AI,EWS,Gender-Neutral,8865,9543
"Puducherry Technological University, Puducherry","Electronics and Communication Engineering (4 Years, Bachelor of Technology)",AI,OBC-NCL,Gender-Neutral,16548,19608
"Puducherry Technological University, Puducherry","Electronics and Communication Engineering (4 Years, Bachelor of Technology)",AI,OBC-NCL (PwD),Gender-Neutral,1405,1405
"Puducherry Technological University, Puducherry","Electronics and Communication Engineering (4 Years, Bachelor of Technology)",AI,SC,Gender-Neutral,10260,10776
"Puducherry Technological University, Puducherry","Electronics and Communication Engineering (4 Years, Bachelor of Technology)",AI,ST,Gender-Neutral,4976,5271
"Puducherry Technological University, Puducherry","Electronics and Communication Engineering (4 Years, Bachelor of Technology)",HS,OPEN,Gender-Neutral,149482,227780
"Puducherry Technological University, Puducherry","Electronics and Communication Engineering (4 Years, Bachelor of Technology)",HS,OBC-NCL,Gender-Neutral,80965,89111
"Puducherry Technological University, Puducherry","Electronics and Communication Engineering (4 Years, Bachelor of Technology)",HS,SC,Gender-Neutral,32271,32378
"Puducherry Technological University, Puducherry","Electronics and Instrumentation Engineering (4 Years, Bachelor of Technology)",AI,OPEN,Gender-Neutral,48436,49013
"Puducherry Technological University, Puducherry","Electronics and Instrumentation Engineering (4 Years, Bachelor of Technology)",AI,OPEN (PwD),Gender-Neutral,3641,3641
"Puducherry Technological University, Puducherry","Electronics and Instrumentation Engineering (4 Years, Bachelor of Technology)",AI,OBC-NCL,Gender-Neutral,16394,16394
"Puducherry Technological University, Puducherry","Electronics and Instrumentation Engineering (4 Years, Bachelor of Technology)",AI,SC,Gender-Neutral,11035,11035
"Puducherry Technological University, Puducherry","Electronics and Instrumentation Engineering (4 Years, Bachelor of Technology)",AI,ST,Gender-Neutral,4424,4424
"Puducherry Technological University, Puducherry","Information Technology (4 Years, Bachelor of Technology)",AI,OPEN,Gender-Neutral,41776,44373
"Puducherry Technological University, Puducherry","Information Technology (4 Years, Bachelor of Technology)",AI,OPEN (PwD),Gender-Neutral,1892,2834
"Puducherry Technological University, Puducherry","Information Technology (4 Years, Bachelor of Technology)",AI,OBC-NCL,Gender-Neutral,18739,18862
"Puducherry Technological University, Puducherry","Information Technology (4 Years, Bachelor of Technology)",AI,SC,Gender-Neutral,9091,9091
"Puducherry Technological University, Puducherry","Mechanical Engineering (4 Years, Bachelor of Technology)",AI,OPEN,Gender-Neutral,43730,67813
"Puducherry Technological University, Puducherry","Mechanical Engineering (4 Years, Bachelor of Technology)",AI,EWS,Gender-Neutral,11366,12122
"Puducherry Technological University, Puducherry","Mechanical Engineering (4 Years, Bachelor of Technology)",AI,OBC-NCL,Gender-Neutral,20928,23965
"Puducherry Technological University, Puducherry","Mechanical Engineering (4 Years, Bachelor of Technology)",AI,SC,Gender-Neutral,8205,12529
"Puducherry Technological University, Puducherry","Mechanical Engineering (4 Years, Bachelor of Technology)",AI,ST,Gender-Neutral,5567,5827
"Puducherry Technological University, Puducherry","Mechanical Engineering (4 Years, Bachelor of Technology)",HS,OPEN,Gender-Neutral,265489,365394
"Puducherry Technological University, Puducherry","Mechanical Engineering (4 Years, Bachelor of Technology)",HS,OBC-NCL,Gender-Neutral,133558,149326
"Puducherry Technological University, Puducherry","Mechanical Engineering (4 Years, Bachelor of Technology)",HS,SC,Gender-Neutral,38771,58123
"Puducherry Technological University, Puducherry","Mechatronics Engineering (4 Years, Bachelor of Technology)",AI,OPEN,Gender-Neutral,47030,59054
"Puducherry Technological University, Puducherry","Mechatronics Engineering (4 Years, Bachelor of Technology)",AI,EWS,Gender-Neutral,9897,9897
"Puducherry Technological University, Puducherry","Mechatronics Engineering (4 Years, Bachelor of Technology)",AI,OBC-NCL,Gender-Neutral,20298,20959
"Puducherry Technological University, Puducherry","Mechatronics Engineering (4 Years, Bachelor of Technology)",AI,SC,Gender-Neutral,10308,11207
"Puducherry Technological University, Puducherry","Mechatronics Engineering (4 Years, Bachelor of Technology)",AI,ST,Gender-Neutral,4524,5828
"Puducherry Technological University, Puducherry","Mechatronics Engineering (4 Years, Bachelor of Technology)",HS,OPEN,Gender-Neutral,258325,298097
"Puducherry Technological University, Puducherry","Mechatronics Engineering (4 Years, Bachelor of Technology)",HS,OBC-NCL,Gender-Neutral,109476,116897
"Puducherry Technological University, Puducherry","Mechatronics Engineering (4 Years, Bachelor of Technology)",HS,SC,Gender-Neutral,32756,32756
"Ghani Khan Choudhary Institute of Engineering and Technology, Malda, West Bengal","Civil and Environmental Engineering (4 Years, Bachelor of Technology)",HS,OPEN,Gender-Neutral,119059,320953
"Ghani Khan Choudhary Institute of Engineering and Technology, Malda, West Bengal","Civil and Environmental Engineering (4 Years, Bachelor of Technology)",HS,EWS,Gender-Neutral,64320,64859
"Ghani Khan Choudhary Institute of Engineering and Technology, Malda, West Bengal","Civil and Environmental Engineering (4 Years, Bachelor of Technology)",HS,OBC-NCL,Gender-Neutral,164262,199650
"Ghani Khan Choudhary Institute of Engineering and Technology, Malda, West Bengal","Civil and Environmental Engineering (4 Years, Bachelor of Technology)",HS,SC,Gender-Neutral,26003,30312
"Ghani Khan Choudhary Institute of Engineering and Technology, Malda, West Bengal","Civil and Environmental Engineering (4 Years, Bachelor of Technology)",HS,ST,Gender-Neutral,8041,8041
"Ghani Khan Choudhary Institute of Engineering and Technology, Malda, West Bengal","Civil and Environmental Engineering (4 Years, Bachelor of Technology)",OS,OPEN,Gender-Neutral,65242,91265
"Ghani Khan Choudhary Institute of Engineering and Technology, Malda, West Bengal","Civil and Environmental Engineering (4 Years, Bachelor of Technology)",OS,EWS,Gender-Neutral,15591,15730
"Ghani Khan Choudhary Institute of Engineering and Technology, Malda, West Bengal","Civil and Environmental Engineering (4 Years, Bachelor of Technology)",OS,OBC-NCL,Gender-Neutral,28884,31225
"Ghani Khan Choudhary Institute of Engineering and Technology, Malda, West Bengal","Civil and Environmental Engineering (4 Years, Bachelor of Technology)",OS,SC,Gender-Neutral,12627,14017
"Ghani Khan Choudhary Institute of Engineering and Technology, Malda, West Bengal","Civil and Environmental Engineering (4 Years, Bachelor of Technology)",OS,ST,Gender-Neutral,6336,7195
"Ghani Khan Choudhary Institute of Engineering and Technology, Malda, West Bengal","Computer Science Engineering (Artificial lntelligence and Machine Learning) (4 Years, Bachelor of Technology)",HS,OPEN,Gender-Neutral,62873,138065
"Ghani Khan Choudhary Institute of Engineering and Technology, Malda, West Bengal","Computer Science Engineering (Artificial lntelligence and Machine Learning) (4 Years, Bachelor of Technology)",HS,EWS,Gender-Neutral,27123,31809
"Ghani Khan Choudhary Institute of Engineering and Technology, Malda, West Bengal","Computer Science Engineering (Artificial lntelligence and Machine Learning) (4 Years, Bachelor of Technology)",HS,OBC-NCL,Gender-Neutral,50536,96135
"Ghani Khan Choudhary Institute of Engineering and Technology, Malda, West Bengal","Computer Science Engineering (Artificial lntelligence and Machine Learning) (4 Years, Bachelor of Technology)",HS,SC,Gender-Neutral,17962,19292
"Ghani Khan Choudhary Institute of Engineering and Technology, Malda, West Bengal","Computer Science Engineering (Artificial lntelligence and Machine Learning) (4 Years, Bachelor of Technology)",HS,ST,Gender-Neutral,5700,7564
"Ghani Khan Choudhary Institute of Engineering and Technology, Malda, West Bengal","Computer Science Engineering (Artificial lntelligence and Machine Learning) (4 Years, Bachelor of Technology)",OS,OPEN,Gender-Neutral,35094,50083
"Ghani Khan Choudhary Institute of Engineering and Technology, Malda, West Bengal","Computer Science Engineering (Artificial lntelligence and Machine Learning) (4 Years, Bachelor of Technology)",OS,EWS,Gender-Neutral,8880,9000
"Ghani Khan Choudhary Institute of Engineering and Technology, Malda, West Bengal","Computer Science Engineering (Artificial lntelligence and Machine Learning) (4 Years, Bachelor of Technology)",OS,OBC-NCL,Gender-Neutral,16014,19852
"Ghani Khan Choudhary Institute of Engineering and Technology, Malda, West Bengal","Computer Science Engineering (Artificial lntelligence and Machine Learning) (4 Years, Bachelor of Technology)",OS,SC,Gender-Neutral,6726,10827
"Ghani Khan Choudhary Institute of Engineering and Technology, Malda, West Bengal","Computer Science Engineering (Artificial lntelligence and Machine Learning) (4 Years, Bachelor of Technology)",OS,ST,Gender-Neutral,5088,5088
"Ghani Khan Choudhary Institute of Engineering and Technology, Malda, West Bengal","Electrical Engineering (4 Years, Bachelor of Technology)",HS,OPEN,Gender-Neutral,138942,245578
"Ghani Khan Choudhary Institute of Engineering and Technology, Malda, West Bengal","Electrical Engineering (4 Years, Bachelor of Technology)",HS,EWS,Gender-Neutral,52127,52710
"Ghani Khan Choudhary Institute of Engineering and Technology, Malda, West Bengal","Electrical Engineering (4 Years, Bachelor of Technology)",HS,OBC-NCL,Gender-Neutral,99021,143072
"Ghani Khan Choudhary Institute of Engineering and Technology, Malda, West Bengal","Electrical Engineering (4 Years, Bachelor of Technology)",HS,SC,Gender-Neutral,19945,21892
"Ghani Khan Choudhary Institute of Engineering and Technology, Malda, West Bengal","Electrical Engineering (4 Years, Bachelor of Technology)",HS,ST,Gender-Neutral,6280,7868
"Ghani Khan Choudhary Institute of Engineering and Technology, Malda, West Bengal","Electrical Engineering (4 Years, Bachelor of Technology)",OS,OPEN,Gender-Neutral,65050,81113
"Ghani Khan Choudhary Institute of Engineering and Technology, Malda, West Bengal","Electrical Engineering (4 Years, Bachelor of Technology)",OS,EWS,Gender-Neutral,13544,13544
"Ghani Khan Choudhary Institute of Engineering and Technology, Malda, West Bengal","Electrical Engineering (4 Years, Bachelor of Technology)",OS,OBC-NCL,Gender-Neutral,26526,26724
"Ghani Khan Choudhary Institute of Engineering and Technology, Malda, West Bengal","Electrical Engineering (4 Years, Bachelor of Technology)",OS,SC,Gender-Neutral,11946,13973
"Ghani Khan Choudhary Institute of Engineering and Technology, Malda, West Bengal","Electrical Engineering (4 Years, Bachelor of Technology)",OS,ST,Gender-Neutral,6208,6208
"Ghani Khan Choudhary Institute of Engineering and Technology, Malda, West Bengal","Food Technology (4 Years, Bachelor of Technology)",HS,OPEN,Gender-Neutral,346317,449340
"Ghani Khan Choudhary Institute of Engineering and Technology, Malda, West Bengal","Food Technology (4 Years, Bachelor of Technology)",HS,EWS,Gender-Neutral,68762,68762
"Ghani Khan Choudhary Institute of Engineering and Technology, Malda, West Bengal","Food Technology (4 Years, Bachelor of Technology)",HS,OBC-NCL,Gender-Neutral,201758,209901
"Ghani Khan Choudhary Institute of Engineering and Technology, Malda, West Bengal","Food Technology (4 Years, Bachelor of Technology)",HS,SC,Gender-Neutral,35429,36372
"Ghani Khan Choudhary Institute of Engineering and Technology, Malda, West Bengal","Food Technology (4 Years, Bachelor of Technology)",HS,ST,Gender-Neutral,8859,8859
"Ghani Khan Choudhary Institute of Engineering and Technology, Malda, West Bengal","Food Technology (4 Years, Bachelor of Technology)",OS,OPEN,Gender-Neutral,85992,100988
"Ghani Khan Choudhary Institute of Engineering and Technology, Malda, West Bengal","Food Technology (4 Years, Bachelor of Technology)",OS,EWS,Gender-Neutral,17132,17292
"Ghani Khan Choudhary Institute of Engineering and Technology, Malda, West Bengal","Food Technology (4 Years, Bachelor of Technology)",OS,OBC-NCL,Gender-Neutral,33712,34960
"Ghani Khan Choudhary Institute of Engineering and Technology, Malda, West Bengal","Food Technology (4 Years, Bachelor of Technology)",OS,SC,Gender-Neutral,15842,16016
"Ghani Khan Choudhary Institute of Engineering and Technology, Malda, West Bengal","Food Technology (4 Years, Bachelor of Technology)",OS,ST,Gender-Neutral,6756,6756
"Ghani Khan Choudhary Institute of Engineering and Technology, Malda, West Bengal","Mechanical Engineering (4 Years, Bachelor of Technology)",HS,OPEN,Gender-Neutral,150227,268439
"Ghani Khan Choudhary Institute of Engineering and Technology, Malda, West Bengal","Mechanical Engineering (4 Years, Bachelor of Technology)",HS,EWS,Gender-Neutral,53971,60231
"Ghani Khan Choudhary Institute of Engineering and Technology, Malda, West Bengal","Mechanical Engineering (4 Years, Bachelor of Technology)",HS,OBC-NCL,Gender-Neutral,117699,169022
"Ghani Khan Choudhary Institute of Engineering and Technology, Malda, West Bengal","Mechanical Engineering (4 Years, Bachelor of Technology)",HS,SC,Gender-Neutral,20121,28696
"Ghani Khan Choudhary Institute of Engineering and Technology, Malda, West Bengal","Mechanical Engineering (4 Years, Bachelor of Technology)",HS,ST,Gender-Neutral,8354,8354
"Ghani Khan Choudhary Institute of Engineering and Technology, Malda, West Bengal","Mechanical Engineering (4 Years, Bachelor of Technology)",OS,OPEN,Gender-Neutral,66653,82007
"Ghani Khan Choudhary Institute of Engineering and Technology, Malda, West Bengal","Mechanical Engineering (4 Years, Bachelor of Technology)",OS,EWS,Gender-Neutral,13552,13552
"Ghani Khan Choudhary Institute of Engineering and Technology, Malda, West Bengal","Mechanical Engineering (4 Years, Bachelor of Technology)",OS,OBC-NCL,Gender-Neutral,26846,30167
"Ghani Khan Choudhary Institute of Engineering and Technology, Malda, West Bengal","Mechanical Engineering (4 Years, Bachelor of Technology)",OS,SC,Gender-Neutral,9378,13292
"Ghani Khan Choudhary Institute of Engineering and Technology, Malda, West Bengal","Mechanical Engineering (4 Years, Bachelor of Technology)",OS,ST,Gender-Neutral,7471,7471
"Central University of Rajasthan, Rajasthan","Bio Medical Engineering (4 Years, Bachelor of Technology)",AI,OPEN,Gender-Neutral,57727,76513
"Central University of Rajasthan, Rajasthan","Bio Medical Engineering (4 Years, Bachelor of Technology)",AI,EWS,Gender-Neutral,13667,13743
"Central University of Rajasthan, Rajasthan","Bio Medical Engineering (4 Years, Bachelor of Technology)",AI,OBC-NCL,Gender-Neutral,24984,29595
"Central University of Rajasthan, Rajasthan","Bio Medical Engineering (4 Years, Bachelor of Technology)",AI,SC,Gender-Neutral,12611,13535
"Central University of Rajasthan, Rajasthan","Bio Medical Engineering (4 Years, Bachelor of Technology)",AI,ST,Gender-Neutral,5351,5959
"Central University of Rajasthan, Rajasthan","Computer Science and Engineering (4 Years, Bachelor of Technology)",AI,OPEN,Gender-Neutral,32073,46057
"Central University of Rajasthan, Rajasthan","Computer Science and Engineering (4 Years, Bachelor of Technology)",AI,OPEN (PwD),Gender-Neutral,3108,3108
"Central University of Rajasthan, Rajasthan","Computer Science and Engineering (4 Years, Bachelor of Technology)",AI,EWS,Gender-Neutral,7856,8471
"Central University of Rajasthan, Rajasthan","Computer Science and Engineering (4 Years, Bachelor of Technology)",AI,OBC-NCL,Gender-Neutral,14335,18173
"Central University of Rajasthan, Rajasthan","Computer Science and Engineering (4 Years, Bachelor of Technology)",AI,SC,Gender-Neutral,7961,10339
"Central University of Rajasthan, Rajasthan","Computer Science and Engineering (4 Years, Bachelor of Technology)",AI,ST,Gender-Neutral,3522,4438
"Central University of Rajasthan, Rajasthan","Electronics and Communication Engineering (4 Years, Bachelor of Technology)",AI,OPEN,Gender-Neutral,46735,56006
"Central University of Rajasthan, Rajasthan","Electronics and Communication Engineering (4 Years, Bachelor of Technology)",AI,EWS,Gender-Neutral,9586,9765
"Central University of Rajasthan, Rajasthan","Electronics and Communication Engineering (4 Years, Bachelor of Technology)",AI,OBC-NCL,Gender-Neutral,18698,20964
"Central University of Rajasthan, Rajasthan","Electronics and Communication Engineering (4 Years, Bachelor of Technology)",AI,SC,Gender-Neutral,10216,11096
"Central University of Rajasthan, Rajasthan","Electronics and Communication Engineering (4 Years, Bachelor of Technology)",AI,ST,Gender-Neutral,4498,4627
"National Institute of Food Technology Entrepreneurship and Management, Kundli","Food Technology and Management (4 Years, Bachelor of Technology)",AI,OPEN,Gender-Neutral,58177,100639
"National Institute of Food Technology Entrepreneurship and Management, Kundli","Food Technology and Management (4 Years, Bachelor of Technology)",AI,OPEN (PwD),Gender-Neutral,1226,1226
"National Institute of Food Technology Entrepreneurship and Management, Kundli","Food Technology and Management (4 Years, Bachelor of Technology)",AI,EWS,Gender-Neutral,17163,17457
"National Institute of Food Technology Entrepreneurship and Management, Kundli","Food Technology and Management (4 Years, Bachelor of Technology)",AI,OBC-NCL,Gender-Neutral,32465,35820
"National Institute of Food Technology Entrepreneurship and Management, Kundli","Food Technology and Management (4 Years, Bachelor of Technology)",AI,SC,Gender-Neutral,10023,15428
"National Institute of Food Technology Entrepreneurship and Management, Kundli","Food Technology and Management (4 Years, Bachelor of Technology)",AI,ST,Gender-Neutral,4463,7592
"National Institute of Food Technology Entrepreneurship and Management, Thanjavur","Food Technology (4 Years, Bachelor of Technology)",AI,OPEN,Gender-Neutral,56416,88267
"National Institute of Food Technology Entrepreneurship and Management, Thanjavur","Food Technology (4 Years, Bachelor of Technology)",AI,OPEN (PwD),Gender-Neutral,2490,3466
"National Institute of Food Technology Entrepreneurship and Management, Thanjavur","Food Technology (4 Years, Bachelor of Technology)",AI,EWS,Gender-Neutral,16530,17134
"National Institute of Food Technology Entrepreneurship and Management, Thanjavur","Food Technology (4 Years, Bachelor of Technology)",AI,OBC-NCL,Gender-Neutral,28163,35033
"National Institute of Food Technology Entrepreneurship and Management, Thanjavur","Food Technology (4 Years, Bachelor of Technology)",AI,OBC-NCL (PwD),Gender-Neutral,1554,1554
"National Institute of Food Technology Entrepreneurship and Management, Thanjavur","Food Technology (4 Years, Bachelor of Technology)",AI,SC,Gender-Neutral,10219,14585
"National Institute of Food Technology Entrepreneurship and Management, Thanjavur","Food Technology (4 Years, Bachelor of Technology)",AI,ST,Gender-Neutral,4897,7326
"North Eastern Regional Institute of Science and Technology, Nirjuli-791109 (Itanagar),Arunachal Pradesh","Agricultural Engineering (4 Years, Bachelor of Technology)",AI,EWS,Gender-Neutral,12242,12242
"North Eastern Regional Institute of Science and Technology, Nirjuli-791109 (Itanagar),Arunachal Pradesh","Agricultural Engineering (4 Years, Bachelor of Technology)",AI,OBC-NCL,Gender-Neutral,27958,27958
"North Eastern Regional Institute of Science and Technology, Nirjuli-791109 (Itanagar),Arunachal Pradesh","Civil Engineering (4 Years, Bachelor of Technology)",AI,EWS,Gender-Neutral,12430,12430
"North Eastern Regional Institute of Science and Technology, Nirjuli-791109 (Itanagar),Arunachal Pradesh","Civil Engineering (4 Years, Bachelor of Technology)",AI,OBC-NCL,Gender-Neutral,25403,25403
"North Eastern Regional Institute of Science and Technology, Nirjuli-791109 (Itanagar),Arunachal Pradesh","Computer Science and Engineering (4 Years, Bachelor of Technology)",AI,OPEN,Gender-Neutral,44066,52952
"North Eastern Regional Institute of Science and Technology, Nirjuli-791109 (Itanagar),Arunachal Pradesh","Computer Science and Engineering (4 Years, Bachelor of Technology)",AI,EWS,Gender-Neutral,9912,10115
"North Eastern Regional Institute of Science and Technology, Nirjuli-791109 (Itanagar),Arunachal Pradesh","Electrical Engineering (4 Years, Bachelor of Technology)",AI,EWS,Gender-Neutral,9790,9790
"North Eastern Regional Institute of Science and Technology, Nirjuli-791109 (Itanagar),Arunachal Pradesh","Electrical Engineering (4 Years, Bachelor of Technology)",AI,ST,Gender-Neutral,5570,5570
"North Eastern Regional Institute of Science and Technology, Nirjuli-791109 (Itanagar),Arunachal Pradesh","Electronics and Communication Engineering (4 Years, Bachelor of Technology)",AI,EWS,Gender-Neutral,9457,9457
"North Eastern Regional Institute of Science and Technology, Nirjuli-791109 (Itanagar),Arunachal Pradesh","Electronics and Communication Engineering (4 Years, Bachelor of Technology)",AI,SC,Gender-Neutral,10860,10860
"North Eastern Regional Institute of Science and Technology, Nirjuli-791109 (Itanagar),Arunachal Pradesh","Mechanical Engineering (4 Years, Bachelor of Technology)",AI,OPEN,Gender-Neutral,63321,63321
"North Eastern Regional Institute of Science and Technology, Nirjuli-791109 (Itanagar),Arunachal Pradesh","Mechanical Engineering (4 Years, Bachelor of Technology)",AI,EWS,Gender-Neutral,11082,11082
"Indian Institute of Handloom Technology(IIHT), Varanasi","Handloom and Textile Technology (4 Years, Bachelor of Technology)",AI,OPEN,Gender-Neutral,58882,98324
"Indian Institute of Handloom Technology(IIHT), Varanasi","Handloom and Textile Technology (4 Years, Bachelor of Technology)",AI,EWS,Gender-Neutral,16498,17463
"Indian Institute of Handloom Technology(IIHT), Varanasi","Handloom and Textile Technology (4 Years, Bachelor of Technology)",AI,OBC-NCL,Gender-Neutral,34105,36050
"Indian Institute of Handloom Technology(IIHT), Varanasi","Handloom and Textile Technology (4 Years, Bachelor of Technology)",AI,SC,Gender-Neutral,12951,14947
"Indian Institute of Handloom Technology(IIHT), Varanasi","Handloom and Textile Technology (4 Years, Bachelor of Technology)",AI,ST,Gender-Neutral,6859,7346
"Chhattisgarh Swami Vivekanada Technical University, Bhilai (CSVTU Bhilai)","Civil Engineering (4 Years, Bachelor of Technology)",AI,OPEN,Gender-Neutral,80755,93633
"Chhattisgarh Swami Vivekanada Technical University, Bhilai (CSVTU Bhilai)","Civil Engineering (4 Years, Bachelor of Technology)",AI,EWS,Gender-Neutral,15644,16574
"Chhattisgarh Swami Vivekanada Technical University, Bhilai (CSVTU Bhilai)","Civil Engineering (4 Years, Bachelor of Technology)",AI,OBC-NCL,Gender-Neutral,30369,33469
"Chhattisgarh Swami Vivekanada Technical University, Bhilai (CSVTU Bhilai)","Civil Engineering (4 Years, Bachelor of Technology)",AI,SC,Gender-Neutral,11171,14870
"Chhattisgarh Swami Vivekanada Technical University, Bhilai (CSVTU Bhilai)","Civil Engineering (4 Years, Bachelor of Technology)",AI,ST,Gender-Neutral,6055,6609
"Chhattisgarh Swami Vivekanada Technical University, Bhilai (CSVTU Bhilai)","Computer Science Engineering (Artificial Intelligence) (4 Years, B. Tech / B. Tech (Hons.))",AI,OPEN,Gender-Neutral,18805,58760
"Chhattisgarh Swami Vivekanada Technical University, Bhilai (CSVTU Bhilai)","Computer Science Engineering (Artificial Intelligence) (4 Years, B. Tech / B. Tech (Hons.))",AI,EWS,Gender-Neutral,10155,11035
"Chhattisgarh Swami Vivekanada Technical University, Bhilai (CSVTU Bhilai)","Computer Science Engineering (Artificial Intelligence) (4 Years, B. Tech / B. Tech (Hons.))",AI,OBC-NCL,Gender-Neutral,19204,22681
"Chhattisgarh Swami Vivekanada Technical University, Bhilai (CSVTU Bhilai)","Computer Science Engineering (Artificial Intelligence) (4 Years, B. Tech / B. Tech (Hons.))",AI,SC,Gender-Neutral,6976,11875
"Chhattisgarh Swami Vivekanada Technical University, Bhilai (CSVTU Bhilai)","Computer Science Engineering (Artificial Intelligence) (4 Years, B. Tech / B. Tech (Hons.))",AI,ST,Gender-Neutral,4779,6010
"Chhattisgarh Swami Vivekanada Technical University, Bhilai (CSVTU Bhilai)","Computer Science Engineering (Data Science) (4 Years, B. Tech / B. Tech (Hons.))",AI,OPEN,Gender-Neutral,41468,62590
"Chhattisgarh Swami Vivekanada Technical University, Bhilai (CSVTU Bhilai)","Computer Science Engineering (Data Science) (4 Years, B. Tech / B. Tech (Hons.))",AI,OPEN (PwD),Gender-Neutral,2796,2796
"Chhattisgarh Swami Vivekanada Technical University, Bhilai (CSVTU Bhilai)","Computer Science Engineering (Data Science) (4 Years, B. Tech / B. Tech (Hons.))",AI,EWS,Gender-Neutral,10928,11138
"Chhattisgarh Swami Vivekanada Technical University, Bhilai (CSVTU Bhilai)","Computer Science Engineering (Data Science) (4 Years, B. Tech / B. Tech (Hons.))",AI,OBC-NCL,Gender-Neutral,19558,22694
"Chhattisgarh Swami Vivekanada Technical University, Bhilai (CSVTU Bhilai)","Computer Science Engineering (Data Science) (4 Years, B. Tech / B. Tech (Hons.))",AI,OBC-NCL (PwD),Gender-Neutral,1333,1333
"Chhattisgarh Swami Vivekanada Technical University, Bhilai (CSVTU Bhilai)","Computer Science Engineering (Data Science) (4 Years, B. Tech / B. Tech (Hons.))",AI,SC,Gender-Neutral,10568,12088
"Chhattisgarh Swami Vivekanada Technical University, Bhilai (CSVTU Bhilai)","Computer Science Engineering (Data Science) (4 Years, B. Tech / B. Tech (Hons.))",AI,ST,Gender-Neutral,5027,5621
"Institute of Chemical Technology, Mumbai: Indian Oil Odisha Campus, Bhubaneswar","Chemical Engineering (5 Years, Integrated Masters in Technology)",AI,OPEN,Gender-Neutral,28446,54275
"Institute of Chemical Technology, Mumbai: Indian Oil Odisha Campus, Bhubaneswar","Chemical Engineering (5 Years, Integrated Masters in Technology)",AI,OPEN (PwD),Gender-Neutral,4284,4284
"Institute of Chemical Technology, Mumbai: Indian Oil Odisha Campus, Bhubaneswar","Chemical Engineering (5 Years, Integrated Masters in Technology)",AI,EWS,Gender-Neutral,9760,10228
"Institute of Chemical Technology, Mumbai: Indian Oil Odisha Campus, Bhubaneswar","Chemical Engineering (5 Years, Integrated Masters in Technology)",AI,OBC-NCL,Gender-Neutral,16073,20898
"Institute of Chemical Technology, Mumbai: Indian Oil Odisha Campus, Bhubaneswar","Chemical Engineering (5 Years, Integrated Masters in Technology)",AI,SC,Gender-Neutral,10189,11574
"Institute of Chemical Technology, Mumbai: Indian Oil Odisha Campus, Bhubaneswar","Chemical Engineering (5 Years, Integrated Masters in Technology)",AI,ST,Gender-Neutral,4076,5879
"Institute of Chemical Technology, Mumbai: Indian Oil Odisha Campus, Bhubaneswar","Chemical Engineering (5 Years, Integrated Masters in Technology)",HS,OPEN,Gender-Neutral,64392,73668
"Institute of Chemical Technology, Mumbai: Indian Oil Odisha Campus, Bhubaneswar","Chemical Engineering (5 Years, Integrated Masters in Technology)",HS,EWS,Gender-Neutral,18731,20688
"Institute of Chemical Technology, Mumbai: Indian Oil Odisha Campus, Bhubaneswar","Chemical Engineering (5 Years, Integrated Masters in Technology)",HS,OBC-NCL,Gender-Neutral,25460,37676
"Institute of Chemical Technology, Mumbai: Indian Oil Odisha Campus, Bhubaneswar","Chemical Engineering (5 Years, Integrated Masters in Technology)",HS,SC,Gender-Neutral,13218,16608
"Institute of Chemical Technology, Mumbai: Indian Oil Odisha Campus, Bhubaneswar","Chemical Engineering (5 Years, Integrated Masters in Technology)",HS,ST,Gender-Neutral,8103,9482
"North-Eastern Hill University, Shillong","Biomedical Engineering (4 Years, Bachelor of Technology)",AI,OPEN,Gender-Neutral,48635,90611
"North-Eastern Hill University, Shillong","Biomedical Engineering (4 Years, Bachelor of Technology)",AI,EWS,Gender-Neutral,15314,16913
"North-Eastern Hill University, Shillong","Biomedical Engineering (4 Years, Bachelor of Technology)",AI,OBC-NCL,Gender-Neutral,30977,34140
"North-Eastern Hill University, Shillong","Biomedical Engineering (4 Years, Bachelor of Technology)",AI,SC,Gender-Neutral,13151,15342
"North-Eastern Hill University, Shillong","Biomedical Engineering (4 Years, Bachelor of Technology)",AI,ST,Gender-Neutral,6362,6583
"North-Eastern Hill University, Shillong","Electronics and Communication Engineering (4 Years, Bachelor of Technology)",AI,OPEN,Gender-Neutral,64491,76959
"North-Eastern Hill University, Shillong","Electronics and Communication Engineering (4 Years, Bachelor of Technology)",AI,EWS,Gender-Neutral,12714,13206
"North-Eastern Hill University, Shillong","Electronics and Communication Engineering (4 Years, Bachelor of Technology)",AI,OBC-NCL,Gender-Neutral,24670,27714
"North-Eastern Hill University, Shillong","Electronics and Communication Engineering (4 Years, Bachelor of Technology)",AI,SC,Gender-Neutral,9608,12505
"North-Eastern Hill University, Shillong","Electronics and Communication Engineering (4 Years, Bachelor of Technology)",AI,ST,Gender-Neutral,5107,5666
"North-Eastern Hill University, Shillong","Energy Engineering (4 Years, Bachelor of Technology)",AI,OPEN,Gender-Neutral,43720,85436
"North-Eastern Hill University, Shillong","Energy Engineering (4 Years, Bachelor of Technology)",AI,EWS,Gender-Neutral,14380,14382
"North-Eastern Hill University, Shillong","Energy Engineering (4 Years, Bachelor of Technology)",AI,OBC-NCL,Gender-Neutral,30169,31506
"North-Eastern Hill University, Shillong","Energy Engineering (4 Years, Bachelor of Technology)",AI,SC,Gender-Neutral,12587,13707
"North-Eastern Hill University, Shillong","Energy Engineering (4 Years, Bachelor of Technology)",AI,ST,Gender-Neutral,5664,5831
"North-Eastern Hill University, Shillong","Information Technology (4 Years, Bachelor of Technology)",AI,OPEN,Gender-Neutral,42925,63722
"North-Eastern Hill University, Shillong","Information Technology (4 Years, Bachelor of Technology)",AI,OPEN (PwD),Gender-Neutral,3696,3696
"North-Eastern Hill University, Shillong","Information Technology (4 Years, Bachelor of Technology)",AI,EWS,Gender-Neutral,12165,12773
"North-Eastern Hill University, Shillong","Information Technology (4 Years, Bachelor of Technology)",AI,OBC-NCL,Gender-Neutral,23081,25462
"North-Eastern Hill University, Shillong","Information Technology (4 Years, Bachelor of Technology)",AI,SC,Gender-Neutral,12184,12454
"North-Eastern Hill University, Shillong","Information Technology (4 Years, Bachelor of Technology)",AI,ST,Gender-Neutral,4114,5296
Central University of Jammu,"Computer Science and Engineering (4 Years, Bachelor of Technology)",AI,OPEN,Gender-Neutral,57716,67208
Central University of Jammu,"Computer Science and Engineering (4 Years, Bachelor of Technology)",AI,EWS,Gender-Neutral,10982,11483
Central University of Jammu,"Computer Science and Engineering (4 Years, Bachelor of Technology)",AI,OBC-NCL,Gender-Neutral,20546,23852
Central University of Jammu,"Computer Science and Engineering (4 Years, Bachelor of Technology)",AI,SC,Gender-Neutral,10270,11742
Central University of Jammu,"Computer Science and Engineering (4 Years, Bachelor of Technology)",AI,ST,Gender-Neutral,6209,6350
Central University of Jammu,"Computer Science and Engineering with specialization in Cyber Security (4 Years, Bachelor of Technology)",AI,OPEN,Gender-Neutral,44623,70845
Central University of Jammu,"Computer Science and Engineering with specialization in Cyber Security (4 Years, Bachelor of Technology)",AI,OPEN (PwD),Gender-Neutral,3483,3483
Central University of Jammu,"Computer Science and Engineering with specialization in Cyber Security (4 Years, Bachelor of Technology)",AI,EWS,Gender-Neutral,11569,11962
Central University of Jammu,"Computer Science and Engineering with specialization in Cyber Security (4 Years, Bachelor of Technology)",AI,OBC-NCL,Gender-Neutral,23108,24927
Central University of Jammu,"Computer Science and Engineering with specialization in Cyber Security (4 Years, Bachelor of Technology)",AI,SC,Gender-Neutral,11703,12436
Central University of Jammu,"Computer Science and Engineering with specialization in Cyber Security (4 Years, Bachelor of Technology)",AI,ST,Gender-Neutral,6189,6433
Central University of Jammu,"Electronics and Communication Engineering (4 Years, Bachelor of Technology)",AI,OPEN,Gender-Neutral,58184,76473
Central University of Jammu,"Electronics and Communication Engineering (4 Years, Bachelor of Technology)",AI,OPEN (PwD),Gender-Neutral,4198,4198
Central University of Jammu,"Electronics and Communication Engineering (4 Years, Bachelor of Technology)",AI,EWS,Gender-Neutral,12699,13182
Central University of Jammu,"Electronics and Communication Engineering (4 Years, Bachelor of Technology)",AI,OBC-NCL,Gender-Neutral,23698,26861
Central University of Jammu,"Electronics and Communication Engineering (4 Years, Bachelor of Technology)",AI,SC,Gender-Neutral,12333,13861
Central University of Jammu,"Electronics and Communication Engineering (4 Years, Bachelor of Technology)",AI,ST,Gender-Neutral,5349,6792
Central University of Jammu,"Electronics and Communication Engineering (Avionics) (4 Years, Bachelor of Technology)",AI,OPEN,Gender-Neutral,52728,71325
Central University of Jammu,"Electronics and Communication Engineering (Avionics) (4 Years, Bachelor of Technology)",AI,EWS,Gender-Neutral,12153,13350
Central University of Jammu,"Electronics and Communication Engineering (Avionics) (4 Years, Bachelor of Technology)",AI,OBC-NCL,Gender-Neutral,22357,27275
Central University of Jammu,"Electronics and Communication Engineering (Avionics) (4 Years, Bachelor of Technology)",AI,SC,Gender-Neutral,13275,13897
Central University of Jammu,"Electronics and Communication Engineering (Avionics) (4 Years, Bachelor of Technology)",AI,ST,Gender-Neutral,3998,6997
"Institute of Engineering and Technology, Dr. H. S. Gour University. Sagar (A Central University)","Aeronautical Engineering (4 Years, Bachelor of Technology)",AI,OPEN,Gender-Neutral,39303,72584
"Institute of Engineering and Technology, Dr. H. S. Gour University. Sagar (A Central University)","Aeronautical Engineering (4 Years, Bachelor of Technology)",AI,EWS,Gender-Neutral,12468,13607
"Institute of Engineering and Technology, Dr. H. S. Gour University. Sagar (A Central University)","Aeronautical Engineering (4 Years, Bachelor of Technology)",AI,OBC-NCL,Gender-Neutral,22685,27757
"Institute of Engineering and Technology, Dr. H. S. Gour University. Sagar (A Central University)","Aeronautical Engineering (4 Years, Bachelor of Technology)",AI,SC,Gender-Neutral,5347,9978
"Institute of Engineering and Technology, Dr. H. S. Gour University. Sagar (A Central University)","Aeronautical Engineering (4 Years, Bachelor of Technology)",AI,ST,Gender-Neutral,1212,5909
"Institute of Engineering and Technology, Dr. H. S. Gour University. Sagar (A Central University)","Computer Science and Engineering (4 Years, Bachelor of Technology)",AI,OPEN,Gender-Neutral,38015,61897
"Institute of Engineering and Technology, Dr. H. S. Gour University. Sagar (A Central University)","Computer Science and Engineering (4 Years, Bachelor of Technology)",AI,EWS,Gender-Neutral,10203,10932
"Institute of Engineering and Technology, Dr. H. S. Gour University. Sagar (A Central University)","Computer Science and Engineering (4 Years, Bachelor of Technology)",AI,OBC-NCL,Gender-Neutral,19443,21271
"Institute of Engineering and Technology, Dr. H. S. Gour University. Sagar (A Central University)","Computer Science and Engineering (4 Years, Bachelor of Technology)",AI,SC,Gender-Neutral,9093,12076
"Institute of Engineering and Technology, Dr. H. S. Gour University. Sagar (A Central University)","Computer Science and Engineering (4 Years, Bachelor of Technology)",AI,ST,Gender-Neutral,4845,6089
"Institute of Engineering and Technology, Dr. H. S. Gour University. Sagar (A Central University)","Dairy Engineering (4 Years, Bachelor of Technology)",AI,OPEN,Gender-Neutral,72856,105594
"Institute of Engineering and Technology, Dr. H. S. Gour University. Sagar (A Central University)","Dairy Engineering (4 Years, Bachelor of Technology)",AI,EWS,Gender-Neutral,17514,17722
"Institute of Engineering and Technology, Dr. H. S. Gour University. Sagar (A Central University)","Dairy Engineering (4 Years, Bachelor of Technology)",AI,OBC-NCL,Gender-Neutral,35130,36770
"Institute of Engineering and Technology, Dr. H. S. Gour University. Sagar (A Central University)","Dairy Engineering (4 Years, Bachelor of Technology)",AI,SC,Gender-Neutral,14051,16211
"Institute of Engineering and Technology, Dr. H. S. Gour University. Sagar (A Central University)","Dairy Engineering (4 Years, Bachelor of Technology)",AI,ST,Gender-Neutral,7660,7901
"Institute of Engineering and Technology, Dr. H. S. Gour University. Sagar (A Central University)","Electronics and Communication Engineering (4 Years, Bachelor of Technology)",AI,OPEN,Gender-Neutral,60269,76758
"Institute of Engineering and Technology, Dr. H. S. Gour University. Sagar (A Central University)","Electronics and Communication Engineering (4 Years, Bachelor of Technology)",AI,EWS,Gender-Neutral,12583,13620
"Institute of Engineering and Technology, Dr. H. S. Gour University. Sagar (A Central University)","Electronics and Communication Engineering (4 Years, Bachelor of Technology)",AI,OBC-NCL,Gender-Neutral,23766,28255
"Institute of Engineering and Technology, Dr. H. S. Gour University. Sagar (A Central University)","Electronics and Communication Engineering (4 Years, Bachelor of Technology)",AI,SC,Gender-Neutral,12157,14277
"Institute of Engineering and Technology, Dr. H. S. Gour University. Sagar (A Central University)","Electronics and Communication Engineering (4 Years, Bachelor of Technology)",AI,ST,Gender-Neutral,5701,7150
"Institute of Engineering and Technology, Dr. H. S. Gour University. Sagar (A Central University)","Fashion and Apparel Engineering (4 Years, Bachelor of Technology)",AI,OPEN,Gender-Neutral,84299,102910
"Institute of Engineering and Technology, Dr. H. S. Gour University. Sagar (A Central University)","Fashion and Apparel Engineering (4 Years, Bachelor of Technology)",AI,EWS,Gender-Neutral,17171,17662
"Institute of Engineering and Technology, Dr. H. S. Gour University. Sagar (A Central University)","Fashion and Apparel Engineering (4 Years, Bachelor of Technology)",AI,OBC-NCL,Gender-Neutral,34856,36243
"Institute of Engineering and Technology, Dr. H. S. Gour University. Sagar (A Central University)","Fashion and Apparel Engineering (4 Years, Bachelor of Technology)",AI,SC,Gender-Neutral,14378,16157
"Institute of Engineering and Technology, Dr. H. S. Gour University. Sagar (A Central University)","Fashion and Apparel Engineering (4 Years, Bachelor of Technology)",AI,ST,Gender-Neutral,7141,7781
"Institute of Engineering and Technology, Dr. H. S. Gour University. Sagar (A Central University)","Food Engineering and Technology (4 Years, Bachelor of Technology)",AI,OPEN,Gender-Neutral,78073,106182
"Institute of Engineering and Technology, Dr. H. S. Gour University. Sagar (A Central University)","Food Engineering and Technology (4 Years, Bachelor of Technology)",AI,EWS,Gender-Neutral,17600,17891
"Institute of Engineering and Technology, Dr. H. S. Gour University. Sagar (A Central University)","Food Engineering and Technology (4 Years, Bachelor of Technology)",AI,OBC-NCL,Gender-Neutral,35400,37278
"Institute of Engineering and Technology, Dr. H. S. Gour University. Sagar (A Central University)","Food Engineering and Technology (4 Years, Bachelor of Technology)",AI,SC,Gender-Neutral,14402,16490
"Institute of Engineering and Technology, Dr. H. S. Gour University. Sagar (A Central University)","Food Engineering and Technology (4 Years, Bachelor of Technology)",AI,ST,Gender-Neutral,7945,8029
Central University of Haryana,"Civil Engineering (4 Years, Bachelor of Technology)",AI,OPEN,Gender-Neutral,57665,85215
Central University of Haryana,"Civil Engineering (4 Years, Bachelor of Technology)",AI,EWS,Gender-Neutral,14239,15379
Central University of Haryana,"Civil Engineering (4 Years, Bachelor of Technology)",AI,OBC-NCL,Gender-Neutral,27699,30875
Central University of Haryana,"Civil Engineering (4 Years, Bachelor of Technology)",AI,SC,Gender-Neutral,12098,14625
Central University of Haryana,"Civil Engineering (4 Years, Bachelor of Technology)",AI,ST,Gender-Neutral,2646,5619
Central University of Haryana,"Computer Science and Engineering (4 Years, Bachelor of Technology)",AI,OPEN,Gender-Neutral,40878,54382
Central University of Haryana,"Computer Science and Engineering (4 Years, Bachelor of Technology)",AI,OPEN (PwD),Gender-Neutral,3190,4178
Central University of Haryana,"Computer Science and Engineering (4 Years, Bachelor of Technology)",AI,EWS,Gender-Neutral,8948,9413
Central University of Haryana,"Computer Science and Engineering (4 Years, Bachelor of Technology)",AI,OBC-NCL,Gender-Neutral,19348,20895
Central University of Haryana,"Computer Science and Engineering (4 Years, Bachelor of Technology)",AI,SC,Gender-Neutral,4663,10498
Central University of Haryana,"Computer Science and Engineering (4 Years, Bachelor of Technology)",AI,ST,Gender-Neutral,4448,5557
Central University of Haryana,"Electrical Engineering (4 Years, Bachelor of Technology)",AI,OPEN,Gender-Neutral,55902,71498
Central University of Haryana,"Electrical Engineering (4 Years, Bachelor of Technology)",AI,EWS,Gender-Neutral,12099,13148
Central University of Haryana,"Electrical Engineering (4 Years, Bachelor of Technology)",AI,OBC-NCL,Gender-Neutral,22760,27280
Central University of Haryana,"Electrical Engineering (4 Years, Bachelor of Technology)",AI,SC,Gender-Neutral,6934,12094
Central University of Haryana,"Electrical Engineering (4 Years, Bachelor of Technology)",AI,ST,Gender-Neutral,4495,6549
Central University of Haryana,"Printing and Packaging Technology (4 Years, Bachelor of Technology)",AI,OPEN,Gender-Neutral,71482,91556
Central University of Haryana,"Printing and Packaging Technology (4 Years, Bachelor of Technology)",AI,EWS,Gender-Neutral,15633,15750
Central University of Haryana,"Printing and Packaging Technology (4 Years, Bachelor of Technology)",AI,OBC-NCL,Gender-Neutral,32055,33700
Central University of Haryana,"Printing and Packaging Technology (4 Years, Bachelor of Technology)",AI,SC,Gender-Neutral,13981,14786
Central University of Haryana,"Printing and Packaging Technology (4 Years, Bachelor of Technology)",AI,ST,Gender-Neutral,5687,6912
"Birla Institute of Technology, Deoghar Off-Campus","Computer Science and Engineering (4 Years, Bachelor of Technology)",AI,OPEN,Gender-Neutral,23803,49084
"Birla Institute of Technology, Deoghar Off-Campus","Computer Science and Engineering (4 Years, Bachelor of Technology)",AI,OPEN,Female-only (including Supernumerary),42369,52848
"Birla Institute of Technology, Deoghar Off-Campus","Computer Science and Engineering (4 Years, Bachelor of Technology)",AI,OPEN (PwD),Gender-Neutral,1952,1952
"Birla Institute of Technology, Deoghar Off-Campus","Computer Science and Engineering (4 Years, Bachelor of Technology)",AI,EWS,Gender-Neutral,7943,9130
"Birla Institute of Technology, Deoghar Off-Campus","Computer Science and Engineering (4 Years, Bachelor of Technology)",AI,OBC-NCL,Gender-Neutral,15452,19630
"Birla Institute of Technology, Deoghar Off-Campus","Computer Science and Engineering (4 Years, Bachelor of Technology)",AI,SC,Gender-Neutral,9979,11261
"Birla Institute of Technology, Deoghar Off-Campus","Computer Science and Engineering (4 Years, Bachelor of Technology)",AI,ST,Gender-Neutral,4713,5609
"Birla Institute of Technology, Deoghar Off-Campus","Computer Science and Engineering (4 Years, Bachelor of Technology)",HS,OPEN,Gender-Neutral,56987,94698
"Birla Institute of Technology, Deoghar Off-Campus","Computer Science and Engineering (4 Years, Bachelor of Technology)",HS,OPEN,Female-only (including Supernumerary),61976,93450
"Birla Institute of Technology, Deoghar Off-Campus","Computer Science and Engineering (4 Years, Bachelor of Technology)",HS,EWS,Gender-Neutral,16002,18265
"Birla Institute of Technology, Deoghar Off-Campus","Computer Science and Engineering (4 Years, Bachelor of Technology)",HS,SC,Gender-Neutral,16536,19161
"Birla Institute of Technology, Deoghar Off-Campus","Computer Science and Engineering (4 Years, Bachelor of Technology)",HS,ST,Gender-Neutral,9407,23576
"Birla Institute of Technology, Deoghar Off-Campus","Electrical and Electronics Engineering (4 Years, Bachelor of Technology)",AI,OPEN,Gender-Neutral,49126,56420
"Birla Institute of Technology, Deoghar Off-Campus","Electrical and Electronics Engineering (4 Years, Bachelor of Technology)",AI,OPEN,Female-only (including Supernumerary),54839,59117
"Birla Institute of Technology, Deoghar Off-Campus","Electrical and Electronics Engineering (4 Years, Bachelor of Technology)",AI,OPEN (PwD),Gender-Neutral,2943,2943
"Birla Institute of Technology, Deoghar Off-Campus","Electrical and Electronics Engineering (4 Years, Bachelor of Technology)",AI,EWS,Gender-Neutral,9671,9910
"Birla Institute of Technology, Deoghar Off-Campus","Electrical and Electronics Engineering (4 Years, Bachelor of Technology)",AI,OBC-NCL,Gender-Neutral,20279,21470
"Birla Institute of Technology, Deoghar Off-Campus","Electrical and Electronics Engineering (4 Years, Bachelor of Technology)",AI,SC,Gender-Neutral,10227,11621
"Birla Institute of Technology, Deoghar Off-Campus","Electrical and Electronics Engineering (4 Years, Bachelor of Technology)",AI,ST,Gender-Neutral,5632,5632
"Birla Institute of Technology, Deoghar Off-Campus","Electrical and Electronics Engineering (4 Years, Bachelor of Technology)",HS,OPEN,Gender-Neutral,70579,112616
"Birla Institute of Technology, Deoghar Off-Campus","Electrical and Electronics Engineering (4 Years, Bachelor of Technology)",HS,OPEN,Female-only (including Supernumerary),115171,115171
"Birla Institute of Technology, Deoghar Off-Campus","Electrical and Electronics Engineering (4 Years, Bachelor of Technology)",HS,EWS,Gender-Neutral,22105,22332
"Birla Institute of Technology, Deoghar Off-Campus","Electrical and Electronics Engineering (4 Years, Bachelor of Technology)",HS,SC,Gender-Neutral,26302,26828
"Birla Institute of Technology, Deoghar Off-Campus","Electrical and Electronics Engineering (4 Years, Bachelor of Technology)",HS,ST,Gender-Neutral,20103,30030
"Birla Institute of Technology, Deoghar Off-Campus","Electronics and Communication Engineering (4 Years, Bachelor of Technology)",AI,OPEN,Gender-Neutral,47119,57687
"Birla Institute of Technology, Deoghar Off-Campus","Electronics and Communication Engineering (4 Years, Bachelor of Technology)",AI,OPEN,Female-only (including Supernumerary),51280,62053
"Birla Institute of Technology, Deoghar Off-Campus","Electronics and Communication Engineering (4 Years, Bachelor of Technology)",AI,EWS,Gender-Neutral,9569,10162
"Birla Institute of Technology, Deoghar Off-Campus","Electronics and Communication Engineering (4 Years, Bachelor of Technology)",AI,OBC-NCL,Gender-Neutral,18772,21032
"Birla Institute of Technology, Deoghar Off-Campus","Electronics and Communication Engineering (4 Years, Bachelor of Technology)",AI,SC,Gender-Neutral,10604,12263
"Birla Institute of Technology, Deoghar Off-Campus","Electronics and Communication Engineering (4 Years, Bachelor of Technology)",AI,ST,Gender-Neutral,5001,6447
"Birla Institute of Technology, Deoghar Off-Campus","Electronics and Communication Engineering (4 Years, Bachelor of Technology)",HS,OPEN,Gender-Neutral,96596,114823
"Birla Institute of Technology, Deoghar Off-Campus","Electronics and Communication Engineering (4 Years, Bachelor of Technology)",HS,OPEN,Female-only (including Supernumerary),101967,107488
"Birla Institute of Technology, Deoghar Off-Campus","Electronics and Communication Engineering (4 Years, Bachelor of Technology)",HS,EWS,Gender-Neutral,19155,21708
"Birla Institute of Technology, Deoghar Off-Campus","Electronics and Communication Engineering (4 Years, Bachelor of Technology)",HS,SC,Gender-Neutral,13729,27318
"Birla Institute of Technology, Deoghar Off-Campus","Electronics and Communication Engineering (4 Years, Bachelor of Technology)",HS,ST,Gender-Neutral,16593,36343
"Birla Institute of Technology, Deoghar Off-Campus","Mechanical Engineering (4 Years, Bachelor of Technology)",AI,OPEN,Gender-Neutral,57005,66394
"Birla Institute of Technology, Deoghar Off-Campus","Mechanical Engineering (4 Years, Bachelor of Technology)",AI,OPEN,Female-only (including Supernumerary),55026,68585
"Birla Institute of Technology, Deoghar Off-Campus","Mechanical Engineering (4 Years, Bachelor of Technology)",AI,EWS,Gender-Neutral,11871,12083
"Birla Institute of Technology, Deoghar Off-Campus","Mechanical Engineering (4 Years, Bachelor of Technology)",AI,OBC-NCL,Gender-Neutral,21952,22422
"Birla Institute of Technology, Deoghar Off-Campus","Mechanical Engineering (4 Years, Bachelor of Technology)",AI,SC,Gender-Neutral,11929,13453
"Birla Institute of Technology, Deoghar Off-Campus","Mechanical Engineering (4 Years, Bachelor of Technology)",AI,ST,Gender-Neutral,6290,6290
"Birla Institute of Technology, Deoghar Off-Campus","Mechanical Engineering (4 Years, Bachelor of Technology)",HS,OPEN,Gender-Neutral,87367,117358
"Birla Institute of Technology, Deoghar Off-Campus","Mechanical Engineering (4 Years, Bachelor of Technology)",HS,OPEN,Female-only (including Supernumerary),118536,118536
"Birla Institute of Technology, Deoghar Off-Campus","Mechanical Engineering (4 Years, Bachelor of Technology)",HS,EWS,Gender-Neutral,22391,23135
"Birla Institute of Technology, Deoghar Off-Campus","Mechanical Engineering (4 Years, Bachelor of Technology)",HS,SC,Gender-Neutral,27215,27848
"Birla Institute of Technology, Deoghar Off-Campus","Mechanical Engineering (4 Years, Bachelor of Technology)",HS,ST,Gender-Neutral,14926,44305
"Birla Institute of Technology, Patna Off-Campus","Artificial Intelligence and Machine Learning (4 Years, Bachelor of Technology)",AI,OPEN,Gender-Neutral,37757,46261
"Birla Institute of Technology, Patna Off-Campus","Artificial Intelligence and Machine Learning (4 Years, Bachelor of Technology)",AI,OPEN,Female-only (including Supernumerary),42581,46183
"Birla Institute of Technology, Patna Off-Campus","Artificial Intelligence and Machine Learning (4 Years, Bachelor of Technology)",AI,OPEN (PwD),Gender-Neutral,1648,1648
"Birla Institute of Technology, Patna Off-Campus","Artificial Intelligence and Machine Learning (4 Years, Bachelor of Technology)",AI,EWS,Gender-Neutral,8047,9055
"Birla Institute of Technology, Patna Off-Campus","Artificial Intelligence and Machine Learning (4 Years, Bachelor of Technology)",AI,OBC-NCL,Gender-Neutral,17848,19685
"Birla Institute of Technology, Patna Off-Campus","Artificial Intelligence and Machine Learning (4 Years, Bachelor of Technology)",AI,SC,Gender-Neutral,9006,11005
"Birla Institute of Technology, Patna Off-Campus","Artificial Intelligence and Machine Learning (4 Years, Bachelor of Technology)",AI,ST,Gender-Neutral,5366,5448
"Birla Institute of Technology, Patna Off-Campus","Artificial Intelligence and Machine Learning (4 Years, Bachelor of Technology)",HS,OPEN,Gender-Neutral,52299,69875
"Birla Institute of Technology, Patna Off-Campus","Artificial Intelligence and Machine Learning (4 Years, Bachelor of Technology)",HS,OPEN,Female-only (including Supernumerary),67662,80565
"Birla Institute of Technology, Patna Off-Campus","Artificial Intelligence and Machine Learning (4 Years, Bachelor of Technology)",HS,EWS,Gender-Neutral,11863,13203
"Birla Institute of Technology, Patna Off-Campus","Artificial Intelligence and Machine Learning (4 Years, Bachelor of Technology)",HS,SC,Gender-Neutral,13786,17330
"Birla Institute of Technology, Patna Off-Campus","Artificial Intelligence and Machine Learning (4 Years, Bachelor of Technology)",HS,ST,Gender-Neutral,8801,8801
"Birla Institute of Technology, Patna Off-Campus","Civil Engineering (4 Years, Bachelor of Technology)",AI,OPEN,Gender-Neutral,47109,71966
"Birla Institute of Technology, Patna Off-Campus","Civil Engineering (4 Years, Bachelor of Technology)",AI,OPEN,Female-only (including Supernumerary),60046,72189
"Birla Institute of Technology, Patna Off-Campus","Civil Engineering (4 Years, Bachelor of Technology)",AI,EWS,Gender-Neutral,12112,12239
"Birla Institute of Technology, Patna Off-Campus","Civil Engineering (4 Years, Bachelor of Technology)",AI,OBC-NCL,Gender-Neutral,23525,25750
"Birla Institute of Technology, Patna Off-Campus","Civil Engineering (4 Years, Bachelor of Technology)",AI,SC,Gender-Neutral,8047,12717
"Birla Institute of Technology, Patna Off-Campus","Civil Engineering (4 Years, Bachelor of Technology)",AI,ST,Gender-Neutral,4617,5253
"Birla Institute of Technology, Patna Off-Campus","Civil Engineering (4 Years, Bachelor of Technology)",HS,OPEN,Gender-Neutral,93990,104872
"Birla Institute of Technology, Patna Off-Campus","Civil Engineering (4 Years, Bachelor of Technology)",HS,OPEN,Female-only (including Supernumerary),89801,105259
"Birla Institute of Technology, Patna Off-Campus","Civil Engineering (4 Years, Bachelor of Technology)",HS,EWS,Gender-Neutral,17471,17526
"Birla Institute of Technology, Patna Off-Campus","Civil Engineering (4 Years, Bachelor of Technology)",HS,SC,Gender-Neutral,13872,19423
"Birla Institute of Technology, Patna Off-Campus","Civil Engineering (4 Years, Bachelor of Technology)",HS,ST,Gender-Neutral,10783,10783
"Birla Institute of Technology, Patna Off-Campus","Computer Science and Engineering (4 Years, Bachelor of Technology)",AI,OPEN,Gender-Neutral,28630,44032
"Birla Institute of Technology, Patna Off-Campus","Computer Science and Engineering (4 Years, Bachelor of Technology)",AI,OPEN,Female-only (including Supernumerary),43140,45659
"Birla Institute of Technology, Patna Off-Campus","Computer Science and Engineering (4 Years, Bachelor of Technology)",AI,OPEN (PwD),Gender-Neutral,2839,2839
"Birla Institute of Technology, Patna Off-Campus","Computer Science and Engineering (4 Years, Bachelor of Technology)",AI,EWS,Gender-Neutral,7319,7951
"Birla Institute of Technology, Patna Off-Campus","Computer Science and Engineering (4 Years, Bachelor of Technology)",AI,OBC-NCL,Gender-Neutral,14084,18060
"Birla Institute of Technology, Patna Off-Campus","Computer Science and Engineering (4 Years, Bachelor of Technology)",AI,OBC-NCL (PwD),Gender-Neutral,1474,1474
"Birla Institute of Technology, Patna Off-Campus","Computer Science and Engineering (4 Years, Bachelor of Technology)",AI,SC,Gender-Neutral,9010,10744
"Birla Institute of Technology, Patna Off-Campus","Computer Science and Engineering (4 Years, Bachelor of Technology)",AI,ST,Gender-Neutral,5008,5201
"Birla Institute of Technology, Patna Off-Campus","Computer Science and Engineering (4 Years, Bachelor of Technology)",HS,OPEN,Gender-Neutral,45737,60303
"Birla Institute of Technology, Patna Off-Campus","Computer Science and Engineering (4 Years, Bachelor of Technology)",HS,OPEN,Female-only (including Supernumerary),63823,71142
"Birla Institute of Technology, Patna Off-Campus","Computer Science and Engineering (4 Years, Bachelor of Technology)",HS,EWS,Gender-Neutral,9808,10605
"Birla Institute of Technology, Patna Off-Campus","Computer Science and Engineering (4 Years, Bachelor of Technology)",HS,SC,Gender-Neutral,12187,13561
"Birla Institute of Technology, Patna Off-Campus","Computer Science and Engineering (4 Years, Bachelor of Technology)",HS,ST,Gender-Neutral,7165,7165
"Birla Institute of Technology, Patna Off-Campus","Electrical and Electronics Engineering (4 Years, Bachelor of Technology)",AI,OPEN,Gender-Neutral,36135,59790
"Birla Institute of Technology, Patna Off-Campus","Electrical and Electronics Engineering (4 Years, Bachelor of Technology)",AI,OPEN,Female-only (including Supernumerary),48029,60252
"Birla Institute of Technology, Patna Off-Campus","Electrical and Electronics Engineering (4 Years, Bachelor of Technology)",AI,EWS,Gender-Neutral,9811,10740
"Birla Institute of Technology, Patna Off-Campus","Electrical and Electronics Engineering (4 Years, Bachelor of Technology)",AI,OBC-NCL,Gender-Neutral,20509,21624
"Birla Institute of Technology, Patna Off-Campus","Electrical and Electronics Engineering (4 Years, Bachelor of Technology)",AI,SC,Gender-Neutral,11714,12900
"Birla Institute of Technology, Patna Off-Campus","Electrical and Electronics Engineering (4 Years, Bachelor of Technology)",AI,ST,Gender-Neutral,5864,6107
"Birla Institute of Technology, Patna Off-Campus","Electrical and Electronics Engineering (4 Years, Bachelor of Technology)",HS,OPEN,Gender-Neutral,63936,89963
"Birla Institute of Technology, Patna Off-Campus","Electrical and Electronics Engineering (4 Years, Bachelor of Technology)",HS,OPEN,Female-only (including Supernumerary),86322,91840
"Birla Institute of Technology, Patna Off-Campus","Electrical and Electronics Engineering (4 Years, Bachelor of Technology)",HS,EWS,Gender-Neutral,15160,15530
"Birla Institute of Technology, Patna Off-Campus","Electrical and Electronics Engineering (4 Years, Bachelor of Technology)",HS,SC,Gender-Neutral,14903,20796
"Birla Institute of Technology, Patna Off-Campus","Electrical and Electronics Engineering (4 Years, Bachelor of Technology)",HS,ST,Gender-Neutral,9936,9936
"Birla Institute of Technology, Patna Off-Campus","Electronics and Communication Engineering (4 Years, Bachelor of Technology)",AI,OPEN,Gender-Neutral,38126,54385
"Birla Institute of Technology, Patna Off-Campus","Electronics and Communication Engineering (4 Years, Bachelor of Technology)",AI,OPEN,Female-only (including Supernumerary),48437,53408
"Birla Institute of Technology, Patna Off-Campus","Electronics and Communication Engineering (4 Years, Bachelor of Technology)",AI,EWS,Gender-Neutral,9109,9443
"Birla Institute of Technology, Patna Off-Campus","Electronics and Communication Engineering (4 Years, Bachelor of Technology)",AI,OBC-NCL,Gender-Neutral,18283,20810
"Birla Institute of Technology, Patna Off-Campus","Electronics and Communication Engineering (4 Years, Bachelor of Technology)",AI,SC,Gender-Neutral,11337,11985
"Birla Institute of Technology, Patna Off-Campus","Electronics and Communication Engineering (4 Years, Bachelor of Technology)",AI,ST,Gender-Neutral,5432,5829
"Birla Institute of Technology, Patna Off-Campus","Electronics and Communication Engineering (4 Years, Bachelor of Technology)",HS,OPEN,Gender-Neutral,61684,82737
"Birla Institute of Technology, Patna Off-Campus","Electronics and Communication Engineering (4 Years, Bachelor of Technology)",HS,OPEN,Female-only (including Supernumerary),77418,82259
"Birla Institute of Technology, Patna Off-Campus","Electronics and Communication Engineering (4 Years, Bachelor of Technology)",HS,EWS,Gender-Neutral,13920,14176
"Birla Institute of Technology, Patna Off-Campus","Electronics and Communication Engineering (4 Years, Bachelor of Technology)",HS,SC,Gender-Neutral,13611,18751
"Birla Institute of Technology, Patna Off-Campus","Electronics and Communication Engineering (4 Years, Bachelor of Technology)",HS,ST,Gender-Neutral,8260,8260
"Birla Institute of Technology, Patna Off-Campus","Mechanical Engineering (4 Years, Bachelor of Technology)",AI,OPEN,Gender-Neutral,55880,67210
"Birla Institute of Technology, Patna Off-Campus","Mechanical Engineering (4 Years, Bachelor of Technology)",AI,OPEN,Female-only (including Supernumerary),71220,72407
"Birla Institute of Technology, Patna Off-Campus","Mechanical Engineering (4 Years, Bachelor of Technology)",AI,EWS,Gender-Neutral,11074,11714
"Birla Institute of Technology, Patna Off-Campus","Mechanical Engineering (4 Years, Bachelor of Technology)",AI,OBC-NCL,Gender-Neutral,20989,23327
"Birla Institute of Technology, Patna Off-Campus","Mechanical Engineering (4 Years, Bachelor of Technology)",AI,SC,Gender-Neutral,12204,13574
"Birla Institute of Technology, Patna Off-Campus","Mechanical Engineering (4 Years, Bachelor of Technology)",AI,ST,Gender-Neutral,6065,6379
"Birla Institute of Technology, Patna Off-Campus","Mechanical Engineering (4 Years, Bachelor of Technology)",HS,OPEN,Gender-Neutral,70794,100020
"Birla Institute of Technology, Patna Off-Campus","Mechanical Engineering (4 Years, Bachelor of Technology)",HS,OPEN,Female-only (including Supernumerary),93726,96024
"Birla Institute of Technology, Patna Off-Campus","Mechanical Engineering (4 Years, Bachelor of Technology)",HS,EWS,Gender-Neutral,16662,17255
"Birla Institute of Technology, Patna Off-Campus","Mechanical Engineering (4 Years, Bachelor of Technology)",HS,SC,Gender-Neutral,20076,21792
"Birla Institute of Technology, Patna Off-Campus","Mechanical Engineering (4 Years, Bachelor of Technology)",HS,ST,Gender-Neutral,10369,10369
"Indian Institute of Handloom Technology, Salem","Handloom and Textile Technology (4 Years, Bachelor of Technology)",AI,OPEN,Gender-Neutral,69188,94061
"Indian Institute of Handloom Technology, Salem","Handloom and Textile Technology (4 Years, Bachelor of Technology)",AI,EWS,Gender-Neutral,16186,16709
"Indian Institute of Handloom Technology, Salem","Handloom and Textile Technology (4 Years, Bachelor of Technology)",AI,OBC-NCL,Gender-Neutral,30890,34958
"Indian Institute of Handloom Technology, Salem","Handloom and Textile Technology (4 Years, Bachelor of Technology)",AI,SC,Gender-Neutral,11064,14193
"Indian Institute of Handloom Technology, Salem","Handloom and Textile Technology (4 Years, Bachelor of Technology)",AI,ST,Gender-Neutral,4879,6904
"Gati Shakti Vishwavidyalaya, Vadodara","B.Tech in Artificial Intelligenece and Data Science (Transportation and Logistics) (4 Years, Bachelor of Technology)",AI,OPEN,Gender-Neutral,35522,52365
"Gati Shakti Vishwavidyalaya, Vadodara","B.Tech in Artificial Intelligenece and Data Science (Transportation and Logistics) (4 Years, Bachelor of Technology)",AI,OPEN,Female-only (including Supernumerary),41082,46146
"Gati Shakti Vishwavidyalaya, Vadodara","B.Tech in Artificial Intelligenece and Data Science (Transportation and Logistics) (4 Years, Bachelor of Technology)",AI,EWS,Gender-Neutral,8908,9763
"Gati Shakti Vishwavidyalaya, Vadodara","B.Tech in Artificial Intelligenece and Data Science (Transportation and Logistics) (4 Years, Bachelor of Technology)",AI,EWS,Female-only (including Supernumerary),9982,9982
"Gati Shakti Vishwavidyalaya, Vadodara","B.Tech in Artificial Intelligenece and Data Science (Transportation and Logistics) (4 Years, Bachelor of Technology)",AI,OBC-NCL,Gender-Neutral,16703,21497
"Gati Shakti Vishwavidyalaya, Vadodara","B.Tech in Artificial Intelligenece and Data Science (Transportation and Logistics) (4 Years, Bachelor of Technology)",AI,OBC-NCL,Female-only (including Supernumerary),20627,20973
"Gati Shakti Vishwavidyalaya, Vadodara","B.Tech in Artificial Intelligenece and Data Science (Transportation and Logistics) (4 Years, Bachelor of Technology)",AI,SC,Gender-Neutral,10456,12049
"Gati Shakti Vishwavidyalaya, Vadodara","B.Tech in Artificial Intelligenece and Data Science (Transportation and Logistics) (4 Years, Bachelor of Technology)",AI,SC,Female-only (including Supernumerary),11688,11688
"Gati Shakti Vishwavidyalaya, Vadodara","B.Tech in Artificial Intelligenece and Data Science (Transportation and Logistics) (4 Years, Bachelor of Technology)",AI,ST,Gender-Neutral,3971,5658
"Gati Shakti Vishwavidyalaya, Vadodara","B.Tech in Artificial Intelligenece and Data Science (Transportation and Logistics) (4 Years, Bachelor of Technology)",AI,ST,Female-only (including Supernumerary),5723,5723
"Gati Shakti Vishwavidyalaya, Vadodara","B.Tech in Aviation Engineering (4 Years, Bachelor of Technology)",AI,OPEN,Gender-Neutral,21118,63096
"Gati Shakti Vishwavidyalaya, Vadodara","B.Tech in Aviation Engineering (4 Years, Bachelor of Technology)",AI,OPEN,Female-only (including Supernumerary),49761,58670
"Gati Shakti Vishwavidyalaya, Vadodara","B.Tech in Aviation Engineering (4 Years, Bachelor of Technology)",AI,EWS,Gender-Neutral,11276,12450
"Gati Shakti Vishwavidyalaya, Vadodara","B.Tech in Aviation Engineering (4 Years, Bachelor of Technology)",AI,EWS,Female-only (including Supernumerary),13379,13379
"Gati Shakti Vishwavidyalaya, Vadodara","B.Tech in Aviation Engineering (4 Years, Bachelor of Technology)",AI,OBC-NCL,Gender-Neutral,19676,25743
"Gati Shakti Vishwavidyalaya, Vadodara","B.Tech in Aviation Engineering (4 Years, Bachelor of Technology)",AI,OBC-NCL,Female-only (including Supernumerary),25640,25640
"Gati Shakti Vishwavidyalaya, Vadodara","B.Tech in Aviation Engineering (4 Years, Bachelor of Technology)",AI,SC,Gender-Neutral,12034,12397
"Gati Shakti Vishwavidyalaya, Vadodara","B.Tech in Aviation Engineering (4 Years, Bachelor of Technology)",AI,SC,Female-only (including Supernumerary),9796,9796
"Gati Shakti Vishwavidyalaya, Vadodara","B.Tech in Aviation Engineering (4 Years, Bachelor of Technology)",AI,ST,Gender-Neutral,5584,6478
"Gati Shakti Vishwavidyalaya, Vadodara","B.Tech in Civil Engineering (Rail Engineering) (4 Years, Bachelor of Technology)",AI,OPEN,Gender-Neutral,58777,83617
"Gati Shakti Vishwavidyalaya, Vadodara","B.Tech in Civil Engineering (Rail Engineering) (4 Years, Bachelor of Technology)",AI,OPEN,Female-only (including Supernumerary),71413,81487
"Gati Shakti Vishwavidyalaya, Vadodara","B.Tech in Civil Engineering (Rail Engineering) (4 Years, Bachelor of Technology)",AI,EWS,Gender-Neutral,14086,14666
"Gati Shakti Vishwavidyalaya, Vadodara","B.Tech in Civil Engineering (Rail Engineering) (4 Years, Bachelor of Technology)",AI,EWS,Female-only (including Supernumerary),13768,13768
"Gati Shakti Vishwavidyalaya, Vadodara","B.Tech in Civil Engineering (Rail Engineering) (4 Years, Bachelor of Technology)",AI,OBC-NCL,Gender-Neutral,26534,29633
"Gati Shakti Vishwavidyalaya, Vadodara","B.Tech in Civil Engineering (Rail Engineering) (4 Years, Bachelor of Technology)",AI,OBC-NCL,Female-only (including Supernumerary),27903,28475
"Gati Shakti Vishwavidyalaya, Vadodara","B.Tech in Civil Engineering (Rail Engineering) (4 Years, Bachelor of Technology)",AI,SC,Gender-Neutral,8714,15461
"Gati Shakti Vishwavidyalaya, Vadodara","B.Tech in Civil Engineering (Rail Engineering) (4 Years, Bachelor of Technology)",AI,SC,Female-only (including Supernumerary),13302,13302
"Gati Shakti Vishwavidyalaya, Vadodara","B.Tech in Civil Engineering (Rail Engineering) (4 Years, Bachelor of Technology)",AI,ST,Gender-Neutral,5756,7095
"Gati Shakti Vishwavidyalaya, Vadodara","B.Tech in Civil Engineering (Rail Engineering) (4 Years, Bachelor of Technology)",AI,ST,Female-only (including Supernumerary),4867,4867
"Gati Shakti Vishwavidyalaya, Vadodara","B.Tech in Electrical Engineering ( Rail Engineering) (4 Years, Bachelor of Technology)",AI,OPEN,Gender-Neutral,46856,67669
"Gati Shakti Vishwavidyalaya, Vadodara","B.Tech in Electrical Engineering ( Rail Engineering) (4 Years, Bachelor of Technology)",AI,OPEN,Female-only (including Supernumerary),64097,68995
"Gati Shakti Vishwavidyalaya, Vadodara","B.Tech in Electrical Engineering ( Rail Engineering) (4 Years, Bachelor of Technology)",AI,EWS,Gender-Neutral,11296,13079
"Gati Shakti Vishwavidyalaya, Vadodara","B.Tech in Electrical Engineering ( Rail Engineering) (4 Years, Bachelor of Technology)",AI,EWS,Female-only (including Supernumerary),13005,13005
"Gati Shakti Vishwavidyalaya, Vadodara","B.Tech in Electrical Engineering ( Rail Engineering) (4 Years, Bachelor of Technology)",AI,OBC-NCL,Gender-Neutral,20782,26380
"Gati Shakti Vishwavidyalaya, Vadodara","B.Tech in Electrical Engineering ( Rail Engineering) (4 Years, Bachelor of Technology)",AI,OBC-NCL,Female-only (including Supernumerary),24201,24201
"Gati Shakti Vishwavidyalaya, Vadodara","B.Tech in Electrical Engineering ( Rail Engineering) (4 Years, Bachelor of Technology)",AI,SC,Gender-Neutral,9464,13490
"Gati Shakti Vishwavidyalaya, Vadodara","B.Tech in Electrical Engineering ( Rail Engineering) (4 Years, Bachelor of Technology)",AI,SC,Female-only (including Supernumerary),12882,12882
"Gati Shakti Vishwavidyalaya, Vadodara","B.Tech in Electrical Engineering ( Rail Engineering) (4 Years, Bachelor of Technology)",AI,ST,Gender-Neutral,3754,4829
"Gati Shakti Vishwavidyalaya, Vadodara","B.Tech in Electronics & Communication Engineering (Rail Engineering) (4 Years, Bachelor of Technology)",AI,OPEN,Gender-Neutral,48658,60414
"Gati Shakti Vishwavidyalaya, Vadodara","B.Tech in Electronics & Communication Engineering (Rail Engineering) (4 Years, Bachelor of Technology)",AI,OPEN,Female-only (including Supernumerary),56628,56628
"Gati Shakti Vishwavidyalaya, Vadodara","B.Tech in Electronics & Communication Engineering (Rail Engineering) (4 Years, Bachelor of Technology)",AI,EWS,Gender-Neutral,10012,11652
"Gati Shakti Vishwavidyalaya, Vadodara","B.Tech in Electronics & Communication Engineering (Rail Engineering) (4 Years, Bachelor of Technology)",AI,OBC-NCL,Gender-Neutral,19156,23770
"Gati Shakti Vishwavidyalaya, Vadodara","B.Tech in Electronics & Communication Engineering (Rail Engineering) (4 Years, Bachelor of Technology)",AI,OBC-NCL,Female-only (including Supernumerary),19693,19693
"Gati Shakti Vishwavidyalaya, Vadodara","B.Tech in Electronics & Communication Engineering (Rail Engineering) (4 Years, Bachelor of Technology)",AI,SC,Gender-Neutral,9111,12852
"Gati Shakti Vishwavidyalaya, Vadodara","B.Tech in Electronics & Communication Engineering (Rail Engineering) (4 Years, Bachelor of Technology)",AI,SC,Female-only (including Supernumerary),11712,11712
"Gati Shakti Vishwavidyalaya, Vadodara","B.Tech in Electronics & Communication Engineering (Rail Engineering) (4 Years, Bachelor of Technology)",AI,ST,Gender-Neutral,5819,6158
"Gati Shakti Vishwavidyalaya, Vadodara","B.Tech in Mechanical Engineering ( Rail Engineering) (4 Years, Bachelor of Technology)",AI,OPEN,Gender-Neutral,40082,71188
"Gati Shakti Vishwavidyalaya, Vadodara","B.Tech in Mechanical Engineering ( Rail Engineering) (4 Years, Bachelor of Technology)",AI,OPEN,Female-only (including Supernumerary),59637,60642
"Gati Shakti Vishwavidyalaya, Vadodara","B.Tech in Mechanical Engineering ( Rail Engineering) (4 Years, Bachelor of Technology)",AI,EWS,Gender-Neutral,11746,13343
"Gati Shakti Vishwavidyalaya, Vadodara","B.Tech in Mechanical Engineering ( Rail Engineering) (4 Years, Bachelor of Technology)",AI,EWS,Female-only (including Supernumerary),11742,11742
"Gati Shakti Vishwavidyalaya, Vadodara","B.Tech in Mechanical Engineering ( Rail Engineering) (4 Years, Bachelor of Technology)",AI,OBC-NCL,Gender-Neutral,23138,27528
"Gati Shakti Vishwavidyalaya, Vadodara","B.Tech in Mechanical Engineering ( Rail Engineering) (4 Years, Bachelor of Technology)",AI,OBC-NCL,Female-only (including Supernumerary),22412,22964
"Gati Shakti Vishwavidyalaya, Vadodara","B.Tech in Mechanical Engineering ( Rail Engineering) (4 Years, Bachelor of Technology)",AI,SC,Gender-Neutral,6237,13332
"Gati Shakti Vishwavidyalaya, Vadodara","B.Tech in Mechanical Engineering ( Rail Engineering) (4 Years, Bachelor of Technology)",AI,SC,Female-only (including Supernumerary),13035,13035
"Gati Shakti Vishwavidyalaya, Vadodara","B.Tech in Mechanical Engineering ( Rail Engineering) (4 Years, Bachelor of Technology)",AI,ST,Gender-Neutral,4674,5954
CU Jharkhand,"Integrated B. Tech. - M. Tech in Civil Engineering (5 Years, Integrated B. Tech. and M. Tech.)",AI,OPEN,Gender-Neutral,63781,104869
CU Jharkhand,"Integrated B. Tech. - M. Tech in Civil Engineering (5 Years, Integrated B. Tech. and M. Tech.)",AI,EWS,Gender-Neutral,17374,17729
CU Jharkhand,"Integrated B. Tech. - M. Tech in Civil Engineering (5 Years, Integrated B. Tech. and M. Tech.)",AI,OBC-NCL,Gender-Neutral,34011,36779
CU Jharkhand,"Integrated B. Tech. - M. Tech in Civil Engineering (5 Years, Integrated B. Tech. and M. Tech.)",AI,SC,Gender-Neutral,11599,16616
CU Jharkhand,"Integrated B. Tech. - M. Tech in Civil Engineering (5 Years, Integrated B. Tech. and M. Tech.)",AI,ST,Gender-Neutral,6543,7583
CU Jharkhand,"Integrated B. Tech. - M. Tech in Computer Science & Engineering (5 Years, Integrated B. Tech. and M. Tech.)",AI,OPEN,Gender-Neutral,45526,74180
CU Jharkhand,"Integrated B. Tech. - M. Tech in Computer Science & Engineering (5 Years, Integrated B. Tech. and M. Tech.)",AI,EWS,Gender-Neutral,12423,13666
CU Jharkhand,"Integrated B. Tech. - M. Tech in Computer Science & Engineering (5 Years, Integrated B. Tech. and M. Tech.)",AI,OBC-NCL,Gender-Neutral,25235,28743
CU Jharkhand,"Integrated B. Tech. - M. Tech in Computer Science & Engineering (5 Years, Integrated B. Tech. and M. Tech.)",AI,SC,Gender-Neutral,12158,13422
CU Jharkhand,"Integrated B. Tech. - M. Tech in Computer Science & Engineering (5 Years, Integrated B. Tech. and M. Tech.)",AI,ST,Gender-Neutral,4613,6539
CU Jharkhand,"Integrated B. Tech. - M. Tech in Electrical Engineering (5 Years, Integrated B. Tech. and M. Tech.)",AI,OPEN,Gender-Neutral,76789,90811
CU Jharkhand,"Integrated B. Tech. - M. Tech in Electrical Engineering (5 Years, Integrated B. Tech. and M. Tech.)",AI,OPEN (PwD),Gender-Neutral,2455,2455
CU Jharkhand,"Integrated B. Tech. - M. Tech in Electrical Engineering (5 Years, Integrated B. Tech. and M. Tech.)",AI,EWS,Gender-Neutral,15059,15540
CU Jharkhand,"Integrated B. Tech. - M. Tech in Electrical Engineering (5 Years, Integrated B. Tech. and M. Tech.)",AI,OBC-NCL,Gender-Neutral,29359,34293
CU Jharkhand,"Integrated B. Tech. - M. Tech in Electrical Engineering (5 Years, Integrated B. Tech. and M. Tech.)",AI,SC,Gender-Neutral,13538,15385
CU Jharkhand,"Integrated B. Tech. - M. Tech in Electrical Engineering (5 Years, Integrated B. Tech. and M. Tech.)",AI,ST,Gender-Neutral,6685,7627
CU Jharkhand,"Integrated B. Tech.- M. Tech in Metallurgical & Materials Engineering (5 Years, Integrated B. Tech. and M. Tech.)",AI,OPEN,Gender-Neutral,91148,105570
CU Jharkhand,"Integrated B. Tech.- M. Tech in Metallurgical & Materials Engineering (5 Years, Integrated B. Tech. and M. Tech.)",AI,EWS,Gender-Neutral,17523,17773
CU Jharkhand,"Integrated B. Tech.- M. Tech in Metallurgical & Materials Engineering (5 Years, Integrated B. Tech. and M. Tech.)",AI,OBC-NCL,Gender-Neutral,35102,37033
CU Jharkhand,"Integrated B. Tech.- M. Tech in Metallurgical & Materials Engineering (5 Years, Integrated B. Tech. and M. Tech.)",AI,SC,Gender-Neutral,12726,16455
CU Jharkhand,"Integrated B. Tech.- M. Tech in Metallurgical & Materials Engineering (5 Years, Integrated B. Tech. and M. Tech.)",AI,ST,Gender-Neutral,6278,7932
